query9478 2.65 73% 0 76744 1.00 1.00 7 2 PATH 99 20 1 1 1 1 1 27 1 1 1 64 0 1 1 1 1 1 10 1 1 1 2 0
query15041 3.39 53% 0 74180 1.00 1.00 10 5 HYBRID 15 12 1 1 1 2 1 1 1 1 5 1 0 1 1 1 2 1 1 1 1 2 1 0
query4362 2.99 79% 0 79804 1.00 0.00 20 10 HYBRID 36 33 1 1 1 1 1 3 3 18 6 1 0 1 1 1 1 1 4 3 2 18 1 0
query5201 14.51 98% 0 304808 1.00 0.00 8 3 STAR 19555 1256 1 1 1 18605 942 1 1 1 1 1 0 1 1 1 2 1246 1 1 1 1 1 0
query2972 103.65 30% 0 349388 1.00 0.00 12 7 HYBRID 22102 4968 1 4099 1 1 1 1 1 1 12812 5184 0 1 2 1 1 1 1 1 1 4099 860 0
query14947 2.99 76% 0 77960 1.00 0.00 16 11 HYBRID 31 23 1 1 1 1 1 6 1 9 9 1 0 1 1 1 1 1 5 1 2 9 1 0
query8124 2.39 77% 0 75720 1.00 0.00 10 5 HYBRID 17 17 1 1 1 1 1 2 1 2 6 1 0 1 1 1 1 1 2 1 6 2 1 0
query5866 2.61 80% 0 76880 1.00 0.00 9 4 STAR 78 20 1 1 1 63 1 1 1 7 1 1 0 1 1 1 2 1 1 1 10 1 1 0
query13371 16.98 103% 0 343440 1.00 0.00 11 6 HYBRID 42280 1425 1 1 21136 21136 1 1 1 1 1 1 0 1 1 1415 2 1 1 1 1 1 1 0
query5241 12.64 107% 0 301148 1.00 0.00 8 3 STAR 13384 865 1 1 1 12746 630 1 1 1 1 1 0 1 1 1 2 855 1 1 1 1 1 0
query14489 2.33 74% 0 74488 1.00 0.00 7 2 STAR 12 12 1 1 1 1 2 1 1 1 1 2 0 1 1 1 1 2 1 1 1 1 2 0
query796 2.88 74% 0 76464 1.00 0.00 8 3 STAR 65 18 1 1 1 32 1 1 1 1 1 25 0 1 1 1 2 1 1 1 1 1 8 0
query785 2.85 72% 0 75988 1.00 0.00 8 3 STAR 52 18 1 1 1 30 1 1 1 1 1 14 0 1 1 1 2 1 1 1 1 1 8 0
query2983 102.57 29% 0 347640 1.00 0.00 12 7 HYBRID 22102 4968 1 4099 1 1 1 1 1 1 12812 5184 0 1 2 1 1 1 1 1 1 4099 860 0
query1535 2.36 72% 0 74240 1.00 0.00 8 3 STAR 12 12 1 1 1 1 1 2 1 1 2 1 0 1 1 1 1 1 2 1 1 2 1 0
query14001 10.41 112% 0 300816 1.00 0.00 19 9 HYBRID 3876 1250 1062 1 1 498 1 1 1 279 2031 1 0 2 1 1 1062 1 1 1 141 39 1 0
query859 2.75 73% 0 75988 1.00 0.00 8 3 STAR 52 18 1 1 1 30 1 1 1 1 1 14 0 1 1 1 2 1 1 1 1 1 8 0
