query9478 2.60 74% 0 77048 1.00 1.00 11 2 PATH 99 20 14 1 1 1 1 14 1 1 1 64 0 8 1 1 1 1 3 1 1 1 2 0
query15041 3.04 53% 0 74908 1.00 1.00 14 5 HYBRID 15 12 1 1 1 2 1 1 5 1 1 1 0 1 1 1 2 1 1 2 1 1 1 0
query4362 3.18 79% 0 79808 1.00 0.00 28 10 HYBRID 36 33 2 1 1 1 1 2 3 18 6 1 0 3 1 1 1 1 2 3 2 18 1 0
query5201 18.17 89% 0 302516 1.00 0.00 12 3 STAR 19555 1256 482 1 1 18605 461 1 1 1 1 1 0 625 1 1 2 622 1 1 1 1 1 0
query2972 105.79 29% 0 347264 1.00 0.00 16 7 HYBRID 22102 4968 1 4099 1 1 2626 1 1 1 12812 2559 0 1 2 1 1 433 1 1 1 4099 428 0
query14947 2.02 96% 0 77408 1.00 0.00 20 11 HYBRID 31 23 3 1 1 1 1 4 1 9 9 1 0 3 1 1 1 1 3 1 2 9 1 0
query8124 2.76 70% 0 75740 1.00 0.00 14 5 HYBRID 17 17 2 1 1 1 1 1 1 2 6 1 0 2 1 1 1 1 1 1 6 2 1 0
query5866 2.94 76% 0 76696 1.00 0.00 13 4 STAR 78 20 1 4 1 63 1 1 1 4 1 1 0 1 8 1 2 1 1 1 3 1 1 0
query13371 19.84 93% 0 342044 1.00 0.00 15 6 HYBRID 42280 1425 10568 1 10569 21136 1 1 1 1 1 1 0 708 1 708 2 1 1 1 1 1 1 0
query5241 13.98 95% 0 305552 1.00 0.00 12 3 STAR 13384 865 302 1 1 12746 329 1 1 1 1 1 0 430 1 1 2 426 1 1 1 1 1 0
query14489 1.82 86% 0 74312 1.00 0.00 11 2 STAR 12 12 1 1 1 1 2 1 2 1 1 1 0 1 1 1 1 2 1 2 1 1 1 0
query796 2.73 77% 0 76192 1.00 0.00 12 3 STAR 65 18 1 1 1 32 1 1 16 1 1 10 0 1 1 1 2 1 1 7 1 1 2 0
query785 2.74 76% 0 76352 1.00 0.00 12 3 STAR 52 18 1 1 1 30 1 1 7 1 1 8 0 1 1 1 2 1 1 7 1 1 2 0
query2983 103.45 29% 0 359640 1.00 0.00 16 7 HYBRID 22102 4968 1 4099 1 1 2624 1 1 1 12812 2561 0 1 2 1 1 433 1 1 1 4099 428 0
query1535 2.81 70% 0 74220 1.00 0.00 12 3 STAR 12 12 2 1 1 1 1 1 1 1 2 1 0 2 1 1 1 1 1 1 1 2 1 0
query14001 10.32 111% 0 296820 1.00 0.00 23 9 HYBRID 3876 1250 1062 1 1 498 1 1 1001 279 1031 1 0 2 1 1 1062 1 1 21 141 19 1 0
query859 2.63 75% 0 76076 1.00 0.00 12 3 STAR 52 18 1 1 1 30 1 1 7 1 1 8 0 1 1 1 2 1 1 7 1 1 2 0
