query9478 2.93 73% 0 76940 1.00 1.00 2 2 PATH 99 20 1 1 1 1 1 27 1 1 1 64 0 1 1 1 1 1 10 1 1 1 2 0
query15041 3.34 50% 0 74688 1.00 1.00 5 5 HYBRID 15 12 1 1 1 2 1 1 1 1 5 1 0 1 1 1 2 1 1 1 1 2 1 0
query4362 3.08 76% 0 79952 1.00 0.00 10 10 HYBRID 36 33 1 1 1 1 1 3 3 18 6 1 0 1 1 1 1 1 4 3 2 18 1 0
query5201 16.74 91% 0 311296 1.00 0.00 3 3 STAR 19555 1256 1 1 1 18605 942 1 1 1 1 1 0 1 1 1 2 1246 1 1 1 1 1 0
query2972 105.17 29% 0 347080 1.00 0.00 7 7 HYBRID 22102 4968 1 4099 1 1 1 1 1 1 12812 5184 0 1 2 1 1 1 1 1 1 4099 860 0
query14947 2.66 75% 0 77636 1.00 0.00 11 11 HYBRID 31 23 1 1 1 1 1 6 1 9 9 1 0 1 1 1 1 1 5 1 2 9 1 0
query8124 2.38 76% 0 75792 1.00 0.00 5 5 HYBRID 17 17 1 1 1 1 1 2 1 2 6 1 0 1 1 1 1 1 2 1 6 2 1 0
query5866 3.06 72% 0 77160 1.00 0.00 4 4 STAR 78 20 1 1 1 63 1 1 1 7 1 1 0 1 1 1 2 1 1 1 10 1 1 0
query13371 17.62 108% 0 348012 1.00 0.00 6 6 HYBRID 42280 1425 1 1 21136 21136 1 1 1 1 1 1 0 1 1 1415 2 1 1 1 1 1 1 0
query5241 12.70 101% 0 299800 1.00 0.00 3 3 STAR 13384 865 1 1 1 12746 630 1 1 1 1 1 0 1 1 1 2 855 1 1 1 1 1 0
query14489 2.43 70% 0 74524 1.00 0.00 2 2 STAR 12 12 1 1 1 1 2 1 1 1 1 2 0 1 1 1 1 2 1 1 1 1 2 0
query796 2.02 91% 0 76084 1.00 0.00 3 3 STAR 65 18 1 1 1 32 1 1 1 1 1 25 0 1 1 1 2 1 1 1 1 1 8 0
query785 2.57 72% 0 75560 1.00 0.00 3 3 STAR 52 18 1 1 1 30 1 1 1 1 1 14 0 1 1 1 2 1 1 1 1 1 8 0
query2983 104.76 29% 0 356096 1.00 0.00 7 7 HYBRID 22102 4968 1 4099 1 1 1 1 1 1 12812 5184 0 1 2 1 1 1 1 1 1 4099 860 0
query1535 2.48 67% 0 74132 1.00 0.00 3 3 STAR 12 12 1 1 1 1 1 2 1 1 2 1 0 1 1 1 1 1 2 1 1 2 1 0
query14001 11.51 111% 0 296644 1.00 0.00 9 9 HYBRID 3876 1250 1062 1 1 498 1 1 1 279 2031 1 0 2 1 1 1062 1 1 1 141 39 1 0
query859 2.82 72% 0 75936 1.00 0.00 3 3 STAR 52 18 1 1 1 30 1 1 1 1 1 14 0 1 1 1 2 1 1 1 1 1 8 0
