query9478 2.91 75% 0 76756 1.00 1.00 11 2 PATH 99 20 14 1 1 1 1 14 1 1 1 64 0 8 1 1 1 1 3 1 1 1 2 0
query15041 3.02 53% 0 74228 1.00 1.00 14 5 HYBRID 15 12 1 1 1 2 1 1 5 1 1 1 0 1 1 1 2 1 1 2 1 1 1 0
query4362 3.12 77% 0 80152 1.00 0.00 28 10 HYBRID 36 33 2 1 1 1 1 2 3 18 6 1 0 3 1 1 1 1 2 3 2 18 1 0
query5201 17.72 89% 0 305308 1.00 0.00 12 3 STAR 19555 1256 482 1 1 18605 461 1 1 1 1 1 0 625 1 1 2 622 1 1 1 1 1 0
query2972 104.51 30% 0 349784 1.00 0.00 16 7 HYBRID 22102 4968 1 4099 1 1 2622 1 1 1 12812 2563 0 1 2 1 1 433 1 1 1 4099 428 0
query14947 2.67 78% 0 77408 1.00 0.00 20 11 HYBRID 31 23 3 1 1 1 1 4 1 9 9 1 0 3 1 1 1 1 3 1 2 9 1 0
query8124 2.79 70% 0 75352 1.00 0.00 14 5 HYBRID 17 17 2 1 1 1 1 1 1 2 6 1 0 2 1 1 1 1 1 1 6 2 1 0
query5866 2.69 78% 0 77216 1.00 0.00 13 4 STAR 78 20 1 4 1 63 1 1 1 4 1 1 0 1 8 1 2 1 1 1 3 1 1 0
query13371 20.07 103% 0 349816 1.00 0.00 15 6 HYBRID 42280 1425 10568 1 10569 21136 1 1 1 1 1 1 0 708 1 708 2 1 1 1 1 1 1 0
query5241 12.90 94% 0 309688 1.00 0.00 12 3 STAR 13384 865 302 1 1 12746 329 1 1 1 1 1 0 430 1 1 2 426 1 1 1 1 1 0
query14489 2.38 72% 0 74496 1.00 0.00 11 2 STAR 12 12 1 1 1 1 2 1 2 1 1 1 0 1 1 1 1 2 1 2 1 1 1 0
query796 2.76 73% 0 75832 1.00 0.00 12 3 STAR 65 18 1 1 1 32 1 1 16 1 1 10 0 1 1 1 2 1 1 7 1 1 2 0
query785 2.39 81% 0 76060 1.00 0.00 12 3 STAR 52 18 1 1 1 30 1 1 7 1 1 8 0 1 1 1 2 1 1 7 1 1 2 0
query2983 105.10 30% 0 351060 1.00 0.00 16 7 HYBRID 22102 4968 1 4099 1 1 2623 1 1 1 12812 2562 0 1 2 1 1 433 1 1 1 4099 428 0
query1535 2.39 72% 0 73444 1.00 0.00 12 3 STAR 12 12 2 1 1 1 1 1 1 1 2 1 0 2 1 1 1 1 1 1 1 2 1 0
query14001 14.15 107% 0 301264 1.00 0.00 27 9 HYBRID 3876 1250 1062 137 1 498 1 1 1001 143 1031 1 0 2 72 1 1062 1 1 21 70 19 1 0
query859 2.66 76% 0 76016 1.00 0.00 12 3 STAR 52 18 1 1 1 30 1 1 7 1 1 8 0 1 1 1 2 1 1 7 1 1 2 0
