query9478 2.79 111% 0 80884 1.00 1.00 4 2 PATH 240 58 53 1 1 1 1 53 1 64 1 64 0 16 3 3 3 3 16 3 4 3 4 0
query15041 5.29 194% 0 220000 1.00 1.00 12 5 HYBRID 3076 604 1 308 1 1112 1 1 443 1 403 805 0 6 208 6 208 6 6 76 6 18 64 0
query4362 17.26 133% 0 340696 1.00 0.00 20 10 HYBRID 17634 2272 961 1921 1025 2353 1 961 3625 2981 2953 853 0 195 144 220 181 11 195 267 355 431 273 0
query5201 44.67 107% 0 410768 1.00 0.00 7 3 STAR 78520 9555 3081 1 1 34732 5969 1 1 1 3765 30968 0 4138 4 4 420 4553 4 4 4 419 5 0
query2972 1053.69 69% 0 685492 1.00 0.00 15 7 HYBRID 2600262 259309 18279 388966 1 376629 10083 12338 882744 1 901138 10083 0 1365 80922 8 80921 1658 9 44877 8 47883 1658 0
query14947 41.90 107% 0 363328 1.00 0.00 22 11 HYBRID 66718 7741 4353 1 5121 6154 1 4353 17620 23070 5934 111 0 750 12 1177 436 12 750 1495 2671 425 13 0
query8124 2.94 149% 0 92120 1.00 0.00 15 5 HYBRID 146 130 17 1 1 27 1 19 14 21 32 13 0 12 6 10 16 6 16 19 18 17 10 0
query5866 4.43 185% 0 205656 1.00 0.00 9 4 STAR 2682 536 1 69 1 1269 1 397 49 69 1 825 0 5 62 5 134 5 119 19 176 5 6 0
query13371 309.77 80% 0 376872 1.00 0.00 12 6 HYBRID 1881570 70640 140174 676309 262825 800608 1 1 1 1 1 1649 0 9356 18701 16596 25944 7 7 7 7 7 8 0
query5241 32.91 127% 0 382348 1.00 0.00 7 3 STAR 53340 6546 2155 1 1 23586 4007 1 1 1 2517 21070 0 2818 4 4 297 3110 4 4 4 296 5 0
query14489 2.48 80% 0 67440 1.00 0.00 4 2 STAR 16 36 1 2 1 1 2 1 3 1 1 3 0 3 4 3 3 4 3 5 3 3 5 0
query796 3.54 201% 0 181388 1.00 0.00 6 3 STAR 2774 402 1 607 1 703 1 1 681 97 1 681 0 4 5 4 100 4 4 89 99 4 89 0
query785 4.52 176% 0 188616 1.00 0.00 6 3 STAR 2994 444 1 663 1 715 1 1 779 53 1 779 0 4 5 4 113 4 4 97 112 4 97 0
query2983 1053.53 69% 0 677584 1.00 0.00 15 7 HYBRID 2600262 259309 18279 388966 1 376629 10083 12338 882744 1 901138 10083 0 1365 80922 8 80921 1658 9 44877 8 47883 1658 0
query1535 2.49 93% 0 68772 1.00 0.00 6 3 STAR 24 50 5 1 1 3 1 5 2 1 4 1 0 6 4 4 6 4 6 5 4 7 4 0
query14001 24.31 149% 0 341572 1.00 0.00 24 9 HYBRID 263596 4589 119217 3057 49 9903 1 119630 1924 1105 1220 7490 0 276 1382 11 704 10 311 563 758 56 518 0
query859 4.55 180% 0 193716 1.00 0.00 6 3 STAR 2994 444 1 663 1 715 1 1 779 53 1 779 0 4 5 4 113 4 4 97 112 4 97 0
