query1 44.50 21% 0 321056 1.00 1.00 31 5 HYBRID 9495 1832 529 1 1 1415 863 1 1 1469 137 1 529 1 1 1 137 73 1 1 216 2 55 1 1 1 529 2150 216 137 216 809 0 7 6 24 436 82 24 6 436 7 6 7 24 6 24 7 279 6 6 24 7 24 6 6 6 7 202 24 25 25 83 0
query2 128.78 20% 0 341996 1.00 1.00 22 3 HYBRID 76197 9718 1 4 1 73 397 436 1 469 1 16381 1 4 2061 16816 1 1 2061 1 6189 1 397 4 1 2061 1 1 6189 73 6189 16381 0 4 5 420 420 420 420 4 420 4 1398 4 421 5 1814 4 4 5 4 420 4 420 5 4 5 4 4 420 420 421 1815 0
query3 61.01 25% 0 342228 1.00 1.00 26 3 HYBRID 13137 4628 529 1 1153 2 325 1 1 2 137 1 529 1153 1 325 137 1 28 1 2220 2 1 1 1 1 529 1 2220 1289 2220 325 0 5 4 141 142 820 141 4 142 5 4 5 141 4 820 5 4 683 4 141 5 141 4 4 4 5 4 141 143 142 820 0
query4 711.05 12% 0 459192 1.00 1.00 29 5 HYBRID 3453435 32924 1 7 4 1136998 1 853 39450 124 855 1 1 4 13153 7 1097674 1 13150 1 6 39448 7 4 1 14002 1 1 1097674 1 4 1 0 6 182 7 10534 6 38 2641 7 39 6 6 182 182 7 7901 6 181 6 7 2640 7 182 6 213 6 6 7901 6 7 6 0
query5 9.02 60% 0 234444 1.00 1.00 22 3 HYBRID 21867 497 1 1 1 9 3 1 7005 4 19 1 19 1 1 7 1 4 7245 1 3 1 259 244 1 7005 1 1 1 19 1 7 0 9 4 4 58 5 4 9 57 9 4 9 4 4 57 4 62 10 4 5 4 10 58 4 10 4 4 4 10 10 57 0
query6 100.84 17% 0 344784 1.00 1.00 18 5 HYBRID 23574 5019 1 3106 1 955 811 901 487 2404 3304 2404 3106 1 145 1 1 1 1 1 1 1 1 1 1 901 1 3592 1 145 1297 1 0 6 520 6 293 108 7 632 191 192 191 520 6 191 6 6 6 6 6 6 6 6 6 6 7 6 1146 6 191 734 6 0
query7 56.18 22% 0 337580 1.00 1.00 11 3 STAR 23631 3380 2401 1 4 4101 1 1 1 1 1 1 1 1 2401 1 5466 1 1 1366 4 1 1 1 1 1 1 1 4101 1 2401 1366 0 5 4 489 281 4 4 4 4 4 4 4 4 5 4 766 4 4 489 489 4 4 4 4 4 4 4 282 4 5 489 0
query9 331.67 17% 0 365760 1.00 1.00 31 6 HYBRID 331917 33648 3646 3484 1 336 1 1 82621 3348 3348 3348 5185 1 336 1 1 16606 82621 1 4321 1 1 4321 12961 82621 12961 3484 1 4656 1702 1 0 2604 578 7 181 7 7 2604 181 2778 181 3175 7 181 7 7 3473 2604 7 708 7 2604 708 876 2604 876 578 7 3480 2604 7 0
query10 125.57 17% 0 355464 1.00 1.00 36 5 HYBRID 38736 7425 3862 7 4 5032 5311 1132 3 403 855 1 1 4 4 4147 124 1 1 1 2562 1 286 4 1 853 1 1 6541 1 7591 1 0 1017 7 182 790 790 213 7 182 39 6 6 182 7 1193 7 6 6 6 182 6 182 7 6 38 6 6 1193 181 791 181 0
query12 304.21 14% 0 352796 1.00 1.00 30 5 HYBRID 73262 23650 1 1621 2 4297 10 1 1 3 2 9503 10 10 4296 10594 1 1621 1 2 8083 1430 2 1 1 2 19 4296 8974 1430 8974 8074 0 6 1625 7 298 870 6 1809 7 1810 1810 870 870 2100 2489 6 1625 6 7 2673 7 7 6 6 7 870 297 870 7 870 1809 0
query14 1800.00 0% 0 1432 0.00 1.00 39 7 HYBRID 743394 96922 1 21 1 147637 1189 1306 147421 1405 1 49141 1 21 8249 50446 1 1 8249 1 18616 147421 1189 22108 22040 8249 1 1 18616 22304 18616 49141 0 8 425 1253 11086 1253 1253 9841 1253 8 4190 8 1670 425 5435 8 8 425 8 1253 9841 1253 12413 11980 426 8 8 1253 13241 1254 5435 0
query17 169.02 17% 0 366100 1.00 1.00 33 5 STAR 61686 13283 1 1 4073 136 1 1 1715 3916 1715 1 8128 2359 1 7 3916 8134 3916 1 4343 1 1 1 8128 7 1 1 4478 2359 4343 1 0 6 6 359 1614 269 269 96 1614 96 6 812 269 6 359 1351 902 1351 6 269 6 269 6 812 97 6 6 1614 269 269 269 0
query18 8.17 48% 0 180420 1.00 1.00 12 2 PATH 783 414 1 1 1 9 3 1 1 4 1 1 1 1 1 7 1 4 241 1 3 1 241 244 1 1 1 1 1 1 1 7 0 3 3 3 57 4 3 3 56 3 3 3 3 3 56 3 56 4 3 4 3 4 57 3 3 3 3 3 3 3 56 0
query19 21.70 34% 0 310824 1.00 1.00 22 4 STAR 4122 1454 1 1 1 251 46 247 251 46 1 1 1 1 262 88 1 1 1 1 912 251 145 1 1 1 1 1 849 4 750 4 0 5 5 59 60 59 83 6 59 5 5 5 59 204 59 5 5 5 5 83 6 234 5 5 5 5 5 235 59 59 60 0
query20 1800.00 0% 0 1432 0.00 1.00 40 6 HYBRID 1712523 165953 1 1821 1 1 4 4 1 4 1 1 1 1821 569035 4 1 1 569035 1 43 1 4 1821 1 568825 1 1 43 1 43 1 0 7 27625 13 26 13 13 7 13 7 7 7 27619 27613 13 7 7 27613 7 13 7 13 27615 7 27601 7 7 13 26 14 13 0
query21 6.81 44% 0 119964 1.00 1.00 17 2 STAR 1197 200 1 7 4 253 1 1 255 124 3 1 1 4 4 7 124 1 1 1 6 253 7 4 1 1 1 1 124 1 4 1 0 3 4 4 35 3 3 36 4 4 3 3 4 4 4 4 3 3 3 4 35 4 4 3 3 3 3 4 3 4 3 0
query27 247.99 16% 0 356264 1.00 1.00 27 4 HYBRID 469488 19188 1 4 1 9491 9814 436 1 468 1 1 138061 4 2061 436 1 1 2061 1 6189 1 396 4 1 2061 138061 138061 6189 73 15607 1 0 5 6 421 1815 1815 421 5 421 5 5 1893 422 6 421 5 5 6 5 2309 5 421 6 1893 6 1893 1893 422 422 1815 421 0
query29 1195.56 10% 0 539784 1.00 1.00 45 5 HYBRID 455241 90838 1 7 85 85483 22 22 3 145 12 5947 1 85 4 31 145222 1 1 59617 437 5947 37 4 1 1 1 1 86037 6031 435 59620 0 6 7 17254 1347 37 37 7 153 122 121 6 38 7 38 18303 6 6 17222 17139 121 153 7 6 121 6 6 1234 152 38 17138 0
query32 25.15 30% 0 301356 1.00 1.00 6 2 PATH 18027 1006 1 1 1 4500 1 1 1 1 1 1 1 1501 1 1501 4500 1 1 1 1 1501 1 1 1 1 1 1 4500 1 1 1 0 3 3 3 307 3 3 3 3 3 3 3 4 3 4 307 3 3 3 3 4 3 3 3 3 3 3 308 3 3 3 0
query33 13.15 40% 0 255796 1.00 1.00 6 2 PATH 32313 460 1 1 1 10170 1 1 1 1 1 593 1 1 1 593 10170 1 1 1 1 1 1 1 1 1 1 1 10170 1 1 593 0 3 3 3 125 3 3 3 3 3 4 3 3 3 4 125 3 3 3 3 3 3 3 3 3 3 3 126 3 3 4 0
query34 5.24 45% 0 100348 1.00 1.00 21 2 STAR 216 138 1 5 2 2 8 2 4 1 5 37 1 5 1 38 1 2 4 4 1 9 11 1 9 1 10 2 10 1 1 37 0 3 4 4 4 4 4 4 3 4 13 3 4 3 14 3 4 4 4 3 4 4 3 4 3 4 4 4 3 3 13 0
query36 32.54 26% 0 329720 1.00 1.00 9 2 PATH 21771 1347 1 4 1 1 1 1 1 1 1 5185 1 4 2061 5185 1 1 2061 1 1 1 1 4 1 2061 1 1 1 1 1 5185 0 3 4 3 3 3 3 3 3 3 420 3 4 4 420 3 3 4 3 3 3 3 4 3 4 3 3 3 3 3 420 0
query37 20.66 38% 0 296112 1.00 1.00 29 5 HYBRID 24582 1342 1 7 7 70 1 130 3 124 3 853 6997 4 133 928 124 1 1 1 204 1 7 4 1 1 6997 6997 124 1 4 853 0 6 7 39 38 6 25 7 7 7 35 181 7 26 68 7 6 6 6 233 6 7 7 181 6 181 181 7 6 7 36 0
query38 444.71 10% 0 403684 1.00 1.00 43 6 HYBRID 286965 21153 1 20698 22 6886 6886 1 15 534 15 82621 1 22 5531 43 534 1 5511 61966 35 1 43 22 61966 5511 20656 1 534 1 6906 1 0 7 1524 39 1114 1114 7 39 39 39 5525 7 142 142 39 39 7 110 4143 39 7 39 143 4143 110 1389 7 40 7 1146 7 0
query40 10.80 42% 0 177072 1.00 1.00 23 4 HYBRID 1575 449 1 7 4 361 1 1 255 124 3 1 1 4 4 7 232 1 1 1 6 253 7 22 19 1 1 1 232 19 4 1 0 5 6 6 45 5 5 38 6 6 5 5 6 6 6 14 5 5 5 6 37 6 61 60 5 5 5 14 60 6 5 0
query45 15.31 37% 0 250040 1.00 1.00 21 3 HYBRID 3657 849 547 1 1 2 127 1 1 47 137 1 943 1 1 496 137 19 4 1 1 2 1 1 1 1 529 1 1 137 415 100 0 26 4 4 5 163 4 4 26 5 4 26 4 4 163 5 25 142 4 4 5 4 4 4 4 5 4 4 5 25 163 0
query46 881.71 7% 0 397728 1.00 1.00 23 7 HYBRID 233193 42371 9601 1 1 10207 37207 1 1 1 1 1 1 13501 9601 13501 13609 3808 1 3403 1 13501 1 1 1 1 1 41014 10207 1 9601 44416 0 494 8 774 693 2713 8 8 8 8 8 8 1453 494 1453 1459 7454 8 774 774 1453 8 8 8 8 8 10159 693 8 494 10925 0
query49 305.04 11% 0 377844 1.00 1.00 12 4 HYBRID 190821 14053 9601 1 1 40499 1 1 1 1 1 1 1 13500 9601 13500 40499 1 1 1 1 13500 1 1 1 1 1 1 40499 1 9601 1 0 491 5 5 2709 5 5 5 5 5 5 5 1449 491 1449 2709 5 5 5 5 1450 5 5 5 5 5 5 2709 5 491 5 0
query51 10.82 45% 0 214312 1.00 1.00 11 2 STAR 5310 546 1 1 429 1 1 1 429 1 429 1 1330 1 1 2 1 2 1 1 4 1 1 1 4 2 1330 1330 1 1 1 1 0 3 3 4 3 3 3 4 3 4 3 93 3 3 4 3 4 3 3 93 3 3 3 93 4 93 93 3 3 3 3 0
query52 33.32 27% 0 330608 1.00 1.00 16 2 PATH 12089 1408 1 1 600 8 16 29 1 23 1 1870 1 600 1 1899 1 1 1 1 1511 1 16 1 1 1 1 1 1511 608 1511 1871 0 3 3 4 4 4 4 3 4 3 438 3 4 3 439 3 3 3 3 4 3 4 3 3 3 3 3 4 4 4 439 0
query53 16.87 29% 0 237188 1.00 1.00 12 4 STAR 3372 733 1 1 1 100 1 1 1 1 1 1 216 1 1 100 1 216 1 100 801 801 1 1 216 1 1 1 801 1 1 1 0 5 5 5 130 5 5 5 5 5 5 28 5 5 130 5 28 5 130 51 51 5 5 29 5 5 5 51 5 5 5 0
query54 810.43 7% 0 376716 1.00 1.00 21 6 HYBRID 437250 37428 10189 27946 1 22972 1 1 1 802 802 802 27946 1 10237 1 1 83836 1 1 1 1 1 1 106759 1 83836 27946 1 49 33112 1 0 695 4596 7 1541 7 7 7 8 8 8 4596 7 696 7 7 5601 7 7 7 7 7 7 7134 7 5601 4596 7 8 2228 7 0
query55 22.71 28% 0 277516 1.00 1.00 23 4 HYBRID 9984 996 1 340 4 334 1 853 3 124 855 1997 1 4 4 2003 124 1 1 1 6 1 7 4 1 853 1 1 124 334 4 1997 0 5 181 6 180 5 37 6 6 38 75 5 6 6 76 6 5 5 5 6 5 6 6 5 37 5 5 6 180 6 76 0
query56 52.63 33% 0 341572 1.00 1.00 16 3 STAR 64182 6128 523 1 1 901 1 1 17182 1 46 1 343 1 1 1 1 3223 17182 1 1 1 46 1 3601 17182 2701 1 1 37 1198 1 0 549 4 4 5 4 4 549 4 549 4 549 4 4 4 4 734 549 4 4 4 549 4 190 549 189 4 4 549 550 4 0
query57 33.75 24% 0 322428 1.00 1.00 21 3 HYBRID 7337 1493 1 1 600 8 16 29 1 23 1 1 253 600 34 30 1 1 1 1 1511 1 49 1 1 1 253 253 1544 608 1511 2 0 4 4 5 5 5 5 4 5 4 4 15 5 439 5 4 4 4 4 16 4 440 4 15 4 15 15 440 5 5 5 0
query64 1800.00 0% 0 1428 0.00 1.00 41 7 HYBRID 696018 117941 1 633 1 1 1 1 1 1 1 712 1 633 230654 712 1 1 230654 1 1 1 1 633 1 230654 1 1 1 1 1 712 0 8 11864 8 8 8 8 8 8 8 15518 8 11864 11864 15535 8 8 11864 8 8 8 8 11864 8 11865 8 8 8 8 8 15535 0
query65 5.28 40% 0 96320 1.00 1.00 6 2 PATH 342 123 1 1 1 79 1 1 1 1 79 1 1 1 1 1 1 27 1 1 1 79 1 1 1 1 1 27 1 1 1 27 0 3 3 3 13 3 3 3 3 13 3 3 3 3 3 3 4 3 3 3 13 3 3 3 3 3 4 3 3 3 4 0
query66 1800.00 0% 0 1432 0.00 1.00 57 7 HYBRID 1253299 188593 10968 1 24949 44 1 1 1 44 5842 52548 10968 24949 1 1 5842 1 1 1 375978 278684 3241 1 1 1 10968 1 44732 27550 44732 331247 0 713 8 15979 3392 2687 2687 11247 3392 11952 11237 713 15979 11248 2687 713 8 8 8 27219 14005 15979 8 8 8 713 8 2687 3394 2687 27219 0
query70 33.03 24% 0 327588 1.00 1.00 16 2 PATH 12089 1408 1 1 600 8 16 29 1 23 1 1870 1 600 1 1899 1 1 1 1 1511 1 16 1 1 1 1 1 1511 608 1511 1871 0 3 3 4 4 4 4 3 4 3 438 3 4 3 439 3 3 3 3 4 3 4 3 3 3 3 3 4 4 4 439 0
query71 121.84 18% 0 349076 1.00 1.00 22 3 HYBRID 76200 9729 1 4 1 73 397 436 1 469 1 16381 1 4 2061 16816 1 1 2061 1 6190 1 397 4 1 2061 1 1 6190 73 6190 16381 0 4 5 421 421 421 421 4 421 4 1398 4 422 5 1815 4 4 5 4 421 4 421 5 4 5 4 4 421 421 421 1815 0
query73 13.75 31% 0 206580 1.00 1.00 12 3 STAR 3909 540 1 1 429 649 1 1 429 1 1077 1 1 1 1 2 1 2 1 1 217 865 1 1 1 2 1 1 217 1 1 1 0 4 4 5 52 4 4 5 4 53 4 4 4 4 5 4 5 4 4 94 142 4 4 4 5 4 4 94 4 4 4 0
query75 428.62 25% 0 345772 1.00 1.00 35 5 HYBRID 96664 30677 1 2188 53 8 1 1 28 15 33 17010 1 46 28 2188 1 2188 1 8 24213 18650 51 1 1 8 1 1 1 5724 1 24213 0 6 2273 1162 297 6 6 2605 297 2896 2896 6 871 2605 2273 6 2273 6 297 3470 1162 1162 6 6 297 6 6 6 298 6 3471 0
query76 20.08 43% 0 249296 1.00 1.00 6 2 STAR 7665 654 1 1 1 1 914 1 1 1 1 1 1633 1 1 1 1 1633 1 1 1 1 1 1 1633 1 1 914 1 1 1 914 0 3 3 3 3 4 3 3 3 3 3 190 3 3 3 3 190 3 3 3 3 3 3 190 3 3 4 3 3 3 4 0
query78 36.68 29% 0 323756 1.00 1.00 19 3 STAR 8300 1567 1 1 600 8 16 29 1 23 1 1 415 600 193 30 193 415 1 1 1511 1 16 1 415 1 1 1 1511 800 1511 2 0 4 4 5 5 5 5 4 5 4 4 47 5 439 5 439 47 4 4 5 4 5 4 47 4 4 4 5 440 5 5 0
query80 45.71 45% 0 337908 1.00 1.00 24 3 HYBRID 123048 5559 529 1 55 20 1 1 1 74 146 37918 2863 1 1 1 137 1 1 19 19 37919 10 1 19 55 2863 2335 1 38054 1 1 0 5 4 478 479 4 4 4 479 479 478 143 4 4 4 5 4 4 478 142 479 478 4 142 478 143 142 4 479 4 4 0
query81 5.87 88% 0 164868 1.00 1.00 11 2 PATH 11847 206 64 1 1 1 100 1 1 100 1 51 3761 1 1 3761 1 64 1 51 1 1 1 1 51 1 1 1 1 1 3761 64 0 17 3 3 3 17 3 3 17 3 4 17 3 3 17 3 17 3 4 3 3 3 3 4 3 3 3 3 3 18 17 0
query83 7.02 60% 0 157656 1.00 1.00 8 2 PATH 6474 255 1 1 1 144 144 1 1 1 1 1 1996 1 1 1 1 1 1 1 16 1 1 1 16 1 1996 1996 1 1 144 1 0 3 3 3 4 4 3 3 3 3 3 35 3 3 3 3 3 3 3 35 3 3 3 36 3 36 35 3 3 4 3 0
query85 22.48 38% 0 303652 1.00 1.00 18 3 STAR 8229 1458 676 1 429 1 1 1 429 1 600 1 2134 1 1 2 172 1460 1 1 1 1 1 1 1459 2 676 1 1 172 1 1 0 94 4 5 94 4 4 5 94 95 4 268 4 4 5 94 179 4 4 4 94 4 4 178 5 94 4 4 94 4 4 0
query87 47.53 46% 0 339296 1.00 1.00 49 4 HYBRID 20556 7707 1 277 58 10 361 10 396 1513 81 3727 1 112 58 223 1513 10 370 4096 84 370 673 58 4096 1 442 1 1954 1 58 1 0 5 390 390 357 357 357 390 38 390 258 5 390 38 390 38 357 357 610 38 357 390 38 610 5 357 357 390 5 38 5 0
query92 6.84 45% 0 120824 1.00 1.00 17 2 STAR 477 200 1 7 4 13 1 1 3 124 3 1 1 4 4 19 124 1 1 13 6 1 7 4 1 1 1 1 124 1 4 1 0 3 4 4 35 3 3 4 4 4 3 3 4 4 36 4 3 3 35 4 3 4 4 3 3 3 3 4 3 4 3 0
query93 12.81 64% 0 326392 1.00 1.00 25 3 HYBRID 97200 919 379 7 4 1 298 1 3 421 3 412 31267 4 4 31273 124 379 1 412 6 1 7 4 412 1 1 1 124 1 31270 379 0 90 5 5 4 90 4 5 91 5 36 90 5 5 91 5 90 4 36 5 4 5 5 36 4 4 4 5 4 92 90 0
query97 10.58 51% 0 158516 1.00 1.00 9 3 STAR 3078 355 1 1 1 251 1 1 251 1 1 674 1 1 1 674 1 1 1 1 1 251 1 94 94 1 1 1 1 94 1 674 0 4 4 4 5 4 4 5 4 4 26 4 4 4 26 4 4 4 4 4 5 4 59 59 4 4 4 4 59 4 27 0
query99 1800.00 0% 0 1432 0.00 1.00 31 6 HYBRID 1588422 161839 1045 1 1 20229 3 1 131491 367678 368095 367678 517 1 20227 1 1 1045 131731 8609 8611 1 9041 241 1 131491 1 1 1 20578 100 1 0 60 7 7 26570 8 7 60 26569 26622 26569 60 7 26569 7 7 60 61 585 586 7 626 8 7 60 7 7 7 26622 60 7 0
query100 450.46 15% 0 363796 1.00 1.00 28 6 HYBRID 138009 25440 3196 3997 1 3172 1 1 21061 802 802 14248 4645 1 2596 1 1 649 21061 1 3124 13447 13447 1 1 21061 1 3997 1 3496 3196 1 0 985 636 7 522 7 7 811 8 812 4419 1440 7 182 7 7 811 811 7 521 4418 5222 7 7 811 7 636 7 1326 985 7 0
