query11704 2.69 67% 0 71032 1.00 1.00 3 3 PATH 12 13 0 1 1 1 1 1 3 1 1 1 1 0 1 2 1 1 1 3 1 1 1 1
query32912 2.60 68% 0 71672 1.00 1.00 4 4 STAR 15 14 0 1 1 3 3 1 1 1 1 2 1 0 1 1 2 3 1 1 1 1 2 1
query31221 2.36 68% 0 70540 1.00 1.00 3 3 STAR 11 11 0 1 1 1 1 1 2 1 1 1 1 0 1 1 1 1 1 2 1 1 1 1
query17662 2.24 72% 0 70080 1.00 1.00 3 3 STAR 11 11 0 1 1 1 1 1 2 1 1 1 1 0 1 1 1 1 1 2 1 1 1 1
query2477 2.75 66% 0 70668 1.00 1.00 2 2 PATH 15 13 0 1 4 1 3 1 1 1 1 1 1 0 1 2 1 3 1 1 1 1 1 1
query24663 2.86 69% 0 70876 1.00 1.00 3 3 STAR 14 13 0 1 1 2 1 1 4 1 1 1 1 0 1 1 2 1 1 3 1 1 1 1
query29790 2.60 65% 0 70592 1.00 1.00 3 3 STAR 11 11 0 1 1 1 2 1 1 1 1 1 1 0 1 1 1 2 1 1 1 1 1 1
query16408 2.53 74% 0 72504 1.00 1.00 3 3 STAR 101 15 0 1 1 19 1 1 1 1 1 74 1 0 1 1 3 1 1 1 1 1 4 1
query26828 2.29 76% 0 71740 1.00 1.00 4 3 STAR 15 15 0 1 1 1 3 1 4 1 1 1 1 0 1 1 1 3 1 4 1 1 1 1
query55056 3.25 78% 0 71984 1.00 1.00 6 5 STAR 20 18 0 1 1 5 5 1 3 1 1 1 1 0 1 1 3 4 1 4 1 1 1 1
query23241 2.73 64% 0 70044 1.00 1.00 3 3 STAR 12 11 0 1 1 1 1 1 3 1 1 1 1 0 1 1 1 1 1 2 1 1 1 1
query36433 2.38 75% 0 72164 1.00 1.00 5 4 STAR 18 17 0 1 2 1 5 4 1 1 1 1 1 0 1 2 1 4 4 1 1 1 1 1
query26635 2.74 66% 0 71548 1.00 1.00 3 3 STAR 11 13 0 1 1 1 1 1 2 1 1 1 1 0 1 1 2 2 1 2 1 1 1 1
query10487 2.82 68% 0 71808 1.00 1.00 2 2 STAR 14 13 0 1 1 3 1 1 1 1 1 3 1 0 1 1 2 1 1 1 1 1 3 1
query46958 2.66 67% 0 71068 1.00 1.00 6 4 STAR 11 14 0 1 1 1 1 2 1 1 1 1 1 0 1 1 1 1 4 2 1 1 1 1
query45604 2.74 67% 0 72764 1.00 1.00 4 4 STAR 18 16 0 1 1 1 1 1 7 1 1 3 1 0 1 1 2 1 1 4 1 1 3 1
query36834 2.55 66% 0 72380 1.00 1.00 5 4 STAR 13 14 0 1 1 3 1 1 2 1 1 1 1 0 1 1 2 1 1 3 1 1 2 1
query31592 2.77 67% 0 71816 1.00 1.00 5 4 STAR 13 15 0 1 1 1 3 2 1 1 1 1 1 0 1 1 1 3 3 1 1 1 2 1
query38752 2.52 66% 0 70536 1.00 1.00 4 4 STAR 11 11 0 1 1 1 1 1 2 1 1 1 1 0 1 1 1 1 1 2 1 1 1 1
query13319 2.33 72% 0 70852 1.00 1.00 3 3 STAR 12 13 0 1 1 1 3 1 1 1 1 1 1 0 1 1 1 3 1 1 1 1 2 1
query34989 2.39 70% 0 72248 1.00 1.00 5 4 STAR 11 14 0 1 1 1 1 1 2 1 1 1 1 0 1 1 1 1 4 2 1 1 1 1
query16441 2.69 66% 0 71540 1.00 1.00 3 3 STAR 12 13 0 1 1 1 1 1 1 1 1 3 1 0 1 1 2 1 1 1 1 1 3 1
query34036 2.45 69% 0 71000 1.00 1.00 5 4 STAR 11 14 0 1 1 1 1 1 1 1 1 2 1 0 1 1 1 1 1 4 1 1 2 1
query16245 2.39 71% 0 71108 1.00 1.00 4 3 STAR 12 13 0 1 1 1 1 2 2 1 1 1 1 0 1 1 1 1 3 2 1 1 1 1
query34151 2.58 69% 0 72512 1.00 1.00 5 4 STAR 16 18 0 1 1 1 1 1 4 1 1 4 1 0 1 1 1 1 1 6 1 1 4 1
query2331 2.68 63% 0 70012 1.00 1.00 2 2 PATH 11 11 0 1 1 1 2 1 1 1 1 1 1 0 1 1 1 2 1 1 1 1 1 1
query14547 1.89 82% 0 71496 1.00 1.00 4 3 STAR 12 13 0 1 1 1 1 1 2 1 1 2 1 0 1 1 1 1 1 3 1 1 2 1
query15965 2.54 66% 0 70728 1.00 1.00 4 3 STAR 11 13 0 1 1 1 1 2 1 1 1 1 1 0 1 1 1 3 2 1 1 1 1 1
query43032 2.74 70% 0 73224 1.00 1.00 5 4 STAR 17 18 0 1 1 1 4 5 1 1 1 1 1 0 1 1 1 4 6 1 1 1 1 1
query33785 2.52 70% 0 72912 1.00 1.00 5 4 STAR 24 19 0 1 1 1 1 1 10 1 1 6 1 0 1 1 1 1 1 6 1 1 5 1
query20840 2.29 74% 0 72064 1.00 1.00 3 3 STAR 15 14 0 1 3 1 1 1 4 1 1 1 1 0 1 2 1 1 1 4 1 1 1 1
query21460 2.79 69% 0 72152 1.00 1.00 4 3 STAR 16 16 0 1 1 1 4 4 1 1 1 1 1 0 1 1 1 4 4 1 1 1 1 1
query43178 2.46 70% 0 71960 1.00 1.00 5 4 STAR 14 16 0 1 1 1 1 3 3 1 1 1 1 0 1 1 2 1 4 3 1 1 1 1
query34740 1.84 87% 0 71844 1.00 1.00 4 4 STAR 14 16 0 1 1 3 3 1 1 1 1 1 1 0 1 1 2 5 1 1 1 1 2 1
query28151 2.36 71% 0 71288 1.00 1.00 3 3 STAR 12 13 0 1 1 3 1 1 1 1 1 1 1 0 1 1 2 1 1 3 1 1 1 1
query53217 2.37 72% 0 72240 1.00 1.00 5 5 STAR 12 15 0 1 1 1 1 1 1 1 1 3 1 0 1 1 1 4 1 1 1 1 3 1
query40862 2.62 70% 0 71732 1.00 1.00 4 4 STAR 16 16 0 1 1 3 1 3 1 1 1 3 1 0 1 1 2 1 4 1 1 1 3 1
query4967 2.85 50% 0 69824 1.00 1.00 2 2 STAR 11 11 0 1 1 1 2 1 1 1 1 1 1 0 1 1 1 2 1 1 1 1 1 1
query9081 2.66 63% 0 69280 1.00 1.00 2 2 STAR 11 11 0 1 1 1 1 1 2 1 1 1 1 0 1 1 1 1 1 2 1 1 1 1
query975 2.34 69% 0 70460 1.00 1.00 2 2 PATH 12 11 0 1 1 1 3 1 1 1 1 1 1 0 1 1 1 2 1 1 1 1 1 1
query29970 2.38 73% 0 71284 1.00 1.00 3 3 STAR 20 15 0 1 1 3 9 1 1 1 1 1 1 0 1 1 2 5 1 1 1 1 1 1
query31734 2.76 67% 0 71484 1.00 1.00 5 4 STAR 18 15 0 1 1 1 5 5 1 1 1 1 1 0 1 1 1 3 3 1 1 1 2 1
query34645 2.82 68% 0 71880 1.00 1.00 4 4 STAR 19 15 0 1 1 3 8 1 1 1 1 1 1 0 1 1 2 4 1 1 1 1 2 1
query26440 2.39 69% 0 71844 1.00 1.00 3 3 STAR 11 13 0 1 1 1 2 1 1 1 1 1 1 0 1 1 1 3 1 1 1 1 2 1
query8251 2.76 65% 0 71384 1.00 1.00 2 2 STAR 12 12 0 1 1 1 2 1 1 1 1 2 1 0 1 1 1 2 1 1 1 1 2 1
query1110 2.82 66% 0 69944 1.00 1.00 2 2 PATH 11 11 0 1 1 1 2 1 1 1 1 1 1 0 1 1 1 2 1 1 1 1 1 1
query54320 2.82 67% 0 73408 1.00 1.00 6 5 STAR 18 18 0 1 1 2 1 1 6 1 1 3 1 0 1 1 2 1 1 7 1 1 2 1
query7180 2.65 63% 0 69860 1.00 1.00 2 2 STAR 11 11 0 1 1 1 2 1 1 1 1 1 1 0 1 1 1 2 1 1 1 1 1 1
query8802 3.18 75% 0 70920 1.00 1.00 2 2 STAR 11 12 0 1 1 1 2 1 1 1 1 1 1 0 1 1 2 2 1 1 1 1 1 1
query39492 2.78 67% 0 72404 1.00 1.00 5 4 STAR 14 16 0 1 1 3 1 2 2 1 1 1 1 0 1 1 2 1 4 3 1 1 1 1
query53507 2.63 73% 0 73500 1.00 1.00 6 5 STAR 99 20 0 1 1 1 1 1 61 1 1 30 1 0 1 1 1 1 1 9 1 1 3 1
query24202 3.67 82% 0 75140 1.00 1.00 3 3 STAR 324 15 0 1 1 1 1 185 1 1 1 131 1 0 1 1 1 1 5 1 1 1 2 1
query17181 2.66 69% 0 72452 1.00 1.00 4 3 STAR 15 16 0 1 1 1 3 1 4 1 1 1 1 0 1 1 1 4 1 4 1 1 1 1
query38358 2.62 70% 0 71652 1.00 1.00 5 4 STAR 14 16 0 1 1 1 2 3 1 1 1 2 1 0 1 1 1 4 2 1 1 1 3 1
query34136 2.67 70% 0 73012 1.00 1.00 5 4 STAR 16 18 0 1 1 1 1 1 4 1 1 4 1 0 1 1 1 1 1 6 1 1 4 1
query52689 2.35 72% 0 71640 1.00 1.00 5 5 STAR 12 15 0 1 1 1 1 2 1 1 1 2 1 0 1 1 1 1 4 1 1 1 3 1
query1314 2.51 67% 0 70920 1.00 1.00 2 2 PATH 14 13 0 1 3 1 1 3 1 1 1 1 1 0 1 3 1 1 2 1 1 1 1 1
query37737 2.43 76% 0 73072 1.00 1.00 5 4 STAR 68 18 0 1 1 1 36 1 24 1 1 1 1 0 1 1 1 4 1 6 1 1 1 1
query9610 2.76 64% 0 70268 1.00 1.00 2 2 STAR 11 11 0 1 1 1 1 2 1 1 1 1 1 0 1 1 1 1 2 1 1 1 1 1
query48897 2.60 70% 0 72740 1.00 1.00 5 4 STAR 16 18 0 1 1 1 4 1 4 1 1 1 1 0 1 1 1 4 1 6 1 1 1 1
query3135 2.76 64% 0 70152 1.00 1.00 2 2 STAR 11 11 0 1 1 1 1 1 2 1 1 1 1 0 1 1 1 1 1 2 1 1 1 1
query1237 2.64 65% 0 71868 1.00 1.00 2 2 PATH 11 12 0 1 2 1 1 1 1 1 1 1 1 0 1 2 1 1 2 1 1 1 1 1
query25455 1.81 82% 0 69604 1.00 1.00 3 3 STAR 11 11 0 1 1 1 1 1 2 1 1 1 1 0 1 1 1 1 1 2 1 1 1 1
query54096 2.77 77% 0 74404 1.00 1.00 5 5 STAR 219 19 0 1 1 27 68 1 1 1 1 117 1 0 1 1 3 5 1 1 1 1 4 1
query4390 1.78 85% 0 71392 1.00 1.00 2 2 STAR 13 12 0 1 1 3 1 2 1 1 1 1 1 0 1 1 2 1 2 1 1 1 1 1
query55987 2.43 77% 0 73464 1.00 1.00 8 6 STAR 32 23 0 1 1 1 15 1 7 1 1 3 1 0 1 1 1 7 1 5 1 1 4 1
query55081 2.63 70% 0 73520 1.00 1.00 6 5 STAR 23 19 0 1 1 7 6 1 3 1 1 1 1 0 1 1 3 4 1 5 1 1 1 1
query33616 2.40 70% 0 72348 1.00 1.00 5 4 STAR 11 14 0 1 1 1 1 1 2 1 1 1 1 0 1 1 1 1 1 4 1 1 2 1
query36806 2.71 66% 0 71240 1.00 1.00 5 4 STAR 11 14 0 1 1 1 1 1 2 1 1 1 1 0 1 1 2 1 3 2 1 1 1 1
query49897 3.16 77% 0 72040 1.00 1.00 4 4 STAR 11 14 0 1 1 1 1 1 1 1 1 2 1 0 1 1 1 1 3 1 1 1 3 1
query24145 2.30 73% 0 71708 1.00 1.00 3 3 STAR 12 13 0 1 1 1 1 2 1 1 1 2 1 0 1 1 1 1 3 1 1 1 2 1
query10482 2.32 71% 0 71272 1.00 1.00 2 2 STAR 11 12 0 1 1 1 1 1 1 1 1 2 1 0 1 1 2 1 1 1 1 1 2 1
query32278 1.84 88% 0 71436 1.00 1.00 4 4 STAR 16 15 0 1 1 1 7 1 1 1 1 1 1 0 1 1 1 5 1 1 1 1 2 1
query50102 2.25 74% 0 71148 1.00 1.00 4 4 STAR 11 14 0 1 1 1 1 2 1 1 1 1 1 0 1 1 1 1 4 1 1 1 2 1
query13722 2.66 63% 0 70184 1.00 1.00 3 3 STAR 12 11 0 1 1 1 3 1 1 1 1 1 1 0 1 1 1 2 1 1 1 1 1 1
query48879 2.63 70% 0 71968 1.00 1.00 5 4 STAR 26 18 0 1 1 1 7 1 11 1 1 1 1 0 1 1 1 4 1 6 1 1 1 1
query20587 1800.00 0% 0 1428 0.00 1.00 4 3 STAR 1505 17 0 1 1 1 1 1 375 1 1 1122 1 0 1 1 1 1 1 5 1 1 4 1
query10669 2.71 64% 0 69996 1.00 1.00 2 2 STAR 11 11 0 1 1 1 2 1 1 1 1 1 1 0 1 1 1 2 1 1 1 1 1 1
query40709 2.45 70% 0 72912 1.00 1.00 4 4 STAR 14 16 0 1 1 3 1 1 3 1 1 1 1 0 1 1 2 1 1 6 1 1 1 1
query16275 2.47 68% 0 71172 1.00 1.00 4 3 STAR 14 14 0 1 1 1 1 3 3 1 1 1 1 0 1 1 1 1 3 3 1 1 1 1
query10453 2.64 65% 0 70420 1.00 1.00 2 2 STAR 11 12 0 1 1 1 1 1 1 1 1 2 1 0 1 1 2 1 1 1 1 1 2 1
query23263 2.59 65% 0 69240 1.00 1.00 3 3 STAR 11 11 0 1 1 1 1 1 2 1 1 1 1 0 1 1 1 1 1 2 1 1 1 1
query42178 2.45 73% 0 72724 1.00 1.00 4 4 STAR 28 17 0 1 1 1 17 1 1 1 1 3 1 0 1 1 1 6 1 1 1 1 3 1
query16415 3.14 73% 0 75208 1.00 1.00 3 3 STAR 276 15 0 1 1 89 1 1 1 1 1 179 1 0 1 1 3 1 1 1 1 1 4 1
query35809 3.18 77% 0 72284 1.00 1.00 5 4 STAR 12 14 0 1 1 1 2 1 1 1 1 2 1 0 1 1 1 3 2 1 1 1 2 1
query13279 1.82 85% 0 70536 1.00 1.00 3 3 STAR 11 13 0 1 1 1 1 1 1 1 1 2 1 0 1 1 1 3 1 1 1 1 2 1
query7526 2.84 70% 0 70504 1.00 1.00 2 2 STAR 16 13 0 1 1 3 5 1 1 1 1 1 1 0 1 1 2 3 1 1 1 1 1 1
query35181 2.29 96% 0 72348 1.00 1.00 5 4 STAR 11 14 0 1 1 2 1 1 1 1 1 1 1 0 1 1 2 3 2 1 1 1 1 1
query16568 2.32 72% 0 71672 1.00 1.00 3 3 STAR 13 13 0 1 1 1 2 1 1 1 1 3 1 0 1 1 1 2 1 1 1 1 3 1
query5921 2.68 67% 0 71672 1.00 1.00 2 2 STAR 20 13 0 1 1 1 5 1 1 1 1 7 1 0 1 1 1 2 1 1 1 1 3 1
query47300 2.41 71% 0 71596 1.00 1.00 4 4 STAR 14 14 0 1 1 1 3 1 1 1 1 3 1 0 1 1 1 3 1 1 1 1 3 1
query52172 2.46 72% 0 72816 1.00 1.00 6 5 STAR 30 18 0 1 1 1 17 5 1 1 1 1 1 0 1 1 1 6 3 1 1 1 2 1
query42974 2.65 70% 0 73356 1.00 1.00 5 4 STAR 16 18 0 1 1 1 3 5 1 1 1 1 1 0 1 1 1 4 6 1 1 1 1 1
query10306 2.75 67% 0 71336 1.00 1.00 2 2 STAR 14 13 0 1 1 3 1 1 1 1 1 3 1 0 1 1 2 1 1 1 1 1 3 1
query2210 2.27 70% 0 69112 1.00 1.00 2 2 PATH 11 11 0 1 1 1 2 1 1 1 1 1 1 0 1 1 1 2 1 1 1 1 1 1
query54612 2.50 71% 0 73124 1.00 1.00 6 5 STAR 21 20 0 1 1 3 5 4 1 1 1 3 1 0 1 1 3 4 4 1 1 1 3 1
query13917 2.59 71% 0 71980 1.00 1.00 4 3 STAR 14 16 0 1 1 1 3 3 1 1 1 1 1 0 1 1 1 4 4 1 1 1 1 1
query46714 2.06 80% 0 72480 1.00 1.00 4 4 STAR 12 14 0 1 1 1 2 1 1 1 1 2 1 0 1 1 1 3 1 1 1 1 3 1
query42794 2.73 70% 0 71984 1.00 1.00 5 4 STAR 21 17 0 1 1 1 6 1 7 1 1 1 1 0 1 1 1 4 1 5 1 1 1 1
query48702 2.33 72% 0 71376 1.00 1.00 5 4 STAR 11 14 0 1 1 1 1 1 2 1 1 1 1 0 1 1 1 3 1 3 1 1 1 1
