query11704 2.95 72% 0 71832 1.00 1.00 6 3 PATH 16 17 0 1 2 1 2 3 3 1 1 1 1 0 1 3 1 2 3 3 1 1 1 1
query32912 2.63 70% 0 72332 1.00 1.00 6 4 STAR 20 17 0 1 1 5 3 1 1 3 1 2 2 0 1 1 3 3 1 1 2 1 2 2
query31221 2.37 73% 0 71336 1.00 1.00 4 3 STAR 16 16 0 1 1 1 1 1 6 1 1 2 1 0 1 1 1 1 1 6 1 1 2 1
query17662 2.39 73% 0 71792 1.00 1.00 4 3 STAR 15 16 0 1 1 1 2 1 5 1 1 1 1 0 1 1 1 2 1 6 1 1 1 1
query2477 2.57 69% 0 72212 1.00 1.00 4 2 PATH 21 15 0 1 4 4 4 1 3 1 1 1 1 0 1 2 2 3 1 2 1 1 1 1
query24663 2.63 72% 0 72716 1.00 1.00 6 3 STAR 23 19 0 1 1 2 5 1 7 2 1 2 1 0 1 1 2 3 1 5 2 1 2 1
query29790 2.78 65% 0 71480 1.00 1.00 4 3 STAR 11 13 0 1 1 1 2 1 1 1 1 1 1 0 1 1 1 4 1 1 1 1 1 1
query16408 3.07 74% 0 74624 1.00 1.00 6 3 STAR 193 20 0 1 1 19 1 1 20 19 1 74 56 0 1 1 3 1 1 3 3 1 4 2
query26828 2.75 70% 0 72056 1.00 1.00 6 3 STAR 19 19 0 1 1 1 4 2 4 1 1 3 1 0 1 1 1 4 2 4 1 1 3 1
query55056 2.75 71% 0 73116 1.00 1.00 8 5 STAR 33 21 0 1 1 7 10 1 4 5 1 2 1 0 1 1 3 5 1 4 2 1 2 1
query23241 2.28 97% 0 71936 1.00 1.00 4 3 STAR 18 16 0 1 1 1 1 3 7 1 1 1 1 0 1 1 1 1 3 5 1 1 1 1
query36433 2.81 69% 0 73216 1.00 1.00 6 4 STAR 25 20 0 1 2 2 8 7 1 1 1 1 1 0 1 2 2 5 5 1 1 1 1 1
query26635 3.01 77% 0 72636 1.00 1.00 6 3 STAR 15 16 0 1 1 3 2 1 2 1 1 2 1 0 1 1 3 3 1 2 1 1 2 1
query10487 2.76 69% 0 71256 1.00 1.00 4 2 STAR 19 16 0 1 1 3 1 1 1 3 1 4 3 0 1 1 2 1 1 1 2 1 3 3
query46958 2.48 72% 0 72808 1.00 1.00 8 4 STAR 15 18 0 1 1 1 2 4 2 1 1 1 1 0 1 1 1 2 6 3 1 1 1 1
query45604 2.31 80% 0 72568 1.00 1.00 8 4 STAR 29 20 0 1 1 1 4 5 7 1 1 4 4 0 1 1 2 2 3 4 1 1 3 2
query36834 2.29 78% 0 72100 1.00 1.00 8 4 STAR 19 18 0 1 1 5 2 1 3 3 1 1 1 0 1 1 3 2 1 4 2 1 2 1
query31592 2.33 73% 0 72516 1.00 1.00 6 4 STAR 13 15 0 1 1 1 3 2 1 1 1 1 1 0 1 1 1 3 3 1 1 1 2 1
query38752 2.25 75% 0 71796 1.00 1.00 6 4 STAR 14 17 0 1 1 1 1 2 3 1 1 2 1 0 1 1 1 1 3 5 1 1 2 1
query13319 2.73 67% 0 71888 1.00 1.00 4 3 STAR 12 13 0 1 1 1 3 1 1 1 1 1 1 0 1 1 1 3 1 1 1 1 2 1
query34989 2.40 75% 0 73192 1.00 1.00 6 4 STAR 19 19 0 1 1 1 1 7 3 1 1 2 1 0 1 1 1 1 7 3 1 1 2 1
query16441 2.43 74% 0 73156 1.00 1.00 6 3 STAR 18 18 0 1 1 3 1 1 3 1 1 4 2 0 1 1 3 1 1 3 1 1 4 2
query34036 2.31 99% 0 73276 1.00 1.00 8 4 STAR 15 18 0 1 1 1 2 2 2 1 1 2 2 0 1 1 1 3 3 3 1 1 2 2
query16245 2.55 73% 0 72896 1.00 1.00 6 3 STAR 17 18 0 1 1 1 3 3 3 1 1 2 1 0 1 1 1 3 4 3 1 1 2 1
query34151 2.44 76% 0 73540 1.00 1.00 8 4 STAR 19 21 0 1 1 1 2 2 4 1 1 4 2 0 1 1 1 3 3 4 1 1 4 2
query2331 1.91 81% 0 71236 1.00 1.00 4 2 PATH 12 13 0 1 1 1 2 2 1 1 1 1 1 0 1 1 1 3 2 1 1 1 1 1
query14547 2.32 75% 0 71656 1.00 1.00 6 3 STAR 15 16 0 1 1 1 1 2 2 1 1 3 2 0 1 1 1 1 2 3 1 1 3 2
query15965 2.80 65% 0 71268 1.00 1.00 4 3 STAR 11 13 0 1 1 1 1 2 1 1 1 1 1 0 1 1 1 3 2 1 1 1 1 1
query43032 2.79 67% 0 73148 1.00 1.00 5 4 STAR 17 18 0 1 1 1 4 5 1 1 1 1 1 0 1 1 1 4 6 1 1 1 1 1
query33785 2.44 81% 0 74588 1.00 1.00 8 4 STAR 40 24 0 1 1 1 4 6 12 1 1 9 4 0 1 1 1 2 3 6 1 1 5 3
query20840 1.79 95% 0 72248 1.00 1.00 6 3 STAR 28 18 0 1 5 3 7 2 6 1 1 1 1 0 1 3 2 3 2 3 1 1 1 1
query21460 1.99 85% 0 72368 1.00 1.00 4 3 STAR 16 16 0 1 1 1 4 4 1 1 1 1 1 0 1 1 1 4 4 1 1 1 1 1
query43178 3.07 78% 0 73076 1.00 1.00 8 4 STAR 17 19 0 1 1 1 2 4 3 1 1 2 1 0 1 1 2 3 4 3 1 1 2 1
query34740 2.45 73% 0 71636 1.00 1.00 6 4 STAR 20 17 0 1 1 3 7 1 1 3 1 1 1 0 1 1 2 5 1 1 2 1 2 1
query28151 2.81 69% 0 71116 1.00 1.00 6 3 STAR 14 14 0 1 1 3 1 1 1 3 1 1 1 0 1 1 2 2 1 2 2 1 1 1
query53217 2.80 67% 0 72704 1.00 1.00 7 5 STAR 14 17 0 1 1 1 1 1 1 1 1 4 2 0 1 1 1 4 1 1 1 1 4 2
query40862 2.55 70% 0 73856 1.00 1.00 6 4 STAR 24 19 0 1 1 3 1 6 1 3 1 4 3 0 1 1 2 1 4 1 2 1 3 3
query4967 2.67 68% 0 72012 1.00 1.00 4 2 STAR 15 15 0 1 1 1 4 2 2 1 1 1 1 0 1 1 1 4 2 2 1 1 1 1
query9081 2.70 68% 0 72212 1.00 1.00 4 2 STAR 16 16 0 1 1 1 3 1 3 1 1 3 1 0 1 1 1 3 1 4 1 1 2 1
query975 2.60 64% 0 69028 1.00 1.00 2 2 PATH 12 11 0 1 1 1 3 1 1 1 1 1 1 0 1 1 1 2 1 1 1 1 1 1
query29970 2.75 69% 0 72324 1.00 1.00 4 3 STAR 30 16 0 1 1 3 17 1 1 3 1 1 1 0 1 1 2 5 1 1 2 1 1 1
query31734 2.33 74% 0 71724 1.00 1.00 6 4 STAR 18 15 0 1 1 1 5 5 1 1 1 1 1 0 1 1 1 3 3 1 1 1 2 1
query34645 2.48 71% 0 72400 1.00 1.00 6 4 STAR 27 16 0 1 1 3 14 1 1 3 1 1 1 0 1 1 2 4 1 1 2 1 2 1
query26440 2.41 73% 0 71660 1.00 1.00 6 3 STAR 14 16 0 1 1 1 3 2 1 1 1 2 1 0 1 1 1 4 2 1 1 1 3 1
query8251 2.72 68% 0 71228 1.00 1.00 4 2 STAR 15 15 0 1 1 1 3 1 2 1 1 2 2 0 1 1 1 3 1 2 1 1 2 2
query1110 2.31 69% 0 69296 1.00 1.00 2 2 PATH 11 11 0 1 1 1 2 1 1 1 1 1 1 0 1 1 1 2 1 1 1 1 1 1
query54320 2.91 70% 0 74208 1.00 1.00 8 5 STAR 35 22 0 1 1 2 1 1 16 2 1 7 3 0 1 1 2 1 1 7 2 1 4 2
query7180 2.72 68% 0 72152 1.00 1.00 4 2 STAR 15 15 0 1 1 1 4 2 2 1 1 1 1 0 1 1 1 4 2 2 1 1 1 1
query8802 2.82 70% 0 71888 1.00 1.00 4 2 STAR 14 14 0 1 1 3 2 2 1 1 1 1 1 0 1 1 3 2 2 1 1 1 1 1
query39492 2.44 73% 0 72704 1.00 1.00 8 4 STAR 20 19 0 1 1 3 1 3 4 3 1 2 1 0 1 1 2 2 3 4 2 1 2 1
query53507 2.83 77% 0 75708 1.00 1.00 8 5 STAR 193 23 0 1 1 1 22 1 103 1 1 41 21 0 1 1 1 3 1 9 1 1 3 2
query24202 3.37 82% 0 83940 1.00 1.00 4 3 STAR 638 16 0 1 1 1 1 369 1 1 1 131 131 0 1 1 1 1 5 1 1 1 2 2
query17181 2.76 71% 0 72920 1.00 1.00 6 3 STAR 17 18 0 1 1 1 3 2 4 1 1 2 1 0 1 1 1 4 2 4 1 1 2 1
query38358 2.60 71% 0 71780 1.00 1.00 6 4 STAR 14 16 0 1 1 1 2 3 1 1 1 2 1 0 1 1 1 4 2 1 1 1 3 1
query34136 2.35 80% 0 73252 1.00 1.00 8 4 STAR 19 21 0 1 1 1 2 2 4 1 1 4 2 0 1 1 1 3 3 4 1 1 4 2
query52689 3.05 75% 0 72152 1.00 1.00 7 5 STAR 12 15 0 1 1 1 1 2 1 1 1 2 1 0 1 1 1 2 3 1 1 1 3 1
query1314 2.28 76% 0 71612 1.00 1.00 4 2 PATH 19 16 0 1 4 3 1 3 3 1 1 1 1 0 1 3 3 1 2 2 1 1 1 1
query37737 2.51 75% 0 72520 1.00 1.00 6 4 STAR 68 19 0 1 1 1 36 1 20 1 1 5 1 0 1 1 1 4 1 6 1 1 2 1
query9610 2.71 67% 0 71860 1.00 1.00 4 2 STAR 13 14 0 1 1 1 2 3 1 1 1 1 1 0 1 1 1 2 4 1 1 1 1 1
query48897 2.76 69% 0 72660 1.00 1.00 6 4 STAR 16 18 0 1 1 1 4 1 4 1 1 1 1 0 1 1 1 4 1 6 1 1 1 1
query3135 1.81 85% 0 70604 1.00 1.00 4 2 STAR 12 13 0 1 1 1 1 1 2 1 1 2 1 0 1 1 1 1 2 2 1 1 2 1
query1237 2.69 67% 0 71988 1.00 1.00 4 2 PATH 13 14 0 1 2 2 1 2 1 1 1 1 1 0 1 2 2 1 3 1 1 1 1 1
query25455 2.91 72% 0 72288 1.00 1.00 4 3 STAR 16 16 0 1 1 1 1 2 6 1 1 1 1 0 1 1 1 1 2 6 1 1 1 1
query54096 3.16 87% 0 82412 1.00 1.00 8 5 STAR 438 24 0 1 1 29 140 1 45 27 1 118 75 0 1 1 3 5 1 3 3 1 4 2
query4390 1.85 87% 0 71216 1.00 1.00 4 2 STAR 18 15 0 1 1 5 1 2 2 3 1 1 1 0 1 1 3 1 2 2 2 1 1 1
query55987 2.55 72% 0 74316 1.00 1.00 9 6 STAR 32 23 0 1 1 1 15 1 7 1 1 3 1 0 1 1 1 7 1 5 1 1 4 1
query55081 2.55 68% 0 73456 1.00 1.00 8 5 STAR 23 20 0 1 1 5 6 1 3 3 1 1 1 0 1 1 3 4 1 5 2 1 1 1
query33616 2.70 70% 0 72636 1.00 1.00 8 4 STAR 18 20 0 1 1 1 2 2 4 1 1 4 1 0 1 1 1 2 3 5 1 1 4 1
query36806 2.73 67% 0 71668 1.00 1.00 8 4 STAR 14 16 0 1 1 3 1 1 2 1 1 2 1 0 1 1 3 2 2 2 1 1 2 1
query49897 2.73 66% 0 72416 1.00 1.00 6 4 STAR 11 14 0 1 1 1 1 1 1 1 1 2 1 0 1 1 1 2 2 1 1 1 3 1
query24145 2.42 71% 0 71348 1.00 1.00 4 3 STAR 14 15 0 1 1 1 1 3 1 1 1 2 2 0 1 1 1 1 4 1 1 1 2 2
query10482 1.83 85% 0 70944 1.00 1.00 4 2 STAR 12 13 0 1 1 1 1 1 1 1 1 2 2 0 1 1 2 1 1 1 1 1 2 2
query32278 2.33 75% 0 72996 1.00 1.00 6 4 STAR 22 16 0 1 1 1 10 4 1 1 1 1 1 0 1 1 1 5 2 1 1 1 2 1
query50102 2.32 72% 0 71100 1.00 1.00 6 4 STAR 11 14 0 1 1 1 1 2 1 1 1 1 1 0 1 1 1 1 4 1 1 1 2 1
query13722 1.85 86% 0 71056 1.00 1.00 4 3 STAR 16 14 0 1 1 1 7 1 1 1 1 1 1 0 1 1 1 5 1 1 1 1 1 1
query48879 2.73 71% 0 73516 1.00 1.00 6 4 STAR 28 20 0 1 1 1 7 1 11 1 1 3 1 0 1 1 1 4 1 6 1 1 3 1
query20587 1800.00 0% 0 1428 0.00 1.00 6 3 STAR 1506 18 0 1 1 1 1 1 2 1 1 749 748 0 1 1 1 2 1 4 1 1 4 2
query10669 2.35 73% 0 71632 1.00 1.00 4 2 STAR 15 15 0 1 1 2 4 1 2 1 1 1 1 0 1 1 2 4 1 2 1 1 1 1
query40709 3.04 78% 0 72944 1.00 1.00 8 4 STAR 20 19 0 1 1 3 1 3 4 3 1 2 1 0 1 1 2 2 3 4 2 1 2 1
query16275 2.42 75% 0 72360 1.00 1.00 6 3 STAR 19 19 0 1 1 1 3 4 4 1 1 2 1 0 1 1 1 3 4 4 1 1 2 1
query10453 2.67 66% 0 70564 1.00 1.00 4 2 STAR 12 13 0 1 1 1 1 1 1 1 1 2 2 0 1 1 2 1 1 1 1 1 2 2
query23263 2.57 68% 0 70868 1.00 1.00 4 3 STAR 12 13 0 1 1 1 1 1 3 1 1 1 1 0 1 1 1 1 2 3 1 1 1 1
query42178 2.37 79% 0 73596 1.00 1.00 6 4 STAR 30 21 0 1 1 1 15 4 1 1 1 2 3 0 1 1 1 6 3 1 1 1 3 3
query16415 3.18 89% 0 84756 1.00 1.00 6 3 STAR 546 19 0 1 1 91 1 1 91 89 1 180 90 0 1 1 3 1 1 3 2 1 4 2
query35809 3.19 79% 0 73184 1.00 1.00 6 4 STAR 15 17 0 1 1 1 3 2 1 1 1 2 2 0 1 1 1 4 3 1 1 1 2 2
query13279 2.38 73% 0 71540 1.00 1.00 6 3 STAR 13 15 0 1 1 1 2 1 1 1 1 2 2 0 1 1 1 4 1 1 1 1 2 2
query7526 2.60 71% 0 71284 1.00 1.00 4 2 STAR 24 16 0 1 1 3 7 1 5 3 1 1 1 0 1 1 2 3 1 3 2 1 1 1
query35181 1.87 90% 0 72784 1.00 1.00 6 4 STAR 17 18 0 1 1 2 5 2 1 2 1 1 1 0 1 1 2 5 3 1 2 1 1 1
query16568 2.77 71% 0 72308 1.00 1.00 6 3 STAR 19 19 0 1 1 1 2 2 3 1 1 5 2 0 1 1 1 2 2 3 1 1 5 2
query5921 2.48 71% 0 71416 1.00 1.00 4 2 STAR 32 16 0 1 1 1 5 1 5 1 1 9 7 0 1 1 1 2 1 2 1 1 3 3
query47300 2.74 70% 0 72964 1.00 1.00 6 4 STAR 18 18 0 1 1 1 4 2 1 1 1 4 2 0 1 1 1 4 2 1 1 1 4 2
query52172 2.42 75% 0 72544 1.00 1.00 7 5 STAR 30 18 0 1 1 1 17 5 1 1 1 1 1 0 1 1 1 6 3 1 1 1 2 1
query42974 2.03 87% 0 72976 1.00 1.00 5 4 STAR 16 18 0 1 1 1 3 5 1 1 1 1 1 0 1 1 1 4 6 1 1 1 1 1
query10306 2.58 71% 0 72000 1.00 1.00 4 2 STAR 19 16 0 1 1 3 1 1 1 3 1 4 3 0 1 1 2 1 1 1 2 1 3 3
query2210 2.89 72% 0 71108 1.00 1.00 4 2 PATH 15 15 0 1 1 1 4 2 2 1 1 1 1 0 1 1 1 4 2 2 1 1 1 1
query54612 2.53 71% 0 73436 1.00 1.00 8 5 STAR 21 21 0 1 1 3 5 4 1 1 1 2 2 0 1 1 3 4 4 1 1 1 3 2
query13917 2.32 75% 0 71580 1.00 1.00 4 3 STAR 14 16 0 1 1 1 3 3 1 1 1 1 1 0 1 1 1 4 4 1 1 1 1 1
query46714 2.36 71% 0 72008 1.00 1.00 6 4 STAR 12 14 0 1 1 1 2 1 1 1 1 2 1 0 1 1 1 3 1 1 1 1 3 1
query42794 2.59 72% 0 72120 1.00 1.00 6 4 STAR 21 18 0 1 1 1 6 1 6 1 1 2 1 0 1 1 1 4 1 5 1 1 2 1
query48702 2.71 66% 0 71196 1.00 1.00 6 4 STAR 11 14 0 1 1 1 1 1 2 1 1 1 1 0 1 1 1 3 1 3 1 1 1 1
