query11704 2.64 66% 0 71476 1.00 1.00 12 3 PATH 12 12 1 1 1 1 2 1 1 2 1 1 0 1 1 1 1 2 1 1 2 1 1 0
query32912 3.57 47% 0 71652 1.00 1.00 22 4 STAR 14 13 1 2 1 1 1 1 2 3 1 1 0 1 2 1 1 1 1 2 2 1 1 0
query31221 2.80 66% 0 70212 1.00 1.00 3 3 STAR 11 11 1 1 1 1 2 1 1 1 1 1 0 1 1 1 1 2 1 1 1 1 1 0
query17662 2.40 66% 0 70008 1.00 1.00 3 3 STAR 11 11 1 1 1 1 2 1 1 1 1 1 0 1 1 1 1 2 1 1 1 1 1 0
query2477 2.74 67% 0 71704 1.00 1.00 11 2 PATH 16 13 1 1 1 1 1 1 4 1 4 1 0 1 1 1 1 1 1 3 1 2 1 0
query24663 1.88 83% 0 71080 1.00 1.00 3 3 STAR 13 12 1 1 1 1 3 1 1 2 1 1 0 1 1 1 1 2 1 1 2 1 1 0
query29790 2.53 64% 0 70276 1.00 1.00 3 3 STAR 11 11 1 1 1 1 1 1 2 1 1 1 0 1 1 1 1 1 1 2 1 1 1 0
query16408 2.91 72% 0 73884 1.00 1.00 12 3 STAR 83 19 1 56 1 13 1 1 1 7 1 1 0 1 2 1 7 1 1 1 3 1 1 0
query26828 2.56 66% 0 71532 1.00 1.00 12 3 STAR 12 12 1 2 1 1 1 1 2 1 1 1 0 1 2 1 1 1 1 2 1 1 1 0
query55056 2.50 68% 0 71052 1.00 1.00 14 5 STAR 20 14 1 1 1 1 2 1 4 7 1 1 0 1 1 1 1 2 1 2 3 1 1 0
query23241 1.91 81% 0 70804 1.00 1.00 3 3 STAR 12 11 1 1 1 1 3 1 1 1 1 1 0 1 1 1 1 2 1 1 1 1 1 0
query36433 2.88 71% 0 71344 1.00 1.00 22 4 STAR 16 15 1 1 1 1 1 3 3 1 3 1 0 1 1 1 1 1 3 2 1 3 1 0
query26635 2.48 67% 0 71644 1.00 1.00 21 3 STAR 14 13 1 1 1 1 2 1 2 3 1 1 0 1 1 1 1 2 1 2 2 1 1 0
query10487 2.74 66% 0 70612 1.00 1.00 11 2 STAR 14 13 1 3 1 1 1 1 1 3 1 1 0 1 3 1 1 1 1 1 2 1 1 0
query46958 2.53 66% 0 71528 1.00 1.00 13 4 STAR 12 12 1 1 1 1 2 2 1 1 1 1 0 1 1 1 1 2 2 1 1 1 1 0
query45604 2.69 69% 0 72832 1.00 1.00 22 4 STAR 25 16 3 5 1 1 4 1 1 7 1 1 0 2 3 1 1 2 1 1 3 1 1 0
query36834 2.51 65% 0 71556 1.00 1.00 22 4 STAR 14 13 1 2 1 1 2 1 1 3 1 1 0 1 2 1 1 2 1 1 2 1 1 0
query31592 2.46 68% 0 72096 1.00 1.00 22 4 STAR 13 13 1 2 1 1 2 1 2 1 1 1 0 1 2 1 1 2 1 2 1 1 1 0
query38752 2.64 65% 0 69360 1.00 1.00 4 4 STAR 11 11 1 1 1 1 2 1 1 1 1 1 0 1 1 1 1 2 1 1 1 1 1 0
query13319 3.18 76% 0 70476 1.00 1.00 12 3 STAR 12 12 2 1 1 1 1 1 2 1 1 1 0 2 1 1 1 1 1 2 1 1 1 0
query34989 2.34 70% 0 70460 1.00 1.00 4 4 STAR 11 12 1 1 1 1 2 1 1 1 1 1 0 1 1 1 1 2 2 1 1 1 1 0
query16441 1.83 83% 0 70192 1.00 1.00 12 3 STAR 13 12 1 2 1 1 1 1 1 3 1 1 0 1 2 1 1 1 1 1 2 1 1 0
query34036 3.21 74% 0 70488 1.00 1.00 13 4 STAR 11 12 2 1 1 1 1 1 1 1 1 1 0 2 1 1 1 2 1 1 1 1 1 0
query16245 2.68 64% 0 71360 1.00 1.00 3 3 STAR 12 12 1 1 1 1 2 2 1 1 1 1 0 1 1 1 1 2 2 1 1 1 1 0
query34151 3.36 72% 0 71736 1.00 1.00 13 4 STAR 12 12 2 1 1 1 2 1 1 1 1 1 0 2 1 1 1 2 1 1 1 1 1 0
query2331 2.83 67% 0 70312 1.00 1.00 2 2 PATH 11 11 1 1 1 1 1 1 2 1 1 1 0 1 1 1 1 1 1 2 1 1 1 0
query14547 2.33 72% 0 71312 1.00 1.00 12 3 STAR 12 12 1 2 1 1 2 1 1 1 1 1 0 1 2 1 1 2 1 1 1 1 1 0
query15965 2.37 70% 0 70304 1.00 1.00 12 3 STAR 11 12 1 1 1 1 2 1 1 1 1 1 0 1 1 1 1 2 1 2 1 1 1 0
query43032 1.87 84% 0 70468 1.00 1.00 4 4 STAR 12 12 1 1 1 1 1 2 2 1 1 1 0 1 1 1 1 1 2 2 1 1 1 0
query33785 3.21 77% 0 71492 1.00 1.00 13 4 STAR 16 13 2 3 1 1 4 1 1 1 1 1 0 2 2 1 1 2 1 1 1 1 1 0
query20840 2.40 70% 0 70872 1.00 1.00 12 3 STAR 16 13 1 1 1 1 3 1 1 1 5 1 0 1 1 1 1 2 1 1 1 3 1 0
query21460 2.36 70% 0 69976 1.00 1.00 12 3 STAR 12 12 1 1 1 1 2 1 2 1 1 1 0 1 1 1 1 2 1 2 1 1 1 0
query43178 2.93 65% 0 71872 1.00 1.00 22 4 STAR 15 14 1 1 1 1 3 2 1 3 1 1 0 1 1 1 1 3 2 1 2 1 1 0
query34740 2.81 68% 0 71828 1.00 1.00 22 4 STAR 13 13 2 1 1 3 1 1 1 1 1 1 0 2 1 1 2 1 1 2 1 1 1 0
query28151 2.24 73% 0 70400 1.00 1.00 12 3 STAR 12 12 1 1 1 1 1 1 1 3 1 1 0 1 1 1 1 2 1 1 2 1 1 0
query53217 2.75 64% 0 70884 1.00 1.00 5 5 STAR 11 12 1 2 1 1 1 1 1 1 1 1 0 1 2 1 1 1 1 2 1 1 1 0
query40862 2.95 74% 0 71956 1.00 1.00 22 4 STAR 15 14 1 3 1 1 1 2 1 3 1 1 0 1 3 1 1 1 2 1 2 1 1 0
query4967 3.78 44% 0 69188 1.00 1.00 2 2 STAR 11 11 1 1 1 1 1 1 2 1 1 1 0 1 1 1 1 1 1 2 1 1 1 0
query9081 2.78 65% 0 69440 1.00 1.00 2 2 STAR 11 11 1 1 1 1 2 1 1 1 1 1 0 1 1 1 1 2 1 1 1 1 1 0
query975 2.58 65% 0 69508 1.00 1.00 2 2 PATH 12 11 1 1 1 1 1 1 3 1 1 1 0 1 1 1 1 1 1 2 1 1 1 0
query29970 2.70 67% 0 71660 1.00 1.00 12 3 STAR 19 13 1 1 1 1 1 1 4 7 1 1 0 1 1 1 1 1 1 2 3 1 1 0
query31734 1.89 85% 0 72036 1.00 1.00 22 4 STAR 19 15 1 4 1 1 2 3 4 1 1 1 0 1 3 1 1 2 2 2 1 1 1 0
query34645 2.34 73% 0 71332 1.00 1.00 22 4 STAR 22 15 1 4 1 1 1 1 4 7 1 1 0 1 3 1 1 1 1 2 3 1 1 0
query26440 1.84 82% 0 70504 1.00 1.00 12 3 STAR 12 12 1 2 1 1 1 1 2 1 1 1 0 1 2 1 1 1 1 2 1 1 1 0
query8251 2.74 65% 0 70072 1.00 1.00 11 2 STAR 12 12 1 2 1 1 2 1 1 1 1 1 0 1 2 1 1 2 1 1 1 1 1 0
query1110 2.31 70% 0 69312 1.00 1.00 2 2 PATH 11 11 1 1 1 1 1 1 2 1 1 1 0 1 1 1 1 1 1 2 1 1 1 0
query54320 2.47 69% 0 71888 1.00 1.00 14 5 STAR 15 14 1 3 1 1 3 1 1 2 1 1 0 1 2 1 1 3 1 1 2 1 1 0
query7180 2.40 66% 0 69832 1.00 1.00 2 2 STAR 11 11 1 1 1 1 1 1 2 1 1 1 0 1 1 1 1 1 1 2 1 1 1 0
query8802 3.20 77% 0 70964 1.00 1.00 11 2 STAR 13 12 1 1 1 3 1 1 2 1 1 1 0 1 1 1 2 1 1 2 1 1 1 0
query39492 2.79 67% 0 72300 1.00 1.00 22 4 STAR 14 14 1 1 1 1 3 1 1 3 1 1 0 1 1 1 1 3 2 1 2 1 1 0
query53507 2.81 80% 0 75340 1.00 1.00 5 5 STAR 40 31 1 21 1 1 11 1 1 1 1 1 0 1 2 1 1 21 1 1 1 1 1 0
query24202 4.56 98% 0 102604 1.00 1.00 3 3 STAR 232 141 1 131 1 1 1 93 1 1 1 1 0 1 2 1 1 1 131 1 1 1 1 0
query17181 2.68 65% 0 71340 1.00 1.00 12 3 STAR 12 12 1 1 1 1 2 1 2 1 1 1 0 1 1 1 1 2 1 2 1 1 1 0
query38358 2.37 76% 0 72520 1.00 1.00 13 4 STAR 15 15 1 3 1 1 1 3 2 1 1 1 0 1 3 1 1 1 2 3 1 1 1 0
query34136 2.62 64% 0 70500 1.00 1.00 13 4 STAR 12 12 1 2 1 1 2 1 1 1 1 1 0 1 2 1 1 2 1 1 1 1 1 0
query52689 2.37 72% 0 71548 1.00 1.00 5 5 STAR 16 14 1 4 1 1 1 4 1 1 1 1 0 1 4 1 1 1 2 1 1 1 1 0
query1314 2.40 70% 0 70480 1.00 1.00 11 2 PATH 14 13 1 1 1 1 1 3 1 2 2 1 0 1 1 1 1 1 2 1 2 2 1 0
query37737 2.95 73% 0 74216 1.00 1.00 4 4 STAR 25 26 1 1 1 1 1 1 16 1 1 1 0 1 1 1 1 16 1 2 1 1 1 0
query9610 2.72 64% 0 70256 1.00 1.00 2 2 STAR 11 11 1 1 1 1 1 2 1 1 1 1 0 1 1 1 1 1 2 1 1 1 1 0
query48897 2.68 64% 0 70272 1.00 1.00 4 4 STAR 11 12 1 1 1 1 1 1 2 1 1 1 0 1 1 1 1 2 1 2 1 1 1 0
query3135 2.58 65% 0 70544 1.00 1.00 2 2 STAR 11 11 1 1 1 1 2 1 1 1 1 1 0 1 1 1 1 2 1 1 1 1 1 0
query1237 2.59 67% 0 70628 1.00 1.00 11 2 PATH 12 12 1 1 1 1 1 2 1 1 2 1 0 1 1 1 1 1 2 1 1 2 1 0
query25455 2.55 66% 0 69720 1.00 1.00 3 3 STAR 11 11 1 1 1 1 2 1 1 1 1 1 0 1 1 1 1 2 1 1 1 1 1 0
query54096 2.90 96% 0 82256 1.00 1.00 14 5 STAR 152 47 1 75 1 11 1 1 43 17 1 1 0 1 2 1 5 1 1 27 7 1 1 0
query4390 2.61 67% 0 69996 1.00 1.00 11 2 STAR 13 12 1 1 1 1 1 2 1 3 1 1 0 1 1 1 1 1 2 1 2 1 1 0
query55987 3.87 51% 0 71916 1.00 1.00 15 6 STAR 18 13 2 1 1 1 2 1 7 1 1 1 0 2 1 1 1 2 1 2 1 1 1 0
query55081 2.37 72% 0 71624 1.00 1.00 14 5 STAR 19 14 1 1 1 1 1 1 4 7 1 1 0 1 1 1 1 2 1 2 3 1 1 0
query33616 2.35 70% 0 71212 1.00 1.00 13 4 STAR 13 12 1 3 1 1 2 1 1 1 1 1 0 1 2 1 1 2 1 1 1 1 1 0
query36806 2.56 66% 0 71724 1.00 1.00 22 4 STAR 13 13 1 1 1 1 2 1 1 3 1 1 0 1 1 1 1 2 2 1 2 1 1 0
query49897 2.80 67% 0 70960 1.00 1.00 4 4 STAR 11 12 1 2 1 1 1 1 1 1 1 1 0 1 2 1 1 1 2 1 1 1 1 0
query24145 2.98 67% 0 71264 1.00 1.00 12 3 STAR 12 12 1 2 1 1 1 2 1 1 1 1 0 1 2 1 1 1 2 1 1 1 1 0
query10482 1.85 83% 0 71116 1.00 1.00 11 2 STAR 11 12 1 2 1 1 1 1 1 1 1 1 0 1 2 1 1 1 1 1 2 1 1 0
query32278 2.36 72% 0 71308 1.00 1.00 13 4 STAR 16 13 1 4 1 1 1 1 4 1 1 1 0 1 3 1 1 1 1 2 1 1 1 0
query50102 2.91 69% 0 71204 1.00 1.00 13 4 STAR 12 12 1 2 1 1 1 2 1 1 1 1 0 1 2 1 1 1 2 1 1 1 1 0
query13722 1.83 81% 0 70216 1.00 1.00 3 3 STAR 12 11 1 1 1 1 1 1 3 1 1 1 0 1 1 1 1 1 1 2 1 1 1 0
query48879 2.70 66% 0 71192 1.00 1.00 4 4 STAR 14 13 1 1 1 1 3 1 3 1 1 1 0 1 1 1 1 3 1 2 1 1 1 0
query20587 6.48 119% 0 226984 1.00 1.00 3 3 STAR 764 758 1 748 1 1 8 1 1 1 1 1 0 1 2 1 1 748 1 1 1 1 1 0
query10669 3.04 77% 0 70544 1.00 1.00 2 2 STAR 11 11 1 1 1 1 1 1 2 1 1 1 0 1 1 1 1 1 1 2 1 1 1 0
query40709 2.82 67% 0 70556 1.00 1.00 13 4 STAR 12 12 1 1 1 1 1 1 1 3 1 1 0 1 1 1 1 2 1 1 2 1 1 0
query16275 2.49 66% 0 70004 1.00 1.00 3 3 STAR 12 12 1 1 1 1 2 2 1 1 1 1 0 1 1 1 1 2 2 1 1 1 1 0
query10453 2.34 70% 0 71200 1.00 1.00 11 2 STAR 11 12 1 2 1 1 1 1 1 1 1 1 0 1 2 1 1 1 1 1 2 1 1 0
query23263 2.54 66% 0 70392 1.00 1.00 3 3 STAR 11 11 1 1 1 1 2 1 1 1 1 1 0 1 1 1 1 2 1 1 1 1 1 0
query42178 2.67 68% 0 71036 1.00 1.00 13 4 STAR 18 14 1 3 1 1 1 1 7 1 1 1 0 2 3 1 1 1 1 2 1 1 1 0
query16415 3.29 92% 0 74704 1.00 1.00 12 3 STAR 189 22 1 90 1 45 1 1 1 47 1 1 0 1 2 1 8 1 1 1 5 1 1 0
query35809 2.33 71% 0 71428 1.00 1.00 22 4 STAR 13 13 1 2 1 1 2 1 2 1 1 1 0 1 2 1 1 2 1 2 1 1 1 0
query13279 2.49 67% 0 71488 1.00 1.00 12 3 STAR 11 12 1 2 1 1 1 1 1 1 1 1 0 1 2 1 1 1 1 2 1 1 1 0
query7526 1.85 86% 0 71536 1.00 1.00 11 2 STAR 16 13 1 1 1 1 3 1 3 3 1 1 0 1 1 1 1 2 1 2 2 1 1 0
query35181 2.59 69% 0 70928 1.00 1.00 13 4 STAR 12 13 1 1 1 1 1 2 1 2 1 1 0 1 1 1 1 1 2 2 2 1 1 0
query16568 2.59 66% 0 70740 1.00 1.00 3 3 STAR 12 12 1 2 1 1 1 1 2 1 1 1 0 1 2 1 1 1 1 2 1 1 1 0
query5921 2.76 68% 0 71356 1.00 1.00 11 2 STAR 20 13 3 5 1 1 1 1 5 1 1 1 0 2 2 1 1 1 1 2 1 1 1 0
query47300 2.71 66% 0 71072 1.00 1.00 4 4 STAR 12 12 1 2 1 1 1 1 2 1 1 1 0 1 2 1 1 1 1 2 1 1 1 0
query52172 2.77 70% 0 72632 1.00 1.00 23 5 STAR 28 17 3 5 1 1 4 4 7 1 1 1 0 2 3 1 1 3 2 2 1 1 1 0
query42974 2.39 68% 0 71056 1.00 1.00 4 4 STAR 12 12 1 1 1 1 1 2 2 1 1 1 0 1 1 1 1 1 2 2 1 1 1 0
query10306 2.30 74% 0 71920 1.00 1.00 11 2 STAR 14 13 1 3 1 1 1 1 1 3 1 1 0 1 3 1 1 1 1 1 2 1 1 0
query2210 2.34 68% 0 70272 1.00 1.00 2 2 PATH 11 11 1 1 1 1 1 1 2 1 1 1 0 1 1 1 1 1 1 2 1 1 1 0
query54612 3.00 77% 0 72420 1.00 1.00 32 5 STAR 17 16 1 3 1 1 2 2 2 3 1 1 0 1 3 1 1 2 2 2 2 1 1 0
query13917 2.46 67% 0 71608 1.00 1.00 12 3 STAR 12 12 1 1 1 1 2 1 2 1 1 1 0 1 1 1 1 2 1 2 1 1 1 0
query46714 2.77 67% 0 72044 1.00 1.00 4 4 STAR 16 14 1 4 1 1 1 1 4 1 1 1 0 1 4 1 1 1 1 2 1 1 1 0
query42794 2.82 61% 0 70944 1.00 1.00 4 4 STAR 13 12 1 1 1 1 2 1 3 1 1 1 0 1 1 1 1 2 1 2 1 1 1 0
query48702 2.16 75% 0 71672 1.00 1.00 4 4 STAR 11 12 1 1 1 1 2 1 1 1 1 1 0 1 1 1 1 2 1 2 1 1 1 0
