query11704 5.47 40% 0 68856 1.00 1.00 11 3 PATH 16 52 1 1 1 1 4 3 2 1 1 1 0 4 4 4 6 7 6 5 4 6 6 0
query32912 2.81 133% 0 87776 1.00 1.00 24 4 STAR 56 114 5 5 1 17 4 1 4 17 1 1 0 13 7 13 13 12 13 12 11 11 9 0
query31221 2.58 89% 0 68956 1.00 1.00 6 3 STAR 24 50 1 2 1 1 8 1 7 1 1 1 0 4 5 4 4 9 4 8 4 4 4 0
query17662 3.11 96% 0 68040 1.00 1.00 6 3 STAR 16 48 1 1 1 1 4 3 2 1 1 1 0 4 4 4 4 9 6 5 4 4 4 0
query2477 2.31 101% 0 74444 1.00 1.00 9 2 PATH 26 47 1 1 1 1 6 1 6 4 4 1 0 5 3 5 5 6 5 5 4 6 3 0
query24663 2.73 104% 0 78780 1.00 1.00 13 3 STAR 32 64 1 3 1 2 11 1 9 2 1 1 0 6 6 6 7 8 6 8 5 8 4 0
query29790 2.55 83% 0 68228 1.00 1.00 10 3 STAR 12 48 1 1 1 1 1 2 2 1 1 1 0 4 4 4 4 4 7 7 4 6 4 0
query16408 3.77 180% 0 117284 1.00 1.00 17 3 STAR 336 204 56 128 1 37 73 1 1 37 1 1 0 26 14 16 25 25 16 25 16 25 16 0
query26828 2.28 99% 0 69324 1.00 1.00 6 3 STAR 24 50 1 5 1 1 7 2 4 1 1 1 0 4 6 4 4 8 5 7 4 4 4 0
query55056 2.90 113% 0 82756 1.00 1.00 10 5 STAR 134 87 1 2 1 45 13 7 18 45 1 1 0 6 7 6 12 12 9 12 11 6 6 0
query23241 2.57 120% 0 81380 1.00 1.00 15 3 STAR 38 82 1 1 1 1 15 5 11 1 1 1 0 10 4 8 10 11 10 11 4 10 4 0
query36433 2.53 117% 0 80752 1.00 1.00 8 4 STAR 68 76 1 1 1 1 13 25 21 2 2 1 0 5 5 5 5 11 15 13 6 6 5 0
query26635 1.91 112% 0 68840 1.00 1.00 14 3 STAR 12 54 1 2 1 1 2 1 1 1 1 1 0 4 5 4 4 7 8 4 6 8 4 0
query10487 2.62 76% 0 66520 1.00 1.00 4 2 STAR 22 36 5 5 1 3 1 1 1 3 1 1 0 5 5 3 4 3 3 3 4 3 3 0
query46958 2.47 97% 0 71604 1.00 1.00 17 4 STAR 12 68 1 1 1 1 1 2 2 1 1 1 0 5 5 5 5 9 8 10 7 9 5 0
query45604 2.75 101% 0 79580 1.00 1.00 8 4 STAR 50 68 12 12 1 1 10 7 4 1 1 1 0 10 9 5 5 9 8 6 6 5 5 0
query36834 2.62 91% 0 70324 1.00 1.00 8 4 STAR 20 59 1 1 1 5 2 1 2 5 1 1 0 5 6 5 7 8 5 6 7 5 5 0
query31592 1.86 127% 0 72892 1.00 1.00 8 4 STAR 16 60 1 1 1 1 2 3 4 1 1 1 0 7 5 5 5 8 7 8 5 5 5 0
query38752 1.81 122% 0 71868 1.00 1.00 8 4 STAR 12 57 1 2 1 1 2 1 1 1 1 1 0 5 6 5 5 6 7 8 5 5 5 0
query13319 2.31 98% 0 69604 1.00 1.00 11 3 STAR 16 54 1 1 1 1 1 4 4 1 1 1 0 4 6 4 6 6 7 7 6 4 4 0
query34989 2.38 99% 0 72492 1.00 1.00 11 4 STAR 12 62 1 2 1 1 2 1 1 1 1 1 0 5 6 5 5 8 11 5 5 7 5 0
query16441 2.56 97% 0 70528 1.00 1.00 17 3 STAR 16 64 2 4 1 1 3 1 1 1 1 1 0 9 7 6 6 6 4 6 6 8 6 0
query34036 2.50 93% 0 72220 1.00 1.00 8 4 STAR 12 58 2 2 1 1 1 1 1 1 1 1 0 6 6 5 5 9 7 5 5 5 5 0
query16245 2.30 105% 0 72668 1.00 1.00 11 3 STAR 22 55 1 2 1 1 5 6 3 1 1 1 0 5 5 4 5 8 8 7 4 5 4 0
query34151 2.78 113% 0 79480 1.00 1.00 18 4 STAR 34 83 3 4 1 1 11 4 7 1 1 1 0 9 8 9 9 11 10 7 8 7 5 0
query2331 2.48 76% 0 65160 1.00 1.00 4 2 PATH 12 33 1 1 1 1 1 2 2 1 1 1 0 3 3 3 3 3 4 5 3 3 3 0
query14547 2.68 87% 0 68244 1.00 1.00 6 3 STAR 16 47 3 3 1 1 2 2 1 1 1 1 0 6 7 4 4 5 5 4 4 4 4 0
query15965 2.45 88% 0 67212 1.00 1.00 6 3 STAR 12 45 1 1 1 1 2 2 1 1 1 1 0 4 4 4 4 6 7 4 4 4 4 0
query43032 2.99 113% 0 83052 1.00 1.00 16 4 STAR 36 86 1 1 1 1 13 10 6 1 1 1 0 7 5 7 9 13 12 10 7 11 5 0
query33785 3.16 145% 0 94728 1.00 1.00 20 4 STAR 100 136 7 19 1 1 40 25 4 1 1 1 0 19 13 8 19 17 14 17 8 16 5 0
query20840 2.55 115% 0 80024 1.00 1.00 16 3 STAR 44 72 1 1 1 1 14 2 13 5 5 1 0 6 6 8 8 7 9 8 6 8 6 0
query21460 2.53 105% 0 77684 1.00 1.00 10 3 STAR 24 58 1 1 1 1 7 6 4 1 1 1 0 4 4 6 4 8 9 7 6 6 4 0
query43178 2.36 97% 0 72888 1.00 1.00 8 4 STAR 22 60 1 2 1 1 4 6 4 1 1 1 0 5 6 5 6 8 9 6 5 5 5 0
query34740 2.90 97% 0 72980 1.00 1.00 8 4 STAR 32 61 1 1 1 3 1 10 10 3 1 1 0 5 6 5 6 5 8 10 6 5 5 0
query28151 2.50 85% 0 67472 1.00 1.00 6 3 STAR 14 44 1 1 1 3 1 1 1 3 1 1 0 4 5 4 5 4 4 5 5 4 4 0
query53217 1.97 126% 0 73244 1.00 1.00 10 5 STAR 16 69 2 4 1 1 3 1 1 1 1 1 0 7 9 6 6 10 6 7 6 6 6 0
query40862 2.93 132% 0 88424 1.00 1.00 20 4 STAR 66 110 9 9 1 5 17 17 1 5 1 1 0 11 9 11 11 13 18 7 16 7 7 0
query4967 2.50 96% 0 74116 1.00 1.00 9 2 STAR 16 46 1 1 1 1 3 2 4 1 1 1 0 5 3 5 5 5 6 6 3 5 3 0
query9081 2.59 80% 0 67504 1.00 1.00 7 2 STAR 16 40 1 3 1 1 4 1 2 1 1 1 0 3 4 5 3 6 5 4 3 4 3 0
query975 2.44 79% 0 65984 1.00 1.00 4 2 PATH 22 36 1 1 1 1 7 1 7 1 1 1 0 3 3 3 3 6 3 6 3 3 3 0
query29970 2.38 99% 0 70400 1.00 1.00 6 3 STAR 70 54 1 1 1 3 1 29 29 3 1 1 0 4 4 4 5 4 10 10 5 4 4 0
query31734 2.73 95% 0 78668 1.00 1.00 8 4 STAR 64 65 4 4 1 1 4 24 23 1 1 1 0 6 7 5 5 8 10 9 5 5 5 0
query34645 2.35 133% 0 83672 1.00 1.00 20 4 STAR 68 90 1 1 1 5 1 26 26 5 1 1 0 9 5 9 9 11 14 12 7 7 7 0
query26440 2.02 110% 0 68132 1.00 1.00 13 3 STAR 12 50 1 1 1 1 1 2 2 1 1 1 0 6 4 6 4 4 7 7 4 4 4 0
query8251 2.46 79% 0 66860 1.00 1.00 4 2 STAR 16 36 2 2 1 1 3 1 3 1 1 1 0 4 4 3 3 5 3 5 3 3 3 0
query1110 2.60 92% 0 74044 1.00 1.00 9 2 PATH 16 46 1 1 1 1 4 1 4 1 1 1 0 5 3 5 5 6 5 6 3 5 3 0
query54320 2.66 182% 0 100988 1.00 1.00 26 5 STAR 128 174 5 20 1 2 55 1 40 2 1 1 0 20 13 19 21 23 19 22 9 22 6 0
query7180 2.20 86% 0 66636 1.00 1.00 4 2 STAR 16 36 1 1 1 1 2 3 4 1 1 1 0 3 3 3 3 4 5 6 3 3 3 0
query8802 2.20 82% 0 65780 1.00 1.00 11 2 STAR 12 34 1 1 1 1 1 2 2 1 1 1 0 3 3 3 5 3 4 4 3 3 3 0
query39492 2.78 93% 0 73312 1.00 1.00 8 4 STAR 32 61 1 4 1 3 10 7 1 3 1 1 0 5 6 5 6 10 7 6 6 5 5 0
query53507 3.79 176% 0 147744 1.00 1.00 24 5 STAR 926 334 21 180 1 1 439 240 41 1 1 1 0 38 21 13 37 64 49 37 32 37 6 0
query24202 3.97 198% 0 141916 1.00 1.00 11 3 STAR 1374 282 131 131 1 1 553 553 1 1 1 1 0 34 5 4 33 55 55 33 26 33 4 0
query17181 2.12 112% 0 77864 1.00 1.00 11 3 STAR 22 58 1 3 1 1 4 4 5 1 1 1 0 6 6 4 6 7 5 9 4 7 4 0
query38358 2.79 112% 0 82300 1.00 1.00 16 4 STAR 40 85 4 4 1 1 7 9 11 1 1 1 0 6 7 10 6 9 12 12 6 12 5 0
query34136 2.71 109% 0 80760 1.00 1.00 18 4 STAR 34 87 3 4 1 1 11 4 7 1 1 1 0 10 8 9 10 9 12 8 8 8 5 0
query52689 2.78 95% 0 74996 1.00 1.00 10 5 STAR 34 75 4 5 1 1 10 9 1 1 1 1 0 8 8 6 6 12 11 6 6 6 6 0
query1314 2.50 93% 0 72128 1.00 1.00 9 2 PATH 22 46 1 1 1 1 3 3 1 5 5 1 0 3 5 5 5 4 6 3 5 5 5 0
query37737 3.08 129% 0 91096 1.00 1.00 14 4 STAR 296 116 1 19 1 1 33 121 117 1 1 1 0 11 10 5 10 22 16 18 8 11 5 0
query9610 1.81 98% 0 66208 1.00 1.00 4 2 STAR 12 34 1 1 1 1 1 2 2 1 1 1 0 3 3 3 3 5 4 4 3 3 3 0
query48897 2.91 110% 0 82948 1.00 1.00 17 4 STAR 34 78 1 4 1 1 11 9 4 1 1 1 0 8 7 5 8 10 9 11 5 10 5 0
query3135 2.31 79% 0 65252 1.00 1.00 4 2 STAR 12 33 1 2 1 1 2 1 1 1 1 1 0 3 4 3 3 4 4 3 3 3 3 0
query1237 2.48 77% 0 65772 1.00 1.00 4 2 PATH 12 34 1 1 1 1 1 1 1 2 2 1 0 3 3 3 3 5 3 3 4 4 3 0
query25455 2.58 106% 0 79848 1.00 1.00 14 3 STAR 24 66 1 1 1 1 8 2 7 1 1 1 0 6 4 8 6 9 9 8 4 8 4 0
query54096 5.52 189% 0 204180 1.00 1.00 23 5 STAR 2482 570 75 746 1 53 672 440 440 53 1 1 0 70 56 20 69 86 50 98 20 81 20 0
query4390 2.38 79% 0 65896 1.00 1.00 4 2 STAR 20 36 1 1 1 5 2 2 1 5 1 1 0 3 3 3 5 4 4 3 5 3 3 0
query55987 3.31 128% 0 89344 1.00 1.00 25 6 STAR 132 125 1 2 1 1 48 15 61 1 1 1 0 9 10 14 9 18 19 18 7 14 7 0
query55081 2.83 105% 0 79400 1.00 1.00 10 5 STAR 72 79 1 1 1 23 7 4 10 23 1 1 0 6 6 6 11 11 7 10 10 6 6 0
query33616 2.31 104% 0 71552 1.00 1.00 8 4 STAR 12 58 1 1 1 1 2 1 2 1 1 1 0 7 5 5 5 10 5 6 5 5 5 0
query36806 2.28 107% 0 70736 1.00 1.00 8 4 STAR 12 56 1 2 1 1 2 1 1 1 1 1 0 5 6 5 5 6 6 6 7 5 5 0
query49897 2.62 97% 0 72428 1.00 1.00 17 4 STAR 12 64 1 2 1 1 2 1 1 1 1 1 0 7 6 5 7 6 9 7 5 7 5 0
query24145 2.30 107% 0 78716 1.00 1.00 11 3 STAR 22 59 3 3 1 1 5 5 1 1 1 1 0 6 6 6 6 6 9 4 8 4 4 0
query10482 2.71 76% 0 65108 1.00 1.00 4 2 STAR 12 33 2 2 1 1 1 1 1 1 1 1 0 4 4 3 4 3 3 3 3 3 3 0
query32278 2.34 105% 0 72732 1.00 1.00 8 4 STAR 28 60 1 1 1 1 7 4 10 1 1 1 0 6 5 5 5 9 6 9 5 5 5 0
query50102 2.62 93% 0 72044 1.00 1.00 8 4 STAR 12 58 1 1 1 1 1 2 2 1 1 1 0 7 5 5 5 7 6 8 5 5 5 0
query13722 2.30 105% 0 70236 1.00 1.00 6 3 STAR 56 52 1 1 1 1 6 19 24 1 1 1 0 4 4 4 4 7 8 9 4 4 4 0
query48879 3.04 142% 0 88548 1.00 1.00 17 4 STAR 70 118 1 9 1 1 27 21 7 1 1 1 0 15 9 5 15 16 13 18 5 17 5 0
query20587 10.19 163% 0 318708 1.00 1.00 13 3 STAR 4548 1686 748 2242 1 1 1523 1 29 1 1 1 0 109 109 208 108 312 208 312 4 312 4 0
query10669 2.68 80% 0 66692 1.00 1.00 4 2 STAR 16 36 1 1 1 1 3 1 4 2 1 1 0 3 3 3 3 5 3 6 4 3 3 0
query40709 2.31 104% 0 73476 1.00 1.00 8 4 STAR 32 61 1 7 1 3 10 4 1 3 1 1 0 5 8 5 6 10 6 5 6 5 5 0
query16275 1.85 145% 0 78520 1.00 1.00 11 3 STAR 24 60 1 2 1 1 6 7 3 1 1 1 0 6 5 4 6 9 8 8 4 6 4 0
query10453 2.37 78% 0 66060 1.00 1.00 4 2 STAR 12 33 2 2 1 1 1 1 1 1 1 1 0 4 4 3 4 3 3 3 3 3 3 0
query23263 2.45 108% 0 77892 1.00 1.00 15 3 STAR 16 58 1 1 1 1 4 1 4 1 1 1 0 6 4 6 6 9 6 7 4 6 4 0
query42178 3.00 150% 0 98972 1.00 1.00 18 4 STAR 98 148 9 9 1 1 25 13 37 1 1 1 0 17 11 17 17 12 23 18 11 17 5 0
query16415 4.25 207% 0 153744 1.00 1.00 17 3 STAR 1258 352 90 447 1 179 358 1 1 179 1 1 0 49 33 20 48 47 20 48 19 48 20 0
query35809 2.69 97% 0 74684 1.00 1.00 8 4 STAR 34 64 3 3 1 1 5 10 8 1 1 1 0 7 7 5 5 7 10 8 5 5 5 0
query13279 2.68 88% 0 67328 1.00 1.00 6 3 STAR 12 45 2 2 1 1 1 1 1 1 1 1 0 5 5 4 4 4 4 7 4 4 4 0
query7526 2.38 82% 0 67084 1.00 1.00 4 2 STAR 30 36 1 1 1 3 9 1 9 3 1 1 0 3 3 3 4 5 3 5 4 3 3 0
query35181 2.55 92% 0 73332 1.00 1.00 15 4 STAR 12 60 1 1 1 2 1 1 1 2 1 1 0 5 5 5 6 9 9 5 6 5 5 0
query16568 2.66 106% 0 78904 1.00 1.00 14 3 STAR 24 66 3 7 1 1 5 2 2 1 1 1 0 8 8 6 8 6 7 7 6 6 4 0
query5921 2.49 108% 0 78516 1.00 1.00 8 2 STAR 42 56 13 13 1 1 5 1 5 1 1 1 0 7 7 7 7 4 7 4 7 3 3 0
query47300 2.47 130% 0 85244 1.00 1.00 16 4 STAR 40 92 9 10 1 1 6 3 7 1 1 1 0 9 10 11 9 8 13 9 9 9 5 0
query52172 2.86 116% 0 83204 1.00 1.00 10 5 STAR 162 90 1 1 1 1 53 26 76 1 1 1 0 6 7 6 6 17 11 19 6 6 6 0
query42974 2.32 112% 0 81556 1.00 1.00 16 4 STAR 34 81 1 1 1 1 12 10 5 1 1 1 0 8 5 6 7 11 13 9 7 10 5 0
query10306 2.18 85% 0 66644 1.00 1.00 4 2 STAR 22 36 5 5 1 3 1 1 1 3 1 1 0 5 5 3 4 3 3 3 4 3 3 0
query2210 2.59 84% 0 68084 1.00 1.00 7 2 PATH 16 42 1 1 1 1 3 2 4 1 1 1 0 3 3 5 3 5 6 6 3 5 3 0
query54612 2.52 129% 0 83240 1.00 1.00 25 5 STAR 34 102 4 4 1 1 9 8 4 1 1 1 0 8 7 11 7 12 16 11 12 10 8 0
query13917 2.51 89% 0 68540 1.00 1.00 10 3 STAR 12 50 1 1 1 1 1 2 2 1 1 1 0 4 4 6 4 6 5 7 6 4 4 0
query46714 1.83 129% 0 72316 1.00 1.00 8 4 STAR 16 59 1 2 1 1 4 1 3 1 1 1 0 7 6 5 5 8 5 8 5 5 5 0
query42794 2.66 121% 0 83140 1.00 1.00 16 4 STAR 56 90 1 7 1 1 12 14 17 1 1 1 0 7 9 7 7 10 14 13 5 13 5 0
query48702 2.55 94% 0 72740 1.00 1.00 16 4 STAR 12 62 1 1 1 1 2 2 1 1 1 1 0 5 7 7 5 10 8 5 5 5 5 0
