query11704 2.45 67% 0 71272 1.00 1.00 3 3 PATH 11 12 0 1 1 1 1 1 2 1 1 1 1 0 1 2 1 1 1 2 1 1 1 1
query32912 3.71 43% 0 70664 1.00 1.00 4 4 STAR 14 13 0 1 1 3 2 1 1 1 1 2 1 0 1 1 2 2 1 1 1 1 2 1
query31221 2.49 64% 0 70616 1.00 1.00 3 3 STAR 11 11 0 1 1 1 1 1 2 1 1 1 1 0 1 1 1 1 1 2 1 1 1 1
query17662 1.79 81% 0 69236 1.00 1.00 3 3 STAR 11 11 0 1 1 1 1 1 2 1 1 1 1 0 1 1 1 1 1 2 1 1 1 1
query2477 2.80 66% 0 71164 .33 1.00 2 2 PATH 13 12 0 1 4 1 1 1 1 1 1 1 1 0 1 2 1 2 1 1 1 1 1 1
query24663 2.92 69% 0 71268 1.00 1.00 3 3 STAR 13 12 0 1 1 2 1 1 3 1 1 1 1 0 1 1 2 1 1 2 1 1 1 1
query29790 2.38 67% 0 69472 1.00 1.00 3 3 STAR 11 11 0 1 1 1 2 1 1 1 1 1 1 0 1 1 1 2 1 1 1 1 1 1
query16408 2.20 78% 0 70716 0.00 1.00 3 3 STAR 65 12 0 1 1 1 1 1 1 1 1 56 1 0 1 1 2 1 1 1 1 1 2 1
query26828 2.39 68% 0 71140 1.00 1.00 3 3 STAR 12 12 0 1 1 1 2 1 2 1 1 1 1 0 1 1 1 2 1 2 1 1 1 1
query55056 2.76 76% 0 71540 .33 1.00 5 5 STAR 14 13 0 1 1 1 4 1 2 1 1 1 1 0 1 1 2 2 1 2 1 1 1 1
query23241 2.72 64% 0 69388 1.00 1.00 3 3 STAR 12 11 0 1 1 1 1 1 3 1 1 1 1 0 1 1 1 1 1 2 1 1 1 1
query36433 2.33 71% 0 71320 .50 1.00 4 4 STAR 14 13 0 1 2 1 3 2 1 1 1 1 1 0 1 2 1 2 2 1 1 1 1 1
query26635 1.86 85% 0 71660 1.00 1.00 3 3 STAR 11 13 0 1 1 1 1 1 2 1 1 1 1 0 1 1 2 2 1 2 1 1 1 1
query10487 2.74 65% 0 70872 .50 1.00 2 2 STAR 13 12 0 1 1 3 1 1 1 1 1 2 1 0 1 1 2 1 1 1 1 1 2 1
query46958 1.79 85% 0 71744 1.00 1.00 4 4 STAR 11 12 0 1 1 1 1 2 1 1 1 1 1 0 1 1 1 1 2 2 1 1 1 1
query45604 2.46 67% 0 70780 .33 1.00 4 4 STAR 13 13 0 1 1 1 1 1 4 1 1 1 1 0 1 1 2 1 1 2 1 1 2 1
query36834 2.45 67% 0 70784 1.00 1.00 4 4 STAR 13 13 0 1 1 3 1 1 2 1 1 1 1 0 1 1 2 1 1 2 1 1 2 1
query31592 1.86 83% 0 70616 1.00 1.00 4 4 STAR 11 13 0 1 1 1 2 1 1 1 1 1 1 0 1 1 1 2 2 1 1 1 2 1
query38752 2.45 65% 0 70700 1.00 1.00 4 4 STAR 11 11 0 1 1 1 1 1 2 1 1 1 1 0 1 1 1 1 1 2 1 1 1 1
query13319 1.87 83% 0 71176 1.00 1.00 3 3 STAR 11 12 0 1 1 1 2 1 1 1 1 1 1 0 1 1 1 2 1 1 1 1 2 1
query34989 2.43 67% 0 71560 1.00 1.00 4 4 STAR 11 12 0 1 1 1 1 1 2 1 1 1 1 0 1 1 1 1 2 2 1 1 1 1
query16441 2.78 65% 0 71748 1.00 1.00 3 3 STAR 11 12 0 1 1 1 1 1 1 1 1 2 1 0 1 1 2 1 1 1 1 1 2 1
query34036 2.74 64% 0 70476 1.00 1.00 4 4 STAR 11 12 0 1 1 1 1 1 1 1 1 2 1 0 1 1 1 1 1 2 1 1 2 1
query16245 2.46 66% 0 70972 1.00 1.00 3 3 STAR 12 12 0 1 1 1 1 2 2 1 1 1 1 0 1 1 1 1 2 2 1 1 1 1
query34151 3.13 55% 0 71164 1.00 1.00 4 4 STAR 12 12 0 1 1 1 1 1 2 1 1 2 1 0 1 1 1 1 1 2 1 1 2 1
query2331 2.55 68% 0 69288 1.00 1.00 2 2 PATH 11 11 0 1 1 1 2 1 1 1 1 1 1 0 1 1 1 2 1 1 1 1 1 1
query14547 1.85 83% 0 71024 1.00 1.00 3 3 STAR 12 12 0 1 1 1 1 1 2 1 1 2 1 0 1 1 1 1 1 2 1 1 2 1
query15965 2.44 67% 0 70280 1.00 1.00 3 3 STAR 11 12 0 1 1 1 1 2 1 1 1 1 1 0 1 1 1 2 2 1 1 1 1 1
query43032 2.72 64% 0 71300 1.00 1.00 4 4 STAR 12 12 0 1 1 1 2 2 1 1 1 1 1 0 1 1 1 2 2 1 1 1 1 1
query33785 2.71 65% 0 70320 .33 1.00 4 4 STAR 14 12 0 1 1 1 1 1 4 1 1 2 1 0 1 1 1 1 1 2 1 1 2 1
query20840 2.67 64% 0 71112 1.00 1.00 3 3 STAR 14 12 0 1 3 1 1 1 3 1 1 1 1 0 1 2 1 1 1 2 1 1 1 1
query21460 2.60 66% 0 70540 1.00 1.00 3 3 STAR 12 12 0 1 1 1 2 2 1 1 1 1 1 0 1 1 1 2 2 1 1 1 1 1
query43178 2.61 67% 0 71584 1.00 1.00 4 4 STAR 12 13 0 1 1 1 1 2 2 1 1 1 1 0 1 1 2 1 2 2 1 1 1 1
query34740 1.88 82% 0 70512 1.00 1.00 4 4 STAR 12 13 0 1 1 3 1 1 1 1 1 1 1 0 1 1 2 2 1 1 1 1 2 1
query28151 1.98 80% 0 70460 1.00 1.00 3 3 STAR 12 12 0 1 1 3 1 1 1 1 1 1 1 0 1 1 2 1 1 2 1 1 1 1
query53217 2.64 65% 0 70400 1.00 1.00 5 5 STAR 11 12 0 1 1 1 1 1 1 1 1 2 1 0 1 1 1 2 1 1 1 1 2 1
query40862 3.08 57% 0 71440 .50 1.00 4 4 STAR 14 13 0 1 1 3 1 2 1 1 1 2 1 0 1 1 2 1 2 1 1 1 2 1
query4967 3.68 45% 0 70536 1.00 1.00 2 2 STAR 11 11 0 1 1 1 2 1 1 1 1 1 1 0 1 1 1 2 1 1 1 1 1 1
query9081 2.37 67% 0 69260 1.00 1.00 2 2 STAR 11 11 0 1 1 1 1 1 2 1 1 1 1 0 1 1 1 1 1 2 1 1 1 1
query975 3.07 76% 0 70164 1.00 1.00 2 2 PATH 12 11 0 1 1 1 3 1 1 1 1 1 1 0 1 1 1 2 1 1 1 1 1 1
query29970 2.72 64% 0 70688 .33 1.00 3 3 STAR 15 12 0 1 1 3 4 1 1 1 1 1 1 0 1 1 2 2 1 1 1 1 1 1
query31734 3.04 76% 0 70580 .33 1.00 4 4 STAR 14 13 0 1 1 1 4 2 1 1 1 1 1 0 1 1 1 2 2 1 1 1 2 1
query34645 2.79 68% 0 72172 .33 1.00 4 4 STAR 15 13 0 1 1 3 4 1 1 1 1 1 1 0 1 1 2 2 1 1 1 1 2 1
query26440 1.81 83% 0 71008 1.00 1.00 3 3 STAR 11 12 0 1 1 1 2 1 1 1 1 1 1 0 1 1 1 2 1 1 1 1 2 1
query8251 1.78 85% 0 70204 1.00 1.00 2 2 STAR 12 12 0 1 1 1 2 1 1 1 1 2 1 0 1 1 1 2 1 1 1 1 2 1
query1110 2.76 65% 0 69560 1.00 1.00 2 2 PATH 11 11 0 1 1 1 2 1 1 1 1 1 1 0 1 1 1 2 1 1 1 1 1 1
query54320 2.37 73% 0 70824 1.00 1.00 5 5 STAR 15 14 0 1 1 2 1 1 3 1 1 3 1 0 1 1 2 1 1 3 1 1 2 1
query7180 2.69 63% 0 69944 1.00 1.00 2 2 STAR 11 11 0 1 1 1 2 1 1 1 1 1 1 0 1 1 1 2 1 1 1 1 1 1
query8802 2.57 67% 0 71448 1.00 1.00 2 2 STAR 11 12 0 1 1 1 2 1 1 1 1 1 1 0 1 1 2 2 1 1 1 1 1 1
query39492 2.77 65% 0 71268 .50 1.00 4 4 STAR 12 13 0 1 1 3 1 1 1 1 1 1 1 0 1 1 2 1 2 2 1 1 1 1
query53507 3.00 78% 0 75524 1.00 1.00 5 5 STAR 40 31 0 1 1 1 1 1 11 1 1 21 1 0 1 1 1 1 1 21 1 1 2 1
query24202 5.02 103% 0 104628 1.00 1.00 3 3 STAR 232 141 0 1 1 1 1 93 1 1 1 131 1 0 1 1 1 1 131 1 1 1 2 1
query17181 2.75 63% 0 70104 1.00 1.00 3 3 STAR 12 12 0 1 1 1 2 1 2 1 1 1 1 0 1 1 1 2 1 2 1 1 1 1
query38358 2.58 68% 0 71412 0.00 1.00 4 4 STAR 12 13 0 1 1 1 1 3 1 1 1 1 1 0 1 1 1 2 2 1 1 1 2 1
query34136 2.93 61% 0 69944 1.00 1.00 4 4 STAR 12 12 0 1 1 1 1 1 2 1 1 2 1 0 1 1 1 1 1 2 1 1 2 1
query52689 2.29 73% 0 70824 1.00 1.00 5 5 STAR 16 14 0 1 1 1 1 4 1 1 1 4 1 0 1 1 1 1 2 1 1 1 4 1
query1314 2.46 66% 0 71460 .50 1.00 2 2 PATH 13 12 0 1 2 1 1 3 1 1 1 1 1 0 1 2 1 1 2 1 1 1 1 1
query37737 2.87 73% 0 74372 1.00 1.00 4 4 STAR 25 26 0 1 1 1 16 1 1 1 1 1 1 0 1 1 1 2 1 16 1 1 1 1
query9610 2.68 64% 0 69988 1.00 1.00 2 2 STAR 11 11 0 1 1 1 1 2 1 1 1 1 1 0 1 1 1 1 2 1 1 1 1 1
query48897 2.80 63% 0 71004 1.00 1.00 4 4 STAR 11 12 0 1 1 1 2 1 1 1 1 1 1 0 1 1 1 2 1 2 1 1 1 1
query3135 2.75 65% 0 70096 1.00 1.00 2 2 STAR 11 11 0 1 1 1 1 1 2 1 1 1 1 0 1 1 1 1 1 2 1 1 1 1
query1237 2.69 65% 0 69960 1.00 1.00 2 2 PATH 11 12 0 1 2 1 1 1 1 1 1 1 1 0 1 2 1 1 2 1 1 1 1 1
query25455 2.75 64% 0 70740 1.00 1.00 3 3 STAR 11 11 0 1 1 1 1 1 2 1 1 1 1 0 1 1 1 1 1 2 1 1 1 1
query54096 2.38 75% 0 71940 .07 1.00 5 5 STAR 88 14 0 1 1 3 3 1 1 1 1 75 1 0 1 1 2 3 1 1 1 1 2 1
query4390 2.70 66% 0 71112 1.00 1.00 2 2 STAR 13 12 0 1 1 3 1 2 1 1 1 1 1 0 1 1 2 1 2 1 1 1 1 1
query55987 3.20 50% 0 71548 1.00 1.00 6 6 STAR 17 13 0 1 1 1 7 1 2 1 1 1 1 0 1 1 1 2 1 2 1 1 2 1
query55081 2.51 66% 0 71360 .33 1.00 5 5 STAR 13 13 0 1 1 1 4 1 1 1 1 1 1 0 1 1 2 2 1 2 1 1 1 1
query33616 2.63 65% 0 70528 1.00 1.00 4 4 STAR 11 12 0 1 1 1 1 1 2 1 1 1 1 0 1 1 1 1 1 2 1 1 2 1
query36806 2.69 66% 0 71528 1.00 1.00 4 4 STAR 11 13 0 1 1 1 1 1 2 1 1 1 1 0 1 1 2 1 2 2 1 1 1 1
query49897 2.67 64% 0 70440 1.00 1.00 4 4 STAR 11 12 0 1 1 1 1 1 1 1 1 2 1 0 1 1 1 1 2 1 1 1 2 1
query24145 2.34 70% 0 70152 1.00 1.00 3 3 STAR 12 12 0 1 1 1 1 2 1 1 1 2 1 0 1 1 1 1 2 1 1 1 2 1
query10482 2.72 65% 0 70936 1.00 1.00 2 2 STAR 11 12 0 1 1 1 1 1 1 1 1 2 1 0 1 1 2 1 1 1 1 1 2 1
query32278 2.38 68% 0 71784 .33 1.00 4 4 STAR 13 12 0 1 1 1 4 1 1 1 1 1 1 0 1 1 1 2 1 1 1 1 2 1
query50102 2.80 68% 0 71184 1.00 1.00 4 4 STAR 11 12 0 1 1 1 1 2 1 1 1 1 1 0 1 1 1 1 2 1 1 1 2 1
query13722 2.61 65% 0 70632 1.00 1.00 3 3 STAR 12 11 0 1 1 1 3 1 1 1 1 1 1 0 1 1 1 2 1 1 1 1 1 1
query48879 3.02 69% 0 71516 1.00 1.00 4 4 STAR 14 13 0 1 1 1 3 1 3 1 1 1 1 0 1 1 1 2 1 3 1 1 1 1
query20587 7.48 114% 0 220616 1.00 1.00 3 3 STAR 764 758 0 1 1 1 1 1 8 1 1 748 1 0 1 1 1 1 1 748 1 1 2 1
query10669 2.45 66% 0 69968 1.00 1.00 2 2 STAR 11 11 0 1 1 1 2 1 1 1 1 1 1 0 1 1 1 2 1 1 1 1 1 1
query40709 2.91 69% 0 70972 1.00 1.00 4 4 STAR 12 12 0 1 1 3 1 1 1 1 1 1 1 0 1 1 2 1 1 2 1 1 1 1
query16275 2.72 65% 0 70976 1.00 1.00 3 3 STAR 12 12 0 1 1 1 1 2 2 1 1 1 1 0 1 1 1 1 2 2 1 1 1 1
query10453 2.69 65% 0 70236 1.00 1.00 2 2 STAR 11 12 0 1 1 1 1 1 1 1 1 2 1 0 1 1 2 1 1 1 1 1 2 1
query23263 1.82 81% 0 69956 1.00 1.00 3 3 STAR 11 11 0 1 1 1 1 1 2 1 1 1 1 0 1 1 1 1 1 2 1 1 1 1
query42178 1.82 84% 0 71416 0.00 1.00 4 4 STAR 16 12 0 1 1 1 7 1 1 1 1 1 1 0 1 1 1 2 1 1 1 1 2 1
query16415 2.34 75% 0 71492 .02 1.00 3 3 STAR 99 12 0 1 1 1 1 1 1 1 1 90 1 0 1 1 2 1 1 1 1 1 2 1
query35809 2.84 69% 0 71688 1.00 1.00 4 4 STAR 12 13 0 1 1 1 2 1 1 1 1 2 1 0 1 1 1 2 2 1 1 1 2 1
query13279 1.84 57% 0 71752 1.00 1.00 3 3 STAR 11 12 0 1 1 1 1 1 1 1 1 2 1 0 1 1 1 2 1 1 1 1 2 1
query7526 2.30 71% 0 71276 .50 1.00 2 2 STAR 14 12 0 1 1 3 3 1 1 1 1 1 1 0 1 1 2 2 1 1 1 1 1 1
query35181 2.31 71% 0 71224 1.00 1.00 4 4 STAR 11 13 0 1 1 2 1 1 1 1 1 1 1 0 1 1 2 2 2 1 1 1 1 1
query16568 2.46 66% 0 70720 1.00 1.00 3 3 STAR 12 12 0 1 1 1 2 1 1 1 1 2 1 0 1 1 1 2 1 1 1 1 2 1
query5921 2.82 68% 0 70204 .33 1.00 2 2 STAR 16 12 0 1 1 1 5 1 1 1 1 3 1 0 1 1 1 2 1 1 1 1 2 1
query47300 2.68 66% 0 70316 1.00 1.00 4 4 STAR 12 12 0 1 1 1 2 1 1 1 1 2 1 0 1 1 1 2 1 1 1 1 2 1
query52172 2.67 66% 0 71684 .16 1.00 5 5 STAR 17 13 0 1 1 1 7 2 1 1 1 1 1 0 1 1 1 2 2 1 1 1 2 1
query42974 2.73 65% 0 71136 1.00 1.00 4 4 STAR 12 12 0 1 1 1 2 2 1 1 1 1 1 0 1 1 1 2 2 1 1 1 1 1
query10306 2.29 71% 0 69996 .50 1.00 2 2 STAR 13 12 0 1 1 3 1 1 1 1 1 2 1 0 1 1 2 1 1 1 1 1 2 1
query2210 2.31 69% 0 69724 1.00 1.00 2 2 PATH 11 11 0 1 1 1 2 1 1 1 1 1 1 0 1 1 1 2 1 1 1 1 1 1
query54612 2.83 69% 0 71608 1.00 1.00 5 5 STAR 11 14 0 1 1 1 2 1 1 1 1 1 1 0 1 1 2 2 2 1 1 1 2 1
query13917 2.46 66% 0 71228 1.00 1.00 3 3 STAR 11 12 0 1 1 1 2 1 1 1 1 1 1 0 1 1 1 2 2 1 1 1 1 1
query46714 2.58 69% 0 70764 1.00 1.00 4 4 STAR 16 14 0 1 1 1 4 1 1 1 1 4 1 0 1 1 1 2 1 1 1 1 4 1
query42794 2.62 63% 0 71116 1.00 1.00 4 4 STAR 13 12 0 1 1 1 3 1 2 1 1 1 1 0 1 1 1 2 1 2 1 1 1 1
query48702 2.50 66% 0 71072 1.00 1.00 4 4 STAR 11 12 0 1 1 1 1 1 2 1 1 1 1 0 1 1 1 2 1 2 1 1 1 1
