query44 3.5066666666666664 71% 0.0 79498.66666666667 1.0 1.0 3.0 3.0 HYBRID 438.0 11.0 1.0 1.0 1.0 143.66666666666666 1.0 1.0 286.3333333333333 1.0 1.0 1.0 0.0 1.0 1.0 1.0 1.3333333333333333 1.0 1.0 1.6666666666666667 1.0 1.0 1.0 0.0
query38 17.823333333333334 64% 0.0 126194.66666666667 1.0 1.0 6.333333333333333 6.0 HYBRID 510.3333333333333 236.0 1.0 1.0 1.0 1.0 67.0 74.0 67.0 1.0 1.0 296.3333333333333 0.0 1.0 1.0 1.0 1.0 148.66666666666666 12.666666666666666 67.0 1.0 1.0 1.6666666666666667 0.0
query57 2.4633333333333334 58% 0.0 71882.66666666667 1.0 1.0 3.6666666666666665 3.0 HYBRID 42.666666666666664 13.666666666666666 1.0 1.0 2.3333333333333335 2.3333333333333335 1.0 17.0 1.0 8.333333333333334 7.666666666666667 1.0 0.0 1.0 1.0 1.3333333333333333 1.3333333333333333 1.0 2.3333333333333335 1.0 2.0 1.6666666666666667 1.0 0.0
query93 7.7 104% 0.0 132440.0 1.0 1.0 4.0 3.0 HYBRID 4715.666666666667 117.33333333333333 1.0 322.6666666666667 1060.3333333333333 1.0 1.0 42.0 866.6666666666666 295.3333333333333 533.0 1592.6666666666667 0.0 1.0 2.3333333333333335 52.0 1.0 1.0 1.3333333333333333 3.0 2.3333333333333335 37.0 16.333333333333332 0.0
query68 3.9933333333333336 61% 0.0 74993.33333333333 1.0 1.0 4.0 3.0 HYBRID 89.0 21.0 1.0 1.3333333333333333 36.666666666666664 1.0 1.6666666666666667 1.0 1.6666666666666667 37.333333333333336 1.6666666666666667 5.666666666666667 0.0 1.0 2.6666666666666665 1.3333333333333333 2.3333333333333335 3.3333333333333335 1.0 2.3333333333333335 2.3333333333333335 3.3333333333333335 1.3333333333333333 0.0
query60 20.756666666666664 16% 0.0 155306.66666666666 1.0 1.0 3.3333333333333335 3.0 HYBRID 3772.6666666666665 263.6666666666667 1.0 3.0 1.0 7.666666666666667 3.6666666666666665 3.0 150.33333333333334 1.0 3601.0 1.0 0.0 1.0 4.666666666666667 1.0 1.3333333333333333 4.666666666666667 4.666666666666667 243.0 1.0 1.3333333333333333 1.0 0.0
query99 145.98333333333335 13% 0.0 344137.3333333333 1.0 1.0 6.666666666666667 6.0 HYBRID 19026.666666666668 2061.0 1.0 24.666666666666668 214.33333333333334 1.0 1.0 1.0 10891.333333333334 187.0 5841.0 1864.3333333333333 0.0 1.0 3.3333333333333335 4.0 1.0 1.0 1.0 1214.3333333333333 1.3333333333333333 187.0 647.0 0.0
query100 18.92 54% 0.0 123442.66666666667 1.0 1.0 6.666666666666667 6.0 HYBRID 313.6666666666667 232.0 1.0 1.0 1.0 19.666666666666668 1.0 1.0 118.66666666666667 18.333333333333332 69.33333333333333 82.66666666666667 0.0 1.0 1.0 1.0 1.3333333333333333 1.0 1.0 1.3333333333333333 3.6666666666666665 185.66666666666666 35.0 0.0
query65 2.143333333333333 56% 0.0 70710.66666666667 1.0 1.0 2.0 2.0 PATH 36.0 11.0 1.0 1.0 1.0 1.0 1.0 9.666666666666666 9.666666666666666 1.0 9.666666666666666 1.0 0.0 1.0 1.0 1.0 1.0 1.0 1.3333333333333333 1.3333333333333333 1.0 1.3333333333333333 1.0 0.0
query75 4.623333333333333 57% 0.0 75604.0 1.0 1.0 5.666666666666667 5.0 HYBRID 78.0 25.333333333333332 3.3333333333333335 1.0 1.0 4.666666666666667 10.333333333333334 1.0 7.666666666666667 32.666666666666664 1.0 15.333333333333334 0.0 2.0 1.0 1.0 2.3333333333333335 1.3333333333333333 1.0 2.0 10.666666666666666 1.0 3.0 0.0
query9 20.72 20% 0.0 144292.0 1.0 1.0 6.666666666666667 6.0 HYBRID 926.0 275.0 57.333333333333336 57.0 1.0 1.0 109.0 1.0 171.66666666666666 171.33333333333334 355.6666666666667 1.0 0.0 9.0 5.333333333333333 1.0 1.0 1.3333333333333333 1.0 113.66666666666667 140.0 1.6666666666666667 1.0 0.0
query18 3.266666666666667 57% 0.0 73228.0 1.0 1.0 2.3333333333333335 2.0 PATH 92.0 18.0 1.6666666666666667 1.0 1.0 1.6666666666666667 1.6666666666666667 1.0 81.0 1.0 1.0 1.0 0.0 1.3333333333333333 1.0 1.0 1.3333333333333333 3.0 3.6666666666666665 1.3333333333333333 1.0 1.0 3.3333333333333335 0.0
query5 82.78333333333335 8% 0.0 257885.33333333334 1.0 1.0 3.3333333333333335 3.0 HYBRID 17568.0 1158.3333333333333 1.0 1.0 1.0 140.33333333333334 1.0 1.0 14874.333333333334 1.0 1273.6666666666667 1273.6666666666667 0.0 1.0 1.0 1.0 975.6666666666666 1.0 1.0 174.0 1.0 1.3333333333333333 1.3333333333333333 0.0
query11 4.173333333333333 73% 0.0 95577.33333333333 1.0 1.0 2.6666666666666665 2.0 STAR 929.3333333333334 37.666666666666664 1.0 64.33333333333333 1.0 64.66666666666667 67.33333333333333 1.0 67.33333333333333 1.0 132.66666666666666 529.0 0.0 1.0 5.333333333333333 1.0 5.333333333333333 5.666666666666667 1.0 5.666666666666667 1.0 9.666666666666666 2.0 0.0
query45 3.56 57% 0.0 72866.66666666667 1.0 1.0 3.6666666666666665 3.0 HYBRID 47.666666666666664 15.333333333333334 1.0 8.333333333333334 1.0 1.0 1.0 1.0 2.6666666666666665 12.666666666666666 5.666666666666667 13.333333333333334 0.0 1.0 2.0 1.0 1.0 1.0 1.0 2.0 1.3333333333333333 2.3333333333333335 2.6666666666666665 0.0
query98 5.263333333333334 90% 0.0 104037.33333333333 1.0 1.0 4.666666666666667 4.0 HYBRID 1510.0 54.333333333333336 102.0 301.0 1.0 102.0 148.66666666666666 399.0 1.0 1.0 153.33333333333334 301.0 0.0 8.0 1.3333333333333333 1.0 8.0 11.666666666666666 9.0 1.0 1.0 12.0 1.3333333333333333 0.0
query63 5.14 29% 0.0 103826.66666666667 1.0 1.0 2.6666666666666665 2.0 STAR 1089.6666666666667 81.0 1.0 1.0 22.333333333333332 8.0 1.0 32.0 1.0 8.0 1007.6666666666666 7.666666666666667 0.0 1.0 1.0 24.333333333333332 12.666666666666666 1.0 13.0 1.0 12.666666666666666 1.6666666666666667 12.666666666666666 0.0
query54 23.343333333333334 62% 0.0 150404.0 1.0 1.0 7.0 6.0 HYBRID 962.6666666666666 337.3333333333333 1.0 53.0 109.0 301.0 1.0 221.66666666666666 57.0 109.0 109.0 1.0 0.0 1.0 5.0 301.0 1.3333333333333333 1.0 10.0 5.666666666666667 10.0 1.3333333333333333 1.0 0.0
query21 3.356666666666667 63% 0.0 73290.66666666667 1.0 1.0 2.3333333333333335 2.0 STAR 125.0 15.333333333333334 1.0 25.666666666666668 1.0 1.0 33.666666666666664 42.0 11.0 7.666666666666667 1.0 1.0 0.0 1.0 1.3333333333333333 1.0 1.0 2.6666666666666665 1.3333333333333333 2.6666666666666665 2.3333333333333335 1.0 1.0 0.0
query16 47.04999999999999 41% 0.0 380641.3333333333 1.0 1.0 3.6666666666666665 3.0 STAR 1060206.6666666667 1100.0 1.0 1.0 1.0 1691.0 172878.33333333334 258283.66666666666 25660.333333333332 429502.3333333333 1.0 172187.0 0.0 1.0 1.0 1.0 1.3333333333333333 39.333333333333336 488.0 1.6666666666666667 526.6666666666666 1.0 39.0 0.0
query89 5.0600000000000005 55% 0.0 80824.0 1.0 1.0 4.333333333333333 4.0 HYBRID 50.333333333333336 50.333333333333336 1.0 1.3333333333333333 1.3333333333333333 1.3333333333333333 1.0 1.0 1.0 40.0 1.0 1.3333333333333333 0.0 1.0 1.3333333333333333 1.3333333333333333 1.3333333333333333 1.0 1.0 1.0 1.3333333333333333 1.0 40.0 0.0
query83 3.5933333333333337 62% 0.0 71772.0 1.0 1.0 2.0 2.0 PATH 147.0 11.0 1.0 46.666666666666664 1.0 1.0 1.0 92.33333333333333 1.0 1.0 1.0 1.0 0.0 1.0 1.3333333333333333 1.0 1.0 1.0 1.6666666666666667 1.0 1.0 1.0 1.0 0.0
query70 4.8533333333333335 77% 0.0 94932.0 1.0 1.0 2.3333333333333335 2.0 PATH 1105.3333333333333 46.0 1.0 1.0 1.0 63.0 1.0 1.0 70.66666666666667 66.66666666666667 395.6666666666667 504.3333333333333 0.0 1.0 1.0 1.0 12.333333333333334 1.0 1.0 13.0 12.666666666666666 1.6666666666666667 1.3333333333333333 0.0
query64 5.266666666666667 32% 0.0 82921.33333333333 1.0 1.0 7.333333333333333 7.0 HYBRID 56.333333333333336 53.0 19.666666666666668 1.0 1.0 1.0 1.0 2.6666666666666665 3.6666666666666665 23.333333333333332 2.0 1.0 0.0 1.3333333333333333 1.0 1.0 1.0 1.0 23.666666666666668 19.666666666666668 2.0 1.3333333333333333 1.0 0.0
query71 5.7633333333333345 81% 0.0 111196.0 1.0 1.0 3.6666666666666665 3.0 HYBRID 2224.6666666666665 73.0 1.0 1.0 1.0 181.33333333333334 278.3333333333333 687.6666666666666 199.66666666666666 198.0 377.0 299.6666666666667 0.0 1.0 1.0 1.0 16.666666666666668 8.333333333333334 1.3333333333333333 17.0 16.666666666666668 1.6666666666666667 8.333333333333334 0.0
query62 3.393333333333334 29% 0.0 71580.0 1.0 1.0 2.0 2.0 STAR 140.0 11.0 1.0 44.333333333333336 1.0 1.0 44.333333333333336 44.333333333333336 1.0 1.0 1.0 1.0 0.0 1.0 1.3333333333333333 1.0 1.0 1.3333333333333333 1.3333333333333333 1.0 1.0 1.0 1.0 0.0
query13 4.523333333333333 67% 0.0 95880.0 1.0 1.0 2.3333333333333335 2.0 STAR 1579.3333333333333 58.333333333333336 1.0 229.33333333333334 1.0 1.0 1.0 99.0 232.33333333333334 1.0 326.0 687.6666666666666 0.0 1.0 16.666666666666668 1.0 1.0 1.0 1.3333333333333333 17.0 1.0 17.0 1.3333333333333333 0.0
query8 5.826666666666667 64% 0.0 100228.0 1.0 1.0 3.6666666666666665 3.0 HYBRID 1116.6666666666667 57.666666666666664 77.0 1.0 76.66666666666667 1.0 1.0 501.0 1.0 1.0 304.3333333333333 152.66666666666666 0.0 18.666666666666668 1.0 18.333333333333332 1.0 1.0 1.3333333333333333 1.0 1.0 13.0 1.3333333333333333 0.0
query23 3.3866666666666667 60% 0.0 73253.33333333333 1.0 1.0 2.3333333333333335 2.0 STAR 124.0 15.333333333333334 1.0 1.0 1.0 2.0 1.0 60.666666666666664 1.0 13.333333333333334 1.0 42.0 0.0 1.0 1.0 1.0 2.3333333333333335 1.0 3.0 1.0 2.6666666666666665 1.0 1.3333333333333333 0.0
query97 4.6499999999999995 84% 0.0 90672.0 1.0 1.0 4.0 3.0 STAR 490.0 42.666666666666664 1.0 10.333333333333334 11.333333333333334 1.0 1.0 12.666666666666666 13.0 227.66666666666666 211.0 1.0 0.0 1.0 6.0 1.3333333333333333 1.0 1.0 6.333333333333333 8.333333333333334 9.666666666666666 7.0 1.0 0.0
query88 2.9633333333333334 69% 0.0 85045.33333333333 1.0 1.0 3.6666666666666665 3.0 STAR 651.0 28.0 72.0 82.66666666666667 1.0 212.66666666666666 1.0 72.0 70.66666666666667 131.0 7.0 1.0 0.0 6.0 1.6666666666666667 1.0 1.3333333333333333 1.0 6.0 6.666666666666667 1.6666666666666667 1.6666666666666667 1.0 0.0
query52 3.436666666666666 80% 0.0 90129.33333333333 1.0 1.0 2.3333333333333335 2.0 PATH 784.6666666666666 46.0 1.0 1.0 1.0 63.0 1.0 1.0 70.66666666666667 66.66666666666667 75.0 504.3333333333333 0.0 1.0 1.0 1.0 12.333333333333334 1.0 1.0 13.0 12.666666666666666 1.6666666666666667 1.3333333333333333 0.0
query37 7.976666666666667 45% 0.0 91294.66666666667 1.0 1.0 6.0 5.0 HYBRID 236.66666666666666 84.33333333333333 20.666666666666668 1.0 7.666666666666667 8.333333333333334 1.0 61.0 26.0 32.666666666666664 72.66666666666667 5.666666666666667 0.0 3.6666666666666665 1.0 2.3333333333333335 3.0 1.0 57.0 8.0 3.0 2.3333333333333335 3.0 0.0
query24 80.10333333333334 14% 0.0 281145.3333333333 1.0 1.0 7.0 7.0 HYBRID 2344.6666666666665 1178.6666666666667 1.0 390.0 1.0 390.0 1.0 301.0 1.0 1.0 568.6666666666666 690.0 0.0 1.0 301.0 1.0 65.33333333333333 1.0 1.3333333333333333 1.0 1.0 301.3333333333333 504.6666666666667 0.0
query10 7.783333333333334 59% 0.0 89668.0 1.0 1.0 5.0 5.0 HYBRID 111.33333333333333 73.33333333333333 1.0 14.0 1.0 1.0 48.666666666666664 28.666666666666668 1.0 1.0 1.0 14.0 0.0 1.0 15.666666666666666 1.0 1.0 1.3333333333333333 1.6666666666666667 1.0 1.0 1.0 48.666666666666664 0.0
query96 3.6966666666666668 57% 0.0 72662.66666666667 1.0 1.0 4.666666666666667 4.0 HYBRID 30.666666666666668 15.333333333333334 1.0 1.0 14.0 1.6666666666666667 1.0 1.0 1.0 1.0 1.6666666666666667 7.333333333333333 0.0 1.0 1.0 1.3333333333333333 1.3333333333333333 1.0 1.0 1.0 1.0 3.0 3.6666666666666665 0.0
query6 5.613333333333333 65% 0.0 81772.0 1.0 1.0 6.666666666666667 5.0 HYBRID 171.0 35.0 1.0 2.0 1.0 1.0 3.0 69.33333333333333 6.333333333333333 66.0 7.0 14.333333333333334 0.0 1.0 1.6666666666666667 1.0 1.0 2.3333333333333335 1.6666666666666667 5.0 7.0 12.0 2.3333333333333335 0.0
query53 7.003333333333333 57% 0.0 90686.66666666667 1.0 1.0 4.666666666666667 4.0 STAR 134.0 84.0 2.0 1.0 1.0 2.3333333333333335 1.0 114.33333333333333 1.0 4.666666666666667 5.0 1.6666666666666667 0.0 1.3333333333333333 1.0 1.0 3.3333333333333335 1.0 2.3333333333333335 1.0 1.3333333333333333 70.0 1.6666666666666667 0.0
query66 1217.3766666666668 0% 0.0 80065.33333333333 0.3333333333333333 1.0 7.333333333333333 7.0 HYBRID 160194.0 18234.0 1.0 1.0 15.666666666666666 1.0 1.0 1.0 4.0 255.33333333333334 96.33333333333333 159817.66666666666 0.0 1.0 1.0 9.0 1.0 1.0 1.0 9261.0 8702.0 255.33333333333334 1.6666666666666667 0.0
query41 5.8 58% 0.0 116277.33333333333 1.0 1.0 4.0 3.0 STAR 1845.3333333333333 117.0 1.0 229.66666666666666 49.0 104.0 52.0 64.66666666666667 232.0 1.0 275.0 837.0 0.0 1.0 17.0 16.666666666666668 20.666666666666668 4.666666666666667 17.333333333333332 16.666666666666668 1.0 20.333333333333332 1.6666666666666667 0.0
query27 51.53 116% 0.0 213941.33333333334 1.0 1.0 4.666666666666667 4.0 HYBRID 7099.0 818.6666666666666 533.6666666666666 1546.0 1.0 1.0 505.6666666666667 1768.3333333333333 773.0 1.0 1460.6666666666667 508.6666666666667 0.0 6.666666666666667 687.6666666666666 1.0 1.0 6.333333333333333 1.6666666666666667 53.0 1.0 54.0 6.333333333333333 0.0
query33 4.086666666666667 75% 0.0 87982.66666666667 1.0 1.0 2.3333333333333335 2.0 PATH 1675.3333333333333 25.666666666666668 413.3333333333333 1.0 1.0 569.6666666666666 1.0 1.0 1.0 1.0 367.3333333333333 319.0 0.0 5.666666666666667 1.0 1.0 6.0 1.0 1.0 1.0 1.0 1.6666666666666667 6.333333333333333 0.0
query28 3.4066666666666667 55% 0.0 72553.33333333333 1.0 1.0 3.6666666666666665 3.0 STAR 17.666666666666668 13.666666666666666 1.0 1.0 1.0 1.0 1.0 1.3333333333333333 1.3333333333333333 1.3333333333333333 7.666666666666667 1.0 0.0 1.0 1.0 1.3333333333333333 1.0 1.0 1.3333333333333333 2.0 2.3333333333333335 1.6666666666666667 1.0 0.0
query14 143.22333333333333 14% 0.0 290305.3333333333 1.0 1.0 7.0 7.0 HYBRID 2710.0 2047.0 1.0 1.0 222.33333333333334 1.0 1.0 222.33333333333334 1.0 419.6666666666667 1153.0 687.6666666666666 0.0 1.0 1.0 577.0 1.0 1.0 198.33333333333334 1.0 577.3333333333334 688.0 1.3333333333333333 0.0
query3 4.783333333333334 70% 0.0 81885.33333333333 1.0 1.0 4.0 3.0 HYBRID 242.0 29.666666666666668 1.0 2.6666666666666665 1.0 6.0 5.0 1.0 4.666666666666667 5.0 5.666666666666667 210.0 0.0 1.0 1.6666666666666667 1.0 8.666666666666666 2.0 1.0 1.6666666666666667 8.333333333333334 2.3333333333333335 2.0 0.0
query20 830.5833333333334 5% 0.0 276094.6666666667 1.0 1.0 6.0 6.0 HYBRID 14217.666666666666 12677.666666666666 1.0 1.0 1.0 1.0 1.0 6334.333333333333 514.6666666666666 1.0 514.6666666666666 6848.0 0.0 1.0 1.0 1.0 1.0 1.0 1.3333333333333333 6334.333333333333 1.0 1.3333333333333333 6334.666666666667 0.0
query94 5.1466666666666665 101% 0.0 108609.33333333333 1.0 1.0 2.3333333333333335 2.0 STAR 2756.6666666666665 58.333333333333336 1.0 229.33333333333334 1.0 1.0 1.0 687.6666666666666 232.0 1.0 915.0 687.6666666666666 0.0 1.0 16.666666666666668 1.0 1.0 1.0 1.3333333333333333 16.666666666666668 1.0 17.333333333333332 1.3333333333333333 0.0
query34 3.933333333333333 53% 0.0 74652.0 1.0 1.0 6.0 2.0 STAR 85.33333333333333 22.0 1.0 1.0 1.0 7.333333333333333 4.333333333333333 1.0 8.0 23.333333333333332 27.0 11.333333333333334 0.0 1.0 1.0 1.0 1.3333333333333333 1.3333333333333333 1.0 1.3333333333333333 4.666666666666667 7.333333333333333 2.0 0.0
query19 5.053333333333334 30% 0.0 78662.66666666667 1.0 1.0 4.333333333333333 4.0 STAR 45.0 39.0 1.0 1.0 1.0 2.6666666666666665 1.0 2.6666666666666665 27.666666666666668 2.6666666666666665 4.333333333333333 1.0 0.0 1.0 1.0 1.0 1.3333333333333333 1.0 27.666666666666668 1.3333333333333333 2.3333333333333335 1.3333333333333333 1.0 0.0
query47 13.483333333333334 105% 0.0 177813.33333333334 1.0 1.0 3.3333333333333335 3.0 HYBRID 14050.0 434.6666666666667 1.0 2112.0 1.0 1.0 1.0 687.6666666666666 2112.3333333333335 1.0 2798.6666666666665 6334.333333333333 0.0 1.0 142.0 1.0 1.0 1.0 1.3333333333333333 142.33333333333334 1.0 142.66666666666666 1.3333333333333333 0.0
query86 3.9499999999999997 92% 0.0 92177.33333333333 1.0 1.0 2.0 2.0 STAR 1439.0 11.0 1.0 1.0 1.0 1.0 1.0 1.0 1.0 953.6666666666666 477.3333333333333 1.0 0.0 1.0 1.0 1.0 1.0 1.0 1.0 1.0 1.6666666666666667 1.3333333333333333 1.0 0.0
query90 4.9799999999999995 57% 0.0 86464.0 1.0 1.0 4.333333333333333 4.0 HYBRID 216.33333333333334 44.666666666666664 1.0 33.333333333333336 1.0 27.666666666666668 1.0 83.66666666666667 33.333333333333336 1.0 1.0 33.333333333333336 0.0 1.0 1.3333333333333333 1.0 1.3333333333333333 1.0 1.3333333333333333 8.0 1.0 1.0 27.666666666666668 0.0
query91 3.473333333333333 59% 0.0 71689.33333333333 1.0 1.0 2.0 2.0 STAR 146.0 11.0 1.0 1.0 91.66666666666667 1.0 1.0 46.333333333333336 1.0 1.0 1.0 1.0 0.0 1.0 1.0 1.6666666666666667 1.0 1.0 1.3333333333333333 1.0 1.0 1.0 1.0 0.0
query15 3.6199999999999997 60% 0.0 82845.33333333333 1.0 1.0 2.3333333333333335 2.0 STAR 653.6666666666666 28.0 1.0 106.0 1.0 1.0 37.0 103.66666666666667 234.0 1.0 1.0 168.0 0.0 1.0 6.666666666666667 1.0 1.0 1.3333333333333333 6.666666666666667 1.3333333333333333 1.0 1.0 7.0 0.0
query49 54.22 105% 0.0 172789.33333333334 1.0 1.0 4.0 4.0 HYBRID 2310.0 811.0 1.0 1.0 1.0 801.0 1.0 501.0 1.0 1.0 1.0 1001.0 0.0 1.0 1.0 1.0 1.3333333333333333 1.0 1.3333333333333333 1.0 1.0 1.0 801.3333333333334 0.0
query56 7.396666666666667 88% 0.0 129325.33333333333 1.0 1.0 4.0 3.0 STAR 3491.6666666666665 120.66666666666667 212.0 1.0 201.33333333333334 431.0 1.0 513.0 856.6666666666666 637.3333333333334 1.0 637.3333333333334 0.0 15.333333333333334 1.0 8.0 23.0 1.0 16.0 9.0 45.0 1.0 1.3333333333333333 0.0
query51 2.5366666666666666 71% 0.0 79572.0 1.0 1.0 2.0 2.0 STAR 453.0 11.0 1.0 148.66666666666666 1.0 1.0 1.0 1.0 148.66666666666666 148.66666666666666 1.0 1.0 0.0 1.0 1.3333333333333333 1.0 1.0 1.0 1.0 1.3333333333333333 1.3333333333333333 1.0 1.0 0.0
query76 3.9466666666666668 74% 0.0 82072.0 1.0 1.0 2.0 2.0 STAR 554.0 11.0 182.33333333333334 1.0 1.0 1.0 1.0 1.0 182.33333333333334 1.0 1.0 182.33333333333334 0.0 1.3333333333333333 1.0 1.0 1.0 1.0 1.0 1.3333333333333333 1.0 1.0 1.3333333333333333 0.0
query73 4.163333333333334 69% 0.0 80650.66666666667 1.0 1.0 4.0 3.0 STAR 272.6666666666667 28.0 7.0 1.0 1.0 1.0 12.333333333333334 25.666666666666668 143.66666666666666 49.0 23.666666666666668 8.333333333333334 0.0 1.6666666666666667 1.0 1.0 1.0 6.333333333333333 8.333333333333334 1.3333333333333333 1.6666666666666667 3.3333333333333335 2.3333333333333335 0.0
query26 3.796666666666667 57% 0.0 74948.0 1.0 1.0 5.666666666666667 5.0 HYBRID 59.666666666666664 22.666666666666668 1.0 1.0 1.0 3.6666666666666665 8.0 1.0 7.666666666666667 23.666666666666668 1.0 11.666666666666666 0.0 1.0 1.0 1.0 2.0 1.3333333333333333 1.0 3.0 8.333333333333334 1.0 3.0 0.0
query61 3.393333333333333 27% 0.0 72058.66666666667 1.0 1.0 3.6666666666666665 3.0 STAR 19.666666666666668 13.666666666666666 1.0 1.0 1.6666666666666667 1.0 1.0 2.6666666666666665 1.0 1.0 7.666666666666667 1.6666666666666667 0.0 1.0 1.0 1.3333333333333333 1.0 1.0 2.0 1.0 1.0 1.6666666666666667 2.6666666666666665 0.0
query81 3.7933333333333334 80% 0.0 80509.33333333333 1.0 1.0 2.6666666666666665 2.0 PATH 901.3333333333334 16.333333333333332 1.0 158.0 1.0 1.0 1.0 158.0 171.66666666666666 264.6666666666667 34.333333333333336 110.66666666666667 0.0 1.0 1.6666666666666667 1.0 1.0 1.0 1.6666666666666667 2.3333333333333335 3.0 1.6666666666666667 2.0 0.0
query17 11.133333333333333 22% 0.0 100688.0 1.0 1.0 5.333333333333333 5.0 STAR 216.33333333333334 126.66666666666667 1.0 1.0 1.0 29.666666666666668 1.0 30.666666666666668 115.66666666666667 1.0 22.0 13.333333333333334 0.0 1.0 1.0 1.0 1.3333333333333333 1.0 86.33333333333333 1.6666666666666667 1.0 29.666666666666668 2.6666666666666665 0.0
query92 3.393333333333333 58% 0.0 70456.0 1.0 1.0 2.0 2.0 STAR 14.0 11.0 1.0 2.3333333333333335 1.0 2.3333333333333335 2.3333333333333335 1.0 1.0 1.0 1.0 1.0 0.0 1.0 1.3333333333333333 1.0 1.3333333333333333 1.3333333333333333 1.0 1.0 1.0 1.0 1.0 0.0
query77 6.6066666666666665 94% 0.0 106997.33333333333 1.0 1.0 3.6666666666666665 3.0 HYBRID 1813.0 68.0 1.0 107.33333333333333 1.0 1.0 115.66666666666667 1.0 332.6666666666667 809.0 1.0 443.3333333333333 0.0 1.0 12.333333333333334 1.0 1.0 12.0 1.0 24.666666666666668 1.6666666666666667 1.0 12.333333333333334 0.0
query30 25.899999999999995 16% 0.0 150128.0 1.0 1.0 4.666666666666667 4.0 STAR 723.0 339.0 16.666666666666668 45.666666666666664 1.0 1.0 25.333333333333332 34.333333333333336 1.0 25.666666666666668 294.0 278.3333333333333 0.0 3.0 1.3333333333333333 1.0 1.0 10.333333333333334 260.6666666666667 1.0 10.666666666666666 46.0 4.0 0.0
query82 4.616666666666666 62% 0.0 86620.0 1.0 1.0 2.3333333333333335 2.0 STAR 722.0 46.0 1.0 89.33333333333333 1.0 1.0 1.0 93.0 1.0 29.333333333333332 504.3333333333333 1.0 0.0 1.0 13.0 1.0 1.0 1.0 13.0 1.0 12.666666666666666 1.3333333333333333 1.0 0.0
query74 190.5233333333333 14% 0.0 354952.0 1.0 1.0 7.333333333333333 7.0 HYBRID 26940.0 2666.0 83.0 1.0 1.0 1.0 84.33333333333333 935.0 1.0 83.0 83.0 25667.666666666668 0.0 427.0 1.0 1.0 1.0 1.3333333333333333 1714.3333333333333 1.0 8.0 427.0 84.33333333333333 0.0
query4 34.28 31% 0.0 338694.6666666667 1.0 1.0 6.0 5.0 HYBRID 24570.0 834.0 1.0 1.0 2047.0 1.0 2048.3333333333335 6140.666666666667 2047.3333333333333 2048.0 2048.0 8187.666666666667 0.0 1.0 1.0 138.0 1.0 138.33333333333334 138.66666666666666 138.33333333333334 138.0 138.0 1.6666666666666667 0.0
query84 5.4433333333333325 61% 0.0 93888.0 1.0 1.0 4.0 3.0 STAR 710.3333333333334 60.0 4.333333333333333 2.3333333333333335 3.0 1.0 1.0 687.6666666666666 3.3333333333333335 1.3333333333333333 5.333333333333333 1.0 0.0 1.3333333333333333 1.6666666666666667 24.333333333333332 1.0 1.0 1.3333333333333333 25.333333333333332 1.3333333333333333 1.6666666666666667 1.0 0.0
query1 12.520000000000001 47% 0.0 99116.0 1.0 1.0 5.666666666666667 5.0 HYBRID 132.66666666666666 125.66666666666667 1.0 1.0 3.0 1.0 1.0 1.0 3.0 4.666666666666667 5.0 112.0 0.0 1.0 1.0 1.3333333333333333 1.0 1.0 1.0 2.0 1.3333333333333333 111.0 5.0 0.0
query36 4.87 83% 0.0 99869.33333333333 1.0 1.0 2.3333333333333335 2.0 PATH 1486.6666666666667 58.333333333333336 108.0 1.0 1.0 181.33333333333334 1.0 687.6666666666666 199.66666666666666 198.0 108.0 1.0 0.0 1.3333333333333333 1.0 1.0 16.666666666666668 1.0 1.3333333333333333 17.0 16.666666666666668 1.3333333333333333 1.0 0.0
query42 679.2399999999999 10% 0.0 139060.0 0.6666666666666666 1.0 7.333333333333333 7.0 HYBRID 26329.0 10403.666666666666 1.0 1.0 1.0 18.666666666666668 1.0 18.666666666666668 1.0 1085.6666666666667 44.333333333333336 25156.666666666668 0.0 1.0 1.0 1.0 19.666666666666668 1.0 1085.6666666666667 1.0 1.3333333333333333 9290.666666666666 1.3333333333333333 0.0
query25 3.686666666666666 91% 0.0 89264.0 1.0 1.0 2.0 2.0 PATH 1439.0 11.0 1.0 1.0 1.0 1.0 477.3333333333333 1.0 1.0 953.6666666666666 1.0 1.0 0.0 1.0 1.0 1.0 1.0 1.3333333333333333 1.0 1.0 1.6666666666666667 1.0 1.0 0.0
query22 5.076666666666666 85% 0.0 111486.66666666667 1.0 1.0 3.0 2.0 PATH 1711.0 76.0 1.0 96.0 191.66666666666666 88.0 88.0 301.0 87.33333333333333 86.0 171.0 601.0 0.0 1.0 8.333333333333334 15.0 8.0 8.0 1.3333333333333333 8.333333333333334 8.333333333333334 16.0 1.6666666666666667 0.0
query55 3.866666666666667 52% 0.0 84562.66666666667 1.0 1.0 5.0 4.0 HYBRID 309.0 30.666666666666668 11.666666666666666 13.333333333333334 1.0 201.33333333333334 1.0 1.0 1.0 1.0 39.666666666666664 38.0 0.0 2.3333333333333335 1.3333333333333333 1.0 1.3333333333333333 1.0 1.0 1.0 1.0 4.333333333333333 16.333333333333332 0.0
query87 8.053333333333333 64% 0.0 145824.0 0.9933333333333333 1.0 11.333333333333334 4.0 HYBRID 895.0 228.66666666666666 35.333333333333336 35.0 1.0 9.333333333333334 155.66666666666666 144.0 55.666666666666664 71.33333333333333 211.66666666666666 176.0 0.0 18.0 31.666666666666668 4.333333333333333 11.666666666666666 22.0 15.666666666666666 18.666666666666668 42.666666666666664 45.333333333333336 18.666666666666668 0.0
query48 2.9066666666666663 98% 0.0 94100.0 1.0 1.0 2.0 2.0 STAR 2070.0 11.0 1.0 1.0 1.0 1.0 1.0 687.6666666666666 1.0 1.0 1.0 1374.3333333333333 0.0 1.0 1.0 1.0 1.0 1.0 1.3333333333333333 1.0 1.0 1.0 1.6666666666666667 0.0
query40 4.88 56% 0.0 76882.66666666667 1.0 1.0 4.333333333333333 4.0 HYBRID 36.0 32.333333333333336 1.0 11.333333333333334 11.333333333333334 1.0 1.0 2.3333333333333335 1.3333333333333333 2.0 1.0 3.6666666666666665 0.0 1.0 1.3333333333333333 1.3333333333333333 1.0 1.0 1.3333333333333333 1.3333333333333333 1.3333333333333333 1.0 21.666666666666668 0.0
query39 45.03 21% 0.0 188440.0 1.0 1.0 7.333333333333333 7.0 HYBRID 761.6666666666666 639.6666666666666 1.0 139.0 1.0 1.0 10.0 49.666666666666664 1.0 477.3333333333333 1.0 80.66666666666667 0.0 1.0 1.3333333333333333 1.0 1.0 477.3333333333333 144.33333333333334 1.0 1.3333333333333333 1.0 10.333333333333334 0.0
query29 101.46666666666665 16% 0.0 274178.6666666667 1.0 1.0 5.0 5.0 HYBRID 2094.6666666666665 1515.6666666666667 1.0 194.33333333333334 1.0 477.3333333333333 1.0 151.33333333333334 1.0 1.0 194.33333333333334 1072.3333333333333 0.0 1.0 151.33333333333334 1.0 1.3333333333333333 1.0 1.3333333333333333 1.0 1.0 879.0 477.6666666666667 0.0
query85 4.223333333333334 63% 0.0 81525.33333333333 1.0 1.0 3.6666666666666665 3.0 STAR 314.6666666666667 26.333333333333332 15.666666666666666 1.0 42.666666666666664 1.0 1.0 16.0 23.0 95.66666666666667 13.0 105.66666666666667 0.0 3.0 1.0 1.3333333333333333 1.0 1.0 3.3333333333333335 5.333333333333333 5.666666666666667 3.3333333333333335 1.3333333333333333 0.0
query32 3.973333333333333 95% 0.0 90165.33333333333 1.0 1.0 2.0 2.0 PATH 1510.0 11.0 1.0 1.0 1.0 1.0 1.0 501.0 1.0 1.0 1.0 1001.0 0.0 1.0 1.0 1.0 1.0 1.0 1.3333333333333333 1.0 1.0 1.0 1.6666666666666667 0.0
query2 6.32 77% 0.0 113316.0 1.0 1.0 3.6666666666666665 3.0 HYBRID 2622.0 73.0 1.0 1.0 1.0 181.33333333333334 277.6666666666667 687.6666666666666 199.66666666666666 198.0 774.3333333333334 300.3333333333333 0.0 1.0 1.0 1.0 16.666666666666668 8.0 1.3333333333333333 17.0 16.666666666666668 1.6666666666666667 8.666666666666666 0.0
query43 7.553333333333334 41% 0.0 114797.33333333333 1.0 1.0 3.6666666666666665 3.0 PATH 2510.0 81.0 1.0 248.66666666666666 1.0 1.0 248.66666666666666 501.0 1.0 1.0 505.6666666666667 1001.0 0.0 1.0 18.333333333333332 1.0 1.0 18.333333333333332 1.3333333333333333 1.0 1.0 36.333333333333336 1.6666666666666667 0.0
query78 5.776666666666666 69% 0.0 89218.66666666667 1.0 1.0 4.0 3.0 STAR 491.0 46.0 1.0 1.0 1.0 5.666666666666667 11.0 231.33333333333334 3.6666666666666665 1.0 234.33333333333334 1.0 0.0 1.0 1.0 1.0 9.333333333333334 17.333333333333332 1.6666666666666667 2.3333333333333335 1.0 10.333333333333334 1.0 0.0
query59 43.626666666666665 42% 0.0 293194.6666666667 1.0 1.0 3.6666666666666665 3.0 STAR 1050832.0 1100.0 1.0 1.0 1.0 1691.0 172878.33333333334 258283.66666666666 16285.666666666666 429502.3333333333 1.0 172187.0 0.0 1.0 1.0 1.0 1.3333333333333333 39.333333333333336 488.0 1.6666666666666667 526.6666666666666 1.0 39.0 0.0
query35 4.036666666666666 80% 0.0 85000.0 1.0 1.0 4.0 3.0 STAR 316.6666666666667 34.333333333333336 5.0 13.666666666666666 1.0 1.6666666666666667 3.0 3.3333333333333335 258.6666666666667 4.0 18.0 8.333333333333334 0.0 1.6666666666666667 1.3333333333333333 1.0 7.333333333333333 7.0 2.0 1.3333333333333333 2.0 7.666666666666667 3.0 0.0
query12 12.906666666666666 16% 0.0 106313.33333333333 1.0 1.0 5.666666666666667 5.0 HYBRID 187.0 158.33333333333334 1.0 1.0 1.0 145.33333333333334 8.0 1.0 4.666666666666667 9.666666666666666 7.666666666666667 7.666666666666667 0.0 1.0 1.0 1.0 1.6666666666666667 1.3333333333333333 1.0 2.0 145.0 3.0 1.3333333333333333 0.0
query95 24.486666666666668 65% 0.0 241697.33333333334 1.0 1.0 4.666666666666667 4.0 HYBRID 14227.333333333334 858.3333333333334 1.0 448.6666666666667 248.66666666666666 1.0 1.0 81.0 519.0 258.3333333333333 1.0 12667.666666666666 0.0 1.0 283.0 142.0 1.0 1.0 1.3333333333333333 284.0 142.33333333333334 1.0 1.6666666666666667 0.0
query7 6.363333333333333 79% 0.0 102632.0 1.0 1.0 3.6666666666666665 3.0 STAR 1116.6666666666667 57.666666666666664 52.0 55.333333333333336 47.333333333333336 1.0 1.0 501.0 152.66666666666666 1.0 152.66666666666666 152.66666666666666 0.0 12.333333333333334 12.666666666666666 13.0 1.0 1.0 1.3333333333333333 12.666666666666666 1.0 1.3333333333333333 1.3333333333333333 0.0
