query89 45.93333333333333 34% 0.0 329274.6666666667 1.0 1.0 15.333333333333334 4.0 HYBRID 8970.0 2169.6666666666665 934.0 987.0 297.0 1767.0 288.0 773.0 298.0 1184.0 755.0 1687.0 0.0 101.33333333333333 207.0 171.33333333333334 421.0 159.0 279.3333333333333 207.0 90.66666666666667 242.33333333333334 290.6666666666667 0.0
query64 1800.006666666667 0% 0.0 1429.3333333333333 0.0 1.0 33.666666666666664 7.0 HYBRID 694066.0 100348.33333333333 153857.66666666666 175.66666666666666 175.66666666666666 769.3333333333334 153633.66666666666 77054.33333333333 230.0 77217.0 77385.0 153567.66666666666 0.0 12792.333333333334 3956.0 3956.0 17706.666666666668 7904.0 9153.333333333334 4924.333333333333 14069.0 17986.333333333332 7900.333333333333 0.0
query41 123.58666666666666 28% 0.0 350601.3333333333 1.0 1.0 16.0 3.0 STAR 39539.0 7577.666666666667 1651.3333333333333 5763.0 4402.0 3493.0 3459.3333333333335 5804.666666666667 2219.0 2443.6666666666665 5112.666666666667 5190.333333333333 0.0 282.6666666666667 884.3333333333334 1635.0 718.3333333333334 421.6666666666667 1181.0 421.0 736.3333333333334 421.6666666666667 875.6666666666666 0.0
query83 6.266666666666667 104% 0.0 151942.66666666666 1.0 1.0 9.0 2.0 PATH 6465.0 226.0 53.666666666666664 809.0 1378.0 713.0 63.666666666666664 2090.0 665.3333333333334 670.3333333333334 16.0 6.0 0.0 14.0 14.666666666666666 25.333333333333332 14.0 35.333333333333336 36.0 13.666666666666666 24.333333333333332 35.0 13.666666666666666 0.0
query37 21.0 60% 0.0 310801.3333333333 1.0 1.0 26.0 5.0 HYBRID 23822.0 1401.0 342.6666666666667 2425.3333333333335 4732.666666666667 2898.6666666666665 86.66666666666667 7183.666666666667 2621.3333333333335 2865.3333333333335 581.6666666666666 84.0 0.0 101.33333333333333 90.66666666666667 148.33333333333334 115.0 183.66666666666666 208.0 101.33333333333333 161.66666666666666 218.0 73.0 0.0
query1 41.09 29% 0.0 305342.6666666667 1.0 1.0 23.666666666666668 5.0 HYBRID 8562.666666666666 1511.3333333333333 779.6666666666666 666.0 1266.6666666666667 978.0 536.3333333333334 575.6666666666666 765.0 1256.3333333333333 534.6666666666666 1204.3333333333333 0.0 161.33333333333334 228.0 187.66666666666666 169.33333333333334 241.66666666666666 36.666666666666664 87.33333333333333 203.66666666666666 117.33333333333333 78.33333333333333 0.0
query35 6.77 79% 0.0 133125.33333333334 1.0 1.0 12.333333333333334 3.0 STAR 1232.0 251.0 74.66666666666667 174.33333333333334 67.0 30.333333333333332 128.66666666666666 177.33333333333334 184.66666666666666 171.33333333333334 104.66666666666667 119.0 0.0 31.666666666666668 29.333333333333332 26.666666666666668 12.666666666666666 29.666666666666668 29.0 26.0 21.0 18.666666666666668 26.333333333333332 0.0
query21 5.57 72% 0.0 105541.33333333333 1.0 1.0 11.666666666666666 2.0 STAR 1133.0 131.66666666666666 5.0 126.33333333333333 164.0 124.0 206.33333333333334 164.33333333333334 85.33333333333333 86.66666666666667 88.0 83.0 0.0 4.0 14.333333333333334 14.0 14.0 24.666666666666668 14.333333333333334 14.0 14.333333333333334 14.333333333333334 3.6666666666666665 0.0
query90 56.56333333333333 37% 0.0 330460.0 1.0 1.0 23.0 4.0 HYBRID 20906.0 3232.0 1559.0 3065.6666666666665 1190.0 3336.0 2159.6666666666665 1545.3333333333333 2018.0 2585.0 1824.6666666666667 1622.6666666666667 0.0 317.0 360.0 314.0 513.0 360.0 138.33333333333334 369.6666666666667 493.3333333333333 173.0 193.66666666666666 0.0
query27 244.57333333333335 25% 0.0 357332.0 1.0 1.0 22.0 4.0 HYBRID 459011.0 18585.333333333332 4792.333333333333 58836.333333333336 94436.0 48737.666666666664 6537.0 144017.33333333334 48268.666666666664 44549.666666666664 5112.0 3724.0 0.0 1375.3333333333333 2390.6666666666665 1965.0 1324.3333333333333 2710.0 3015.3333333333335 1051.3333333333333 1487.6666666666667 2256.0 1009.6666666666666 0.0
query68 18.443333333333335 45% 0.0 222796.0 1.0 1.0 12.333333333333334 3.0 HYBRID 3043.6666666666665 660.3333333333334 46.666666666666664 342.6666666666667 485.0 243.33333333333334 246.0 523.3333333333334 12.333333333333334 416.3333333333333 189.0 539.0 0.0 4.666666666666667 116.0 74.33333333333333 54.333333333333336 113.0 118.0 29.666666666666668 90.0 31.0 29.333333333333332 0.0
query85 22.183333333333334 55% 0.0 278785.3333333333 1.0 1.0 13.666666666666666 3.0 STAR 7703.333333333333 1101.3333333333333 1099.0 400.3333333333333 1043.0 425.6666666666667 1.0 1687.0 735.3333333333334 511.3333333333333 712.3333333333334 1088.3333333333333 0.0 173.0 94.66666666666667 148.66666666666666 64.33333333333333 4.0 256.3333333333333 88.66666666666667 34.666666666666664 92.33333333333333 144.66666666666666 0.0
query65 3.0666666666666664 65% 0.0 85481.33333333333 1.0 1.0 6.0 2.0 PATH 322.0 63.0 27.0 61.666666666666664 9.666666666666666 18.333333333333332 9.666666666666666 61.666666666666664 35.666666666666664 1.0 61.666666666666664 35.666666666666664 0.0 6.333333333333333 10.0 3.3333333333333335 3.6666666666666665 3.3333333333333335 10.0 6.666666666666667 3.0 10.0 6.666666666666667 0.0
query59 1792.2 0% 0.0 282374.6666666667 0.9933333333333333 1.0 17.666666666666668 3.0 STAR 40980071.666666664 119599.66666666667 764.6666666666666 13693.666666666666 4723227.0 13550418.666666666 100955.33333333333 9135433.0 4470177.0 8897178.666666666 44144.666666666664 44079.0 0.0 39.333333333333336 8490.666666666666 17186.666666666668 25654.333333333332 8395.333333333334 25672.333333333332 8394.0 25671.0 39.666666666666664 56.333333333333336 0.0
query81 5.080000000000001 135% 0.0 139222.66666666666 1.0 1.0 9.333333333333334 2.0 PATH 11710.0 123.33333333333333 83.66666666666667 2540.6666666666665 71.66666666666667 22.0 1341.6666666666667 1271.0 2524.3333333333335 2507.6666666666665 72.0 1275.3333333333333 0.0 12.666666666666666 17.0 12.666666666666666 7.666666666666667 18.333333333333332 8.0 13.0 12.333333333333334 8.666666666666666 13.0 0.0
query86 25.13 47% 0.0 298412.0 1.0 1.0 11.333333333333334 2.0 STAR 33635.333333333336 909.3333333333334 3261.0 478.0 1.6666666666666667 6996.333333333333 478.6666666666667 3260.6666666666665 3737.3333333333335 7471.666666666667 7472.0 478.0 0.0 100.66666666666667 4.0 3.6666666666666665 197.33333333333334 4.0 100.33333333333333 100.33333333333333 197.33333333333334 198.0 3.6666666666666665 0.0
query29 1161.3466666666666 16% 0.0 525401.3333333334 1.0 1.0 33.333333333333336 5.0 HYBRID 432196.0 85926.33333333333 64563.0 22203.0 48530.666666666664 57716.666666666664 20741.666666666668 28740.0 28022.333333333332 21592.333333333332 66347.66666666667 73738.66666666667 0.0 11407.666666666666 5845.333333333333 6198.666666666667 6103.0 16433.333333333332 496.3333333333333 482.3333333333333 10685.333333333334 11106.666666666666 17167.666666666668 0.0
query18 7.073333333333333 80% 0.0 146194.66666666666 1.0 1.0 10.0 2.0 PATH 758.0 300.0 163.0 3.6666666666666665 5.333333333333333 165.0 4.666666666666667 84.66666666666667 241.0 4.0 83.66666666666667 3.0 0.0 21.333333333333332 38.666666666666664 39.0 39.0 38.666666666666664 39.0 4.0 38.333333333333336 21.333333333333332 20.666666666666668 0.0
query26 308.5133333333334 19% 0.0 352065.3333333333 1.0 1.0 27.666666666666668 5.0 HYBRID 73337.33333333333 21398.666666666668 7834.0 6180.333333333333 8395.0 3718.3333333333335 8153.333333333333 6943.333333333333 3000.3333333333335 10349.333333333334 6353.666666666667 12409.666666666666 0.0 2016.3333333333333 1597.3333333333333 2486.3333333333335 2134.3333333333335 1537.0 1858.0 2458.0 2208.6666666666665 1788.3333333333333 3314.3333333333335 0.0
query43 101.25666666666666 29% 0.0 348006.6666666667 1.0 1.0 14.333333333333334 3.0 PATH 66439.66666666667 4298.333333333333 6947.333333333333 6087.666666666667 2149.3333333333335 8932.333333333334 5746.666666666667 17362.666666666668 2307.6666666666665 219.33333333333334 2820.3333333333335 13866.333333333334 0.0 486.3333333333333 345.0 136.0 587.3333333333334 355.6666666666667 1147.3333333333333 148.33333333333334 4.666666666666667 148.33333333333334 939.3333333333334 0.0
query34 4.22 73% 0.0 79776.0 1.0 1.0 12.333333333333334 2.0 STAR 196.0 69.33333333333333 23.333333333333332 6.333333333333333 1.6666666666666667 33.0 6.0 17.333333333333332 24.0 38.0 35.0 11.333333333333334 0.0 7.333333333333333 4.0 3.6666666666666665 10.666666666666666 4.0 7.0 7.333333333333333 10.666666666666666 10.666666666666666 4.0 0.0
query20 1800.006666666667 0% 0.0 1432.0 0.0 1.0 30.0 6.0 HYBRID 1677320.3333333333 126851.66666666667 363993.0 5816.333333333333 530.6666666666666 896.0 363633.0 184784.33333333334 4745.666666666667 188983.33333333334 194293.0 369645.0 0.0 17734.333333333332 8991.333333333334 9212.333333333334 18115.666666666668 17736.666666666668 8893.0 460.0 9236.0 18385.0 18087.333333333332 0.0
query88 39.413333333333334 36% 0.0 331185.3333333333 1.0 1.0 11.666666666666666 3.0 STAR 24851.0 1556.0 37.0 4660.666666666667 3524.3333333333335 2715.3333333333335 2803.3333333333335 1994.3333333333333 854.0 818.0 5485.666666666667 1958.3333333333333 0.0 6.333333333333333 334.0 173.0 169.33333333333334 175.0 171.66666666666666 10.333333333333334 8.0 339.3333333333333 169.0 0.0
query75 420.53666666666663 21% 0.0 357618.6666666667 1.0 1.0 29.666666666666668 5.0 HYBRID 96540.0 27160.666666666668 13677.333333333334 5692.666666666667 7547.0 6423.666666666667 10717.333333333334 10085.666666666666 7704.333333333333 13175.0 11340.333333333334 10176.666666666666 0.0 2784.0 2316.6666666666665 3085.3333333333335 3069.0 2207.3333333333335 2286.6666666666665 3148.6666666666665 2396.6666666666665 2028.0 3838.3333333333335 0.0
query38 421.3666666666666 18% 0.0 397268.0 1.0 1.0 31.0 6.0 HYBRID 264063.3333333333 19011.333333333332 24260.666666666668 13064.333333333334 27464.333333333332 8524.0 50161.0 38623.666666666664 31578.333333333332 7946.666666666667 58813.0 3627.3333333333335 0.0 1687.3333333333333 1498.6666666666667 2056.6666666666665 841.3333333333334 3410.3333333333335 2890.6666666666665 2135.6666666666665 488.0 3912.6666666666665 90.0 0.0
query23 5.68 94% 0.0 128818.66666666667 1.0 1.0 14.666666666666666 2.0 STAR 1127.0 224.66666666666666 7.666666666666667 124.0 239.0 119.0 52.666666666666664 316.0 82.66666666666667 85.0 15.666666666666666 85.33333333333333 0.0 14.333333333333334 14.333333333333334 24.333333333333332 14.0 35.0 35.0 14.0 24.666666666666668 35.0 14.0 0.0
query63 31.59 30% 0.0 296361.3333333333 1.0 1.0 11.333333333333334 2.0 STAR 6756.666666666667 1255.3333333333333 16.0 1096.0 644.6666666666666 783.6666666666666 507.0 674.3333333333334 711.6666666666666 301.0 1224.3333333333333 798.0 0.0 3.6666666666666665 135.33333333333334 409.3333333333333 147.0 4.0 278.3333333333333 4.0 134.66666666666666 4.0 135.0 0.0
query40 9.75 60% 0.0 147566.66666666666 1.0 1.0 17.666666666666668 4.0 HYBRID 1511.0 334.6666666666667 41.0 144.33333333333334 206.0 196.0 206.33333333333334 206.33333333333334 133.33333333333334 92.66666666666667 130.0 155.0 0.0 8.666666666666666 69.33333333333333 36.333333333333336 21.333333333333332 26.666666666666668 36.666666666666664 54.0 34.0 36.666666666666664 11.0 0.0
query71 128.93333333333334 32% 0.0 351892.0 1.0 1.0 16.0 3.0 HYBRID 74723.0 7577.666666666667 7019.333333333333 4258.0 26.0 12824.0 3459.3333333333335 8262.666666666666 7587.0 11713.666666666666 15848.666666666666 3724.3333333333335 0.0 718.3333333333334 421.3333333333333 282.3333333333333 1181.3333333333333 421.6666666666667 736.3333333333334 884.0 1199.3333333333333 1311.3333333333333 421.6666666666667 0.0
query5 9.156666666666666 103% 0.0 225742.66666666666 1.0 1.0 18.0 3.0 HYBRID 18536.0 353.3333333333333 173.0 7.666666666666667 2340.0 2503.6666666666665 3582.0 89.66666666666667 4183.333333333333 1978.6666666666667 1696.3333333333333 1981.6666666666667 0.0 26.0 43.333333333333336 41.666666666666664 44.0 44.666666666666664 46.0 10.666666666666666 44.666666666666664 25.666666666666668 26.666666666666668 0.0
query57 32.339999999999996 42% 0.0 304644.0 1.0 1.0 17.333333333333332 3.0 HYBRID 6864.666666666667 1331.3333333333333 27.0 1105.6666666666667 568.6666666666666 808.0 517.3333333333334 781.3333333333334 795.6666666666666 299.3333333333333 1245.3333333333333 716.3333333333334 0.0 139.66666666666666 139.66666666666666 12.0 270.6666666666667 159.33333333333334 290.3333333333333 8.666666666666666 12.0 290.3333333333333 8.666666666666666 0.0
query13 33.20666666666667 60% 0.0 334366.6666666667 1.0 1.0 13.0 2.0 STAR 26411.0 3509.6666666666665 1651.3333333333333 4258.0 26.0 2088.0 3459.3333333333335 2894.6666666666665 2219.0 977.6666666666666 5112.666666666667 3724.3333333333335 0.0 281.6666666666667 420.3333333333333 281.3333333333333 281.6666666666667 420.6666666666667 281.3333333333333 420.0 281.3333333333333 420.6666666666667 420.6666666666667 0.0
query7 57.86666666666667 35% 0.0 334813.3333333333 1.0 1.0 11.0 3.0 STAR 23611.0 3300.0 3876.6666666666665 456.0 1822.6666666666667 3534.3333333333335 458.0 2167.6666666666665 2968.6666666666665 457.0 3878.6666666666665 3991.3333333333335 0.0 420.3333333333333 165.66666666666666 258.0 350.6666666666667 489.0 97.0 97.0 327.3333333333333 420.3333333333333 674.6666666666666 0.0
query48 33.07333333333333 63% 0.0 331576.0 1.0 1.0 9.333333333333334 2.0 STAR 177448.0 1977.0 39405.333333333336 30.666666666666668 31.0 59.333333333333336 39405.333333333336 19703.333333333332 1.0 19693.333333333332 19723.333333333332 39395.333333333336 0.0 281.3333333333333 142.0 142.0 281.3333333333333 281.0 142.0 3.0 142.0 281.0 281.3333333333333 0.0
query49 324.66 21% 0.0 373916.0 1.0 1.0 12.0 4.0 HYBRID 190801.0 13953.0 24400.0 4500.666666666667 13500.333333333334 34699.333333333336 4500.666666666667 30199.333333333332 19900.333333333332 1.0 19900.333333333332 39199.0 0.0 1711.6666666666667 486.3333333333333 906.3333333333334 2451.0 486.3333333333333 2513.0 1230.3333333333333 5.0 1230.3333333333333 2932.6666666666665 0.0
query22 16.376666666666665 67% 0.0 276281.3333333333 1.0 1.0 8.666666666666666 2.0 PATH 10303.0 1081.3333333333333 349.0 1102.0 1603.0 1102.0 1198.0 649.0 898.0 1150.0 1603.0 649.0 0.0 65.0 65.0 126.33333333333333 65.0 188.33333333333334 65.33333333333333 188.0 126.66666666666667 126.33333333333333 65.33333333333333 0.0
query6 101.80666666666666 23% 0.0 333554.6666666667 1.0 1.0 17.666666666666668 5.0 HYBRID 23398.0 4810.333333333333 619.0 1903.0 2899.0 2887.0 3835.0 3385.0 1060.0 2185.0 2779.0 1846.0 0.0 102.0 168.66666666666666 333.3333333333333 895.0 977.6666666666666 678.6666666666666 399.6666666666667 301.0 506.0 448.3333333333333 0.0
query51 9.19 78% 0.0 224094.66666666666 1.0 1.0 10.333333333333334 2.0 STAR 5291.333333333333 574.3333333333334 145.0 729.3333333333334 1030.0 586.6666666666666 4.0 1330.0 729.3333333333334 730.3333333333334 4.333333333333333 2.3333333333333335 0.0 33.666666666666664 33.666666666666664 63.666666666666664 33.333333333333336 93.0 93.0 33.666666666666664 63.666666666666664 93.33333333333333 33.333333333333336 0.0
query16 1798.93 0% 0.0 285962.6666666667 0.9933333333333333 1.0 17.666666666666668 3.0 STAR 41639082.0 121348.0 765.0 13867.0 4723741.0 13768966.666666666 101317.66666666667 9275538.333333334 4549718.333333333 9116928.666666666 44152.333333333336 44087.0 0.0 40.0 8722.333333333334 17324.0 26020.666666666668 8531.666666666666 26042.0 8529.0 26041.333333333332 40.0 57.0 0.0
query4 710.4366666666666 18% 0.0 461214.6666666667 1.0 1.0 22.333333333333332 5.0 HYBRID 3370349.0 31274.666666666668 363126.6666666667 12830.333333333334 375829.3333333333 730483.3333333334 34110.333333333336 380550.3333333333 367195.0 17247.666666666668 371139.3333333333 717836.6666666666 0.0 2649.6666666666665 908.6666666666666 3459.6666666666665 6046.333333333333 1823.6666666666667 3475.0 3363.6666666666665 926.3333333333334 3458.3333333333335 5163.333333333333 0.0
query70 33.38 43% 0.0 314066.6666666667 1.0 1.0 11.333333333333334 2.0 PATH 11544.666666666666 1255.3333333333333 628.6666666666666 1013.0 402.6666666666667 1931.6666666666667 507.0 1126.6666666666667 1324.3333333333333 1444.6666666666667 2449.6666666666665 716.3333333333334 0.0 147.0 4.0 3.6666666666666665 278.3333333333333 4.0 134.66666666666666 135.33333333333334 266.0 278.3333333333333 4.0 0.0
query39 394.27 21% 0.0 378204.0 1.0 1.0 34.0 7.0 HYBRID 245749.0 20952.333333333332 23907.666666666668 21149.0 9151.0 33219.666666666664 21150.0 60108.666666666664 8315.0 4305.666666666667 12236.666666666666 52205.666666666664 0.0 2074.3333333333335 2111.0 1269.3333333333333 2462.3333333333335 2024.0 4408.0 1045.0 793.0 927.0 3838.3333333333335 0.0
query28 32.35 35% 0.0 308361.3333333333 1.0 1.0 14.333333333333334 3.0 STAR 6346.666666666667 1337.3333333333333 19.0 1112.3333333333333 435.0 712.3333333333334 510.0 552.3333333333334 775.6666666666666 251.0 1262.6666666666667 716.3333333333334 0.0 12.666666666666666 418.6666666666667 135.66666666666666 20.666666666666668 13.0 152.0 279.3333333333333 148.0 152.33333333333334 5.0 0.0
query36 33.1 42% 0.0 322633.3333333333 1.0 1.0 7.666666666666667 2.0 PATH 21747.0 1285.6666666666667 3102.3333333333335 2.0 2.0 3459.0 1374.3333333333333 2415.6666666666665 1729.0 4143.666666666667 4144.666666666667 1374.3333333333333 0.0 142.66666666666666 3.3333333333333335 3.3333333333333335 281.6666666666667 3.6666666666666665 142.33333333333334 142.0 281.3333333333333 281.6666666666667 3.6666666666666665 0.0
query76 17.583333333333332 49% 0.0 237850.66666666666 1.0 1.0 6.0 2.0 STAR 7645.0 594.0 1393.3333333333333 1.0 1153.6666666666667 305.3333333333333 1.0 1937.3333333333333 849.3333333333334 305.3333333333333 849.3333333333334 849.3333333333334 0.0 128.0 3.0 66.0 3.3333333333333335 3.0 190.33333333333334 65.66666666666667 3.3333333333333335 65.66666666666667 65.66666666666667 0.0
query12 317.15000000000003 18% 0.0 355217.3333333333 1.0 1.0 26.0 5.0 HYBRID 73219.33333333333 20875.666666666668 6399.0 6160.0 11241.333333333334 5144.333333333333 8132.333333333333 4076.0 2995.6666666666665 8909.333333333334 7777.333333333333 12384.0 0.0 1916.6666666666667 1496.0 2577.6666666666665 2132.0 1532.3333333333333 1662.0 2359.0 2108.0 1880.6666666666667 3211.3333333333335 0.0
query100 453.42 20% 0.0 361818.6666666667 1.0 1.0 25.666666666666668 6.0 HYBRID 136473.0 23491.666666666668 11839.0 5961.0 9928.0 14965.0 22811.0 9626.0 18147.0 9059.0 15944.0 18193.0 0.0 3713.0 2184.6666666666665 656.6666666666666 2455.6666666666665 2840.0 2891.0 1266.3333333333333 1017.0 2477.0 3990.3333333333335 0.0
query14 1800.0033333333333 0% 0.0 1432.0 0.0033333333333333335 1.0 32.666666666666664 7.0 HYBRID 730814.6666666666 87373.33333333333 22432.666666666668 82965.0 56786.666666666664 86789.66666666667 108379.66666666667 82202.0 84542.66666666667 90526.66666666667 103636.0 12553.666666666666 0.0 2420.3333333333335 15864.0 8100.666666666667 7029.333333333333 8000.0 9465.333333333334 13205.666666666666 10439.0 11321.0 1528.0 0.0
query61 13.209999999999999 47% 0.0 215181.33333333334 1.0 1.0 20.0 3.0 STAR 2026.3333333333333 625.0 33.0 342.6666666666667 135.0 232.0 195.66666666666666 253.33333333333334 178.0 46.666666666666664 348.3333333333333 261.6666666666667 0.0 61.0 71.0 25.333333333333332 95.66666666666667 71.66666666666667 96.66666666666667 35.666666666666664 25.666666666666668 106.66666666666667 35.666666666666664 0.0
query73 13.950000000000001 51% 0.0 185637.33333333334 1.0 1.0 10.333333333333334 3.0 STAR 3887.3333333333335 458.3333333333333 360.0 862.3333333333334 216.0 143.66666666666666 145.0 577.0 502.3333333333333 430.3333333333333 433.3333333333333 217.33333333333334 0.0 20.666666666666668 96.66666666666667 34.666666666666664 4.333333333333333 64.0 96.0 20.666666666666668 64.66666666666667 36.333333333333336 20.333333333333332 0.0
query56 53.99333333333333 53% 0.0 334626.6666666667 1.0 1.0 14.0 3.0 STAR 63709.0 4958.0 802.0 1915.0 6628.0 7243.0 12640.0 3163.0 12367.0 6841.0 5755.0 6355.0 0.0 368.0 490.6666666666667 247.33333333333334 429.6666666666667 610.6666666666666 673.3333333333334 610.6666666666666 610.6666666666666 367.3333333333333 549.6666666666666 0.0
query9 339.84666666666664 25% 0.0 365602.6666666667 1.0 1.0 28.333333333333332 6.0 HYBRID 328477.3333333333 28170.0 5647.666666666667 10323.666666666666 35237.333333333336 37001.666666666664 64751.0 15434.666666666666 62164.0 36823.333333333336 32280.333333333332 28813.666666666668 0.0 2482.0 2375.6666666666665 1467.6666666666667 2727.3333333333335 3436.0 3844.0 3300.6666666666665 3418.6666666666665 2265.6666666666665 2852.3333333333335 0.0
query25 23.27 51% 0.0 313032.0 1.0 1.0 13.0 2.0 PATH 17213.333333333332 1392.6666666666667 4296.666666666667 483.0 6.666666666666667 483.3333333333333 1910.0 2865.0 1914.3333333333333 3816.6666666666665 954.6666666666666 483.0 0.0 294.3333333333333 100.66666666666667 100.33333333333333 100.66666666666667 100.66666666666667 197.33333333333334 197.0 197.33333333333334 4.0 100.33333333333333 0.0
query74 1800.01 0% 0.0 1429.3333333333333 0.2233333333333333 1.0 33.0 7.0 HYBRID 1076943.0 95464.66666666667 120289.66666666667 126512.0 8316.666666666666 108269.33333333333 123668.0 321863.0 10460.0 12027.333333333334 29855.0 215682.0 0.0 10879.666666666666 9402.0 2213.3333333333335 9423.333333333334 12905.333333333334 21303.0 1593.3333333333333 4266.666666666667 4777.333333333333 18700.666666666668 0.0
query3 54.96666666666667 38% 0.0 340885.3333333333 1.0 1.0 20.0 3.0 HYBRID 11487.0 4223.333333333333 138.66666666666666 1426.6666666666667 1153.6666666666667 1402.0 832.0 972.3333333333334 1031.0 757.3333333333334 2024.3333333333333 1749.0 0.0 283.3333333333333 319.3333333333333 475.3333333333333 473.3333333333333 328.0 481.0 333.0 480.0 520.0 530.0 0.0
query99 1800.0033333333333 0% 0.0 1430.6666666666667 0.0 1.0 27.666666666666668 6.0 HYBRID 1547552.3333333333 149239.66666666666 10064.666666666666 120180.66666666667 286487.6666666667 166622.66666666666 221491.33333333334 10249.333333333334 224233.0 170623.66666666666 286871.3333333333 50728.0 0.0 8878.333333333334 8696.666666666666 17543.666666666668 8894.666666666666 26233.333333333332 8896.0 26416.666666666668 17382.0 17565.0 8733.333333333334 0.0
query15 13.68 48% 0.0 213894.66666666666 1.0 1.0 6.0 2.0 STAR 11251.0 465.0 1250.0 1250.0 234.0 1250.0 1250.0 3049.0 234.0 467.0 1.0 2266.0 0.0 51.333333333333336 51.333333333333336 3.3333333333333335 51.333333333333336 51.333333333333336 147.0 3.3333333333333335 3.6666666666666665 3.0 99.33333333333333 0.0
query17 160.44 25% 0.0 345701.3333333333 1.0 1.0 24.666666666666668 5.0 STAR 57044.0 10701.0 5664.666666666667 4067.6666666666665 5706.666666666667 6408.0 1487.3333333333333 11246.666666666666 7042.333333333333 4424.666666666667 6038.333333333333 4957.666666666667 0.0 747.0 723.0 1318.0 1447.6666666666667 715.6666666666666 2158.6666666666665 1010.6666666666666 1477.6666666666667 532.6666666666666 570.0 0.0
query33 12.566666666666668 61% 0.0 252512.0 1.0 1.0 6.0 2.0 PATH 32292.0 400.0 3588.0 1.0 3390.3333333333335 7174.666666666667 1.0 3587.6666666666665 3588.0 395.6666666666667 3785.3333333333335 6780.333333333333 0.0 44.333333333333336 3.0 43.666666666666664 85.0 3.0 44.333333333333336 44.0 3.6666666666666665 44.666666666666664 84.33333333333333 0.0
query77 85.30333333333333 42% 0.0 343342.6666666667 1.0 1.0 19.333333333333332 3.0 HYBRID 44240.333333333336 6890.0 7295.666666666667 3489.0 3005.6666666666665 486.3333333333333 4916.333333333333 5864.666666666667 1920.6666666666667 9811.333333333334 963.6666666666666 6487.0 0.0 872.6666666666666 391.0 679.0 390.3333333333333 391.0 776.0 776.0 1064.3333333333333 582.3333333333334 967.3333333333334 0.0
query96 17.96666666666667 60% 0.0 259753.33333333334 1.0 1.0 14.333333333333334 4.0 HYBRID 2999.0 982.0 308.0 256.0 388.0 336.0 308.0 57.0 289.0 582.0 149.0 326.0 0.0 59.0 65.33333333333333 125.0 119.33333333333333 78.0 106.66666666666667 59.0 119.33333333333333 143.33333333333334 107.0 0.0
query82 33.00666666666667 40% 0.0 301162.6666666667 1.0 1.0 11.333333333333334 2.0 STAR 8953.666666666666 1255.3333333333333 16.0 1676.6666666666667 713.3333333333334 706.3333333333334 1170.6666666666667 1135.3333333333333 711.6666666666666 883.0 1224.3333333333333 716.3333333333334 0.0 3.6666666666666665 278.3333333333333 135.0 3.6666666666666665 278.6666666666667 266.0 4.0 278.0 4.0 4.0 0.0
query78 35.663333333333334 39% 0.0 311896.0 1.0 1.0 14.333333333333334 3.0 STAR 7708.666666666667 1386.3333333333333 332.6666666666667 1077.0 581.3333333333334 819.6666666666666 627.6666666666666 960.0 833.6666666666666 219.33333333333334 1403.0 854.3333333333334 0.0 163.0 148.33333333333334 149.0 267.0 279.3333333333333 188.33333333333334 18.0 4.666666666666667 149.33333333333334 19.333333333333332 0.0
query2 129.84666666666666 27% 0.0 358229.3333333333 1.0 1.0 16.0 3.0 HYBRID 74720.0 7569.333333333333 7019.333333333333 4257.333333333333 26.0 12823.666666666666 3459.0 8262.333333333334 7586.666666666667 11713.666666666666 15848.0 3724.0 0.0 717.6666666666666 420.6666666666667 281.6666666666667 1180.3333333333333 420.6666666666667 735.3333333333334 883.3333333333334 1198.0 1310.3333333333333 421.3333333333333 0.0
query55 21.673333333333332 44% 0.0 261149.33333333334 1.0 1.0 17.666666666666668 4.0 HYBRID 9848.0 866.6666666666666 944.3333333333334 428.3333333333333 194.0 1758.6666666666667 316.0 1296.0 781.0 1831.3333333333333 1449.3333333333333 849.0 0.0 39.666666666666664 72.0 62.0 118.33333333333333 16.333333333333332 50.0 85.0 175.33333333333334 109.33333333333333 138.66666666666666 0.0
query19 20.61 48% 0.0 276240.0 1.0 1.0 17.333333333333332 4.0 STAR 3991.0 1086.0 130.0 679.6666666666666 138.33333333333334 504.0 497.3333333333333 427.0 404.0 239.33333333333334 690.6666666666666 280.6666666666667 0.0 107.33333333333333 124.66666666666667 49.333333333333336 173.0 122.0 154.66666666666666 67.33333333333333 57.0 171.0 59.666666666666664 0.0
query44 28.326666666666668 49% 0.0 321660.0 1.0 1.0 13.666666666666666 3.0 HYBRID 16745.333333333332 1737.3333333333333 3143.6666666666665 1145.3333333333333 579.3333333333334 3144.6666666666665 4.0 1291.6666666666667 5000.666666666667 1142.6666666666667 1290.6666666666667 2.6666666666666665 0.0 238.66666666666666 151.0 238.0 208.66666666666666 91.0 178.0 325.3333333333333 64.33333333333333 208.33333333333334 34.0 0.0
query92 5.91 66% 0.0 101238.66666666667 1.0 1.0 11.666666666666666 2.0 STAR 443.0 131.66666666666666 5.0 50.0 87.0 47.0 52.666666666666664 84.0 4.666666666666667 10.0 19.666666666666668 83.0 0.0 4.0 14.333333333333334 14.0 14.0 24.666666666666668 4.0 3.6666666666666665 14.333333333333334 35.0 3.6666666666666665 0.0
query62 5.6433333333333335 73% 0.0 145502.66666666666 1.0 1.0 17.0 2.0 STAR 1927.3333333333333 297.0 21.0 331.6666666666667 135.0 209.0 185.66666666666666 231.33333333333334 178.0 46.666666666666664 327.3333333333333 261.6666666666667 0.0 24.666666666666668 35.0 24.333333333333332 24.333333333333332 35.0 24.666666666666668 34.666666666666664 24.666666666666668 35.0 34.666666666666664 0.0
query53 16.186666666666667 46% 0.0 221792.0 1.0 1.0 12.0 4.0 STAR 3352.0 633.0 144.33333333333334 567.3333333333334 372.3333333333333 34.0 600.3333333333334 749.3333333333334 72.66666666666667 567.3333333333334 171.66666666666666 72.66666666666667 0.0 20.333333333333332 77.33333333333333 70.0 46.666666666666664 119.0 58.666666666666664 12.666666666666666 77.33333333333333 138.0 13.0 0.0
query66 1800.0 0% 0.0 1430.6666666666667 0.0 1.0 42.0 7.0 HYBRID 957319.0 146846.33333333334 192684.66666666666 44032.0 63178.333333333336 46105.666666666664 75772.0 164931.66666666666 58113.666666666664 159561.0 77231.0 75709.0 0.0 16736.666666666668 15680.333333333334 19974.333333333332 15307.333333333334 8296.666666666666 8800.0 14654.0 12610.666666666666 12712.333333333334 22074.0 0.0
query42 1800.006666666667 0% 0.0 1429.3333333333333 0.0 1.0 36.666666666666664 7.0 HYBRID 542537.3333333334 82852.33333333333 120129.0 111.66666666666667 102.33333333333333 911.0 119763.0 60269.666666666664 361.3333333333333 60540.0 60666.333333333336 119683.0 0.0 9479.0 564.0 563.6666666666666 17476.0 1117.3333333333333 9208.333333333334 8004.666666666667 17198.666666666668 18124.0 1116.6666666666667 0.0
query91 11.930000000000001 74% 0.0 253914.66666666666 1.0 1.0 12.333333333333334 2.0 STAR 8463.666666666666 805.3333333333334 52.0 870.0 1858.6666666666667 899.6666666666666 17.0 2450.3333333333335 729.0 860.3333333333334 193.0 533.6666666666666 0.0 46.333333333333336 50.0 92.33333333333333 43.333333333333336 131.33333333333334 132.0 46.0 88.66666666666667 131.66666666666666 43.666666666666664 0.0
query32 25.106666666666666 46% 0.0 286070.6666666667 1.0 1.0 6.0 2.0 PATH 18007.0 946.0 2000.6666666666667 501.0 1500.6666666666667 3500.3333333333335 501.0 3000.6666666666665 1500.6666666666667 1.0 1500.6666666666667 4000.3333333333335 0.0 105.0 3.3333333333333335 104.33333333333333 206.0 3.3333333333333335 105.66666666666667 104.66666666666667 3.0 104.33333333333333 206.33333333333334 0.0
query52 31.64 44% 0.0 315269.3333333333 1.0 1.0 11.333333333333334 2.0 PATH 11544.666666666666 1255.3333333333333 628.6666666666666 1013.0 402.6666666666667 1931.6666666666667 507.0 1126.6666666666667 1324.3333333333333 1444.6666666666667 2449.6666666666665 716.3333333333334 0.0 147.0 4.0 3.6666666666666665 278.3333333333333 4.0 134.66666666666666 135.33333333333334 266.0 278.3333333333333 4.0 0.0
query93 12.340000000000002 83% 0.0 317017.3333333333 1.0 1.0 18.0 3.0 HYBRID 93854.0 669.3333333333334 334.6666666666667 20357.333333333332 441.0 169.0 10623.666666666666 10381.0 20348.666666666668 20294.333333333332 530.6666666666666 10373.666666666666 0.0 70.66666666666667 88.0 71.0 32.333333333333336 109.0 43.0 71.0 60.333333333333336 63.666666666666664 60.333333333333336 0.0
query47 812.02 39% 0.0 463200.0 1.0 1.0 17.666666666666668 3.0 HYBRID 737952.0 97186.33333333333 47190.333333333336 117926.0 711.0 57795.0 97145.33333333333 80921.66666666667 61465.0 27907.666666666668 142353.66666666666 104536.33333333333 0.0 7900.666666666667 11566.666666666666 7761.333333333333 7897.0 11706.0 7757.666666666667 11427.333333333334 7757.666666666667 11706.0 11706.0 0.0
query95 1800.01 0% 0.0 1430.6666666666667 0.9700000000000001 1.0 17.0 4.0 HYBRID 668413.0 82067.33333333333 119753.33333333333 43182.333333333336 14260.0 193.33333333333334 119753.33333333333 73983.33333333333 28990.0 74624.0 73998.33333333333 119675.0 0.0 1111.3333333333333 25314.0 8663.666666666666 1111.6666666666667 1111.6666666666667 8655.333333333334 16667.333333333332 9115.0 9206.666666666666 1110.6666666666667 0.0
query94 33.64 70% 0.0 329348.0 1.0 1.0 13.0 2.0 STAR 26406.333333333332 3504.0 1651.0 4257.0 26.0 2087.6666666666665 3459.0 2894.3333333333335 2218.3333333333335 977.6666666666666 5111.666666666667 3723.6666666666665 0.0 281.3333333333333 419.6666666666667 280.6666666666667 281.3333333333333 420.3333333333333 281.0 419.0 280.6666666666667 420.0 420.0 0.0
query45 13.866666666666665 74% 0.0 247916.0 1.0 1.0 18.0 3.0 HYBRID 3259.6666666666665 862.0 95.0 327.3333333333333 396.0 253.0 142.33333333333334 407.6666666666667 221.33333333333334 485.6666666666667 211.0 720.3333333333334 0.0 57.333333333333336 67.33333333333333 106.33333333333333 93.66666666666667 63.333333333333336 100.66666666666667 63.0 106.66666666666667 100.0 103.66666666666667 0.0
query98 168.79999999999998 41% 0.0 349088.0 1.0 1.0 17.333333333333332 4.0 HYBRID 115240.33333333333 15764.0 7947.0 17918.0 1.0 14697.0 9298.333333333334 19421.666666666668 8620.666666666666 2852.0 17544.0 16940.666666666668 0.0 1511.3333333333333 1689.6666666666667 1087.0 1512.0 1689.6666666666667 1754.6666666666667 1628.0 1148.6666666666667 1628.6666666666667 2114.3333333333335 0.0
query87 45.67666666666667 49% 0.0 330517.3333333333 1.0 1.0 29.666666666666668 4.0 HYBRID 19892.666666666668 3980.3333333333335 1892.0 746.3333333333334 2217.0 900.6666666666666 3313.3333333333335 2370.6666666666665 1752.6666666666667 665.0 4431.666666666667 1603.3333333333333 0.0 431.3333333333333 347.0 318.3333333333333 336.3333333333333 515.6666666666666 327.6666666666667 420.6666666666667 347.0 600.0 336.3333333333333 0.0
query84 4.703333333333333 90% 0.0 99177.33333333333 1.0 1.0 16.0 3.0 STAR 370.0 137.0 21.333333333333332 60.333333333333336 2.0 31.0 50.666666666666664 41.0 31.0 11.333333333333334 70.66666666666667 50.666666666666664 0.0 12.333333333333334 15.0 12.333333333333334 12.333333333333334 15.333333333333334 11.666666666666666 14.333333333333334 11.666666666666666 16.333333333333332 15.666666666666666 0.0
query8 102.38 28% 0.0 359766.6666666667 1.0 1.0 16.333333333333332 3.0 HYBRID 34948.666666666664 6304.333333333333 4760.666666666667 2610.0 3746.3333333333335 4147.666666666667 2059.0 2260.6666666666665 2307.6666666666665 1678.3333333333333 5822.333333333333 5556.0 0.0 807.3333333333334 356.0 487.0 587.6666666666666 1016.6666666666666 136.0 148.33333333333334 665.3333333333334 809.0 1291.0 0.0
query60 27.276666666666667 38% 0.0 300609.3333333333 1.0 1.0 12.333333333333334 3.0 HYBRID 5694.333333333333 1276.6666666666667 1060.0 347.3333333333333 206.0 1120.0 122.0 490.3333333333333 1570.6666666666667 286.3333333333333 490.3333333333333 1.3333333333333333 0.0 151.66666666666666 121.66666666666667 151.33333333333334 238.33333333333334 208.33333333333334 151.33333333333334 94.0 4.666666666666667 151.0 4.333333333333333 0.0
query97 9.04 66% 0.0 145709.33333333334 1.0 1.0 9.0 3.0 STAR 3058.0 275.0 225.33333333333334 177.33333333333334 115.33333333333333 533.0 167.66666666666666 339.6666666666667 370.6666666666667 564.0 564.0 1.0 0.0 11.333333333333334 59.333333333333336 22.666666666666668 19.333333333333332 4.666666666666667 30.333333333333332 48.666666666666664 37.333333333333336 37.333333333333336 4.0 0.0
query24 1800.01 0% 0.0 1430.6666666666667 0.0 1.0 37.0 7.0 HYBRID 1882421.6666666667 121350.33333333333 26317.0 227801.33333333334 109.0 195090.0 211093.33333333334 57518.0 198923.0 321076.6666666667 411599.0 232894.33333333334 0.0 14548.666666666666 13203.666666666666 8625.333333333334 11008.0 13040.333333333334 12518.333333333334 11341.333333333334 8776.666666666666 13342.333333333334 14945.666666666666 0.0
query54 848.2599999999999 16% 0.0 375140.0 1.0 1.0 20.666666666666668 6.0 HYBRID 434322.0 37045.666666666664 21883.0 55591.0 37228.0 56062.0 46686.0 100523.0 34470.0 37544.0 16389.0 27946.0 0.0 1474.0 3698.6666666666665 3364.0 4643.333333333333 4903.333333333333 8520.0 2293.3333333333335 3402.0 1963.0 2784.0 0.0
query10 123.13 23% 0.0 351640.0 1.0 1.0 26.0 5.0 HYBRID 36635.0 6113.0 2091.0 8079.333333333333 5318.0 3940.0 2742.0 7173.666666666667 911.6666666666666 1697.6666666666667 1825.6666666666667 2856.0 0.0 326.3333333333333 1074.3333333333333 1249.6666666666667 622.6666666666666 374.3333333333333 1145.0 174.66666666666666 452.6666666666667 175.0 518.3333333333334 0.0
query30 86.38333333333333 31% 0.0 339354.6666666667 1.0 1.0 19.0 4.0 STAR 29812.666666666668 4453.333333333333 2934.3333333333335 3122.3333333333335 2726.3333333333335 1670.3333333333333 2108.3333333333335 6212.333333333333 2464.3333333333335 1987.0 3477.0 3110.3333333333335 0.0 371.0 606.3333333333334 440.6666666666667 102.33333333333333 606.0 924.0 275.0 558.0 276.0 294.0 0.0
query11 12.93 91% 0.0 295674.6666666667 1.0 1.0 14.666666666666666 2.0 STAR 10564.333333333334 1096.6666666666667 46.666666666666664 1418.6666666666667 1051.3333333333333 1298.6666666666667 740.0 956.3333333333334 1022.6666666666666 560.6666666666666 1914.3333333333333 1555.0 0.0 85.33333333333333 131.33333333333334 85.66666666666667 89.0 130.0 91.66666666666667 130.66666666666666 91.0 130.33333333333334 131.66666666666666 0.0
