query27 55.52666666666667 113% 0.0 223385.33333333334 1.0 1.0 4.0 4.0 HYBRID 7098.666666666667 818.6666666666666 1.0 1546.0 1.0 1.0 1.0 1768.3333333333333 1.0 1.0 2232.3333333333335 1546.0 0.0 1.0 687.6666666666666 1.0 1.0 1.0 1.6666666666666667 1.0 1.0 106.0 17.333333333333332 0.0
query21 3.47 51% 0.0 72884.0 1.0 1.0 2.0 2.0 STAR 125.0 15.333333333333334 1.0 25.666666666666668 1.0 1.0 25.666666666666668 42.0 1.0 25.666666666666668 1.0 1.0 0.0 1.0 1.3333333333333333 1.0 1.0 1.3333333333333333 1.3333333333333333 1.0 5.333333333333333 1.0 1.0 0.0
query38 18.02 59% 0.0 126046.66666666667 1.0 1.0 6.0 6.0 HYBRID 510.3333333333333 236.0 1.0 1.0 1.0 1.0 67.0 74.0 67.0 1.0 1.0 296.3333333333333 0.0 1.0 1.0 1.0 1.0 148.66666666666666 12.666666666666666 67.0 1.0 1.0 1.6666666666666667 0.0
query45 3.66 52% 0.0 73022.66666666667 1.0 1.0 3.0 3.0 HYBRID 47.666666666666664 15.333333333333334 1.0 1.0 1.0 1.0 1.0 1.0 10.0 12.666666666666666 1.0 18.0 0.0 1.0 1.0 1.0 1.0 1.0 1.0 3.0 1.3333333333333333 1.0 4.0 0.0
query20 819.2866666666665 4% 0.0 279836.0 1.0 1.0 6.0 6.0 HYBRID 14217.666666666666 12677.666666666666 1.0 1.0 1.0 1.0 1.0 6334.333333333333 514.6666666666666 1.0 514.6666666666666 6848.0 0.0 1.0 1.0 1.0 1.0 1.0 1.3333333333333333 6334.333333333333 1.0 1.3333333333333333 6334.666666666667 0.0
query9 21.33666666666667 20% 0.0 141449.33333333334 1.0 1.0 6.0 6.0 HYBRID 926.0 275.0 1.0 1.0 1.0 1.0 109.0 1.0 227.66666666666666 227.66666666666666 355.6666666666667 1.0 0.0 1.0 1.0 1.0 1.0 1.3333333333333333 1.0 118.0 148.0 1.6666666666666667 1.0 0.0
query47 33.736666666666665 110% 0.0 178905.33333333334 1.0 1.0 3.0 3.0 HYBRID 14050.0 434.6666666666667 1.0 1.0 1.0 1.0 1.0 687.6666666666666 1.0 1.0 7021.0 6334.333333333333 0.0 1.0 1.0 1.0 1.0 1.0 1.3333333333333333 1.0 1.0 425.0 1.3333333333333333 0.0
query75 4.796666666666667 50% 0.0 75522.66666666667 1.0 1.0 5.0 5.0 HYBRID 77.66666666666667 25.333333333333332 1.0 1.0 1.0 1.0 10.333333333333334 1.0 9.666666666666666 32.666666666666664 1.0 19.0 0.0 1.0 1.0 1.0 1.0 1.3333333333333333 1.0 3.0 10.666666666666666 1.0 4.333333333333333 0.0
query70 6.373333333333332 38% 0.0 93917.33333333333 1.0 1.0 2.0 2.0 PATH 1105.3333333333333 46.0 1.0 1.0 1.0 1.0 1.0 1.0 1.0 198.33333333333334 395.6666666666667 504.3333333333333 0.0 1.0 1.0 1.0 1.0 1.0 1.0 1.0 36.0 1.6666666666666667 1.3333333333333333 0.0
query35 5.226666666666667 50% 0.0 83369.33333333333 1.0 1.0 3.0 3.0 STAR 316.3333333333333 34.333333333333336 1.0 13.666666666666666 1.0 1.0 1.0 1.0 258.6666666666667 1.0 20.666666666666668 17.333333333333332 0.0 1.0 1.3333333333333333 1.0 1.0 1.0 1.0 1.3333333333333333 1.0 20.0 5.666666666666667 0.0
query66 1217.3866666666665 0% 0.0 80420.0 0.3333333333333333 1.0 7.0 7.0 HYBRID 160193.66666666666 18279.0 1.0 1.0 15.333333333333334 1.0 1.0 1.0 4.0 255.33333333333334 96.33333333333333 159817.66666666666 0.0 1.0 1.0 9.0 1.0 1.0 1.0 9315.666666666666 8692.333333333334 255.33333333333334 1.6666666666666667 0.0
query55 3.97 52% 0.0 83834.66666666667 1.0 1.0 4.0 4.0 HYBRID 307.6666666666667 30.666666666666668 1.0 13.333333333333334 1.0 201.33333333333334 1.0 1.0 1.0 1.0 49.0 38.0 0.0 1.0 1.3333333333333333 1.0 1.3333333333333333 1.0 1.0 1.0 1.0 5.666666666666667 16.333333333333332 0.0
query48 2.896666666666667 106% 0.0 94381.33333333333 1.0 1.0 2.0 2.0 STAR 2070.0 11.0 1.0 1.0 1.0 1.0 1.0 687.6666666666666 1.0 1.0 1.0 1374.3333333333333 0.0 1.0 1.0 1.0 1.0 1.0 1.3333333333333333 1.0 1.0 1.0 1.6666666666666667 0.0
query92 3.36 56% 0.0 70869.33333333333 1.0 1.0 2.0 2.0 STAR 14.0 11.0 1.0 2.3333333333333335 1.0 2.3333333333333335 2.3333333333333335 1.0 1.0 1.0 1.0 1.0 0.0 1.0 1.3333333333333333 1.0 1.3333333333333333 1.3333333333333333 1.0 1.0 1.0 1.0 1.0 0.0
query65 2.276666666666667 57% 0.0 71273.33333333333 1.0 1.0 2.0 2.0 PATH 36.0 11.0 1.0 1.0 1.0 1.0 1.0 9.666666666666666 9.666666666666666 1.0 9.666666666666666 1.0 0.0 1.0 1.0 1.0 1.0 1.0 1.3333333333333333 1.3333333333333333 1.0 1.3333333333333333 1.0 0.0
query90 5.016666666666667 57% 0.0 86540.0 1.0 1.0 4.0 4.0 HYBRID 216.33333333333334 44.666666666666664 1.0 33.333333333333336 1.0 27.666666666666668 1.0 83.66666666666667 33.333333333333336 1.0 1.0 33.333333333333336 0.0 1.0 1.3333333333333333 1.0 1.3333333333333333 1.0 1.3333333333333333 8.0 1.0 1.0 27.666666666666668 0.0
query57 2.48 57% 0.0 72661.33333333333 1.0 1.0 3.0 3.0 HYBRID 42.666666666666664 13.666666666666666 1.0 1.0 1.0 1.0 1.0 18.333333333333332 1.0 9.666666666666666 7.666666666666667 1.0 0.0 1.0 1.0 1.0 1.0 1.0 2.6666666666666665 1.0 2.3333333333333335 1.6666666666666667 1.0 0.0
query61 3.5233333333333334 27% 0.0 72538.66666666667 1.0 1.0 3.0 3.0 STAR 19.666666666666668 13.666666666666666 1.0 1.0 1.0 1.0 1.0 2.0 1.0 1.0 7.666666666666667 3.0 0.0 1.0 1.0 1.0 1.0 1.0 1.3333333333333333 1.0 1.0 1.6666666666666667 3.6666666666666665 0.0
query41 10.536666666666667 60% 0.0 114173.33333333333 1.0 1.0 3.0 3.0 STAR 1845.3333333333333 117.0 1.0 1.0 1.0 1.0 1.0 164.33333333333334 1.0 1.0 837.0 837.0 0.0 1.0 1.0 1.0 1.0 1.0 48.666666666666664 1.0 1.0 59.666666666666664 1.6666666666666667 0.0
query49 54.166666666666664 105% 0.0 174685.33333333334 1.0 1.0 4.0 4.0 HYBRID 2310.0 811.0 1.0 1.0 1.0 801.0 1.0 501.0 1.0 1.0 1.0 1001.0 0.0 1.0 1.0 1.0 1.3333333333333333 1.0 1.3333333333333333 1.0 1.0 1.0 801.3333333333334 0.0
query99 145.5533333333333 13% 0.0 339022.6666666667 1.0 1.0 6.0 6.0 HYBRID 19026.666666666668 2061.0 1.0 1.0 238.0 1.0 1.0 1.0 10891.333333333334 187.0 5841.0 1864.3333333333333 0.0 1.0 1.0 6.333333333333333 1.0 1.0 1.0 1214.3333333333333 1.3333333333333333 187.0 647.0 0.0
query89 5.136666666666667 56% 0.0 81586.66666666667 1.0 1.0 4.0 4.0 HYBRID 50.333333333333336 50.333333333333336 1.0 1.0 1.3333333333333333 1.3333333333333333 1.0 1.0 1.0 40.0 1.0 1.6666666666666667 0.0 1.0 1.0 1.3333333333333333 1.3333333333333333 1.0 1.0 1.0 1.3333333333333333 1.0 40.333333333333336 0.0
query73 4.823333333333333 51% 0.0 79284.0 1.0 1.0 3.0 3.0 STAR 272.6666666666667 28.0 1.0 1.0 1.0 1.0 1.0 25.0 143.66666666666666 49.0 25.0 25.0 0.0 1.0 1.0 1.0 1.0 1.0 12.0 1.3333333333333333 1.6666666666666667 4.0 4.0 0.0
query16 85.54666666666667 20% 0.0 366794.6666666667 1.0 1.0 3.0 3.0 STAR 1060206.6666666667 1100.0 1.0 1.0 1.0 1691.0 1.0 1.0 25660.333333333332 516424.6666666667 1.0 516424.6666666667 0.0 1.0 1.0 1.0 1.3333333333333333 1.0 1.0 1.6666666666666667 975.6666666666666 1.0 115.33333333333333 0.0
query23 3.4033333333333338 58% 0.0 72917.33333333333 1.0 1.0 2.0 2.0 STAR 124.0 15.333333333333334 1.0 1.0 1.0 1.0 1.0 49.666666666666664 1.0 25.333333333333332 1.0 42.0 0.0 1.0 1.0 1.0 1.0 1.0 1.6666666666666667 1.0 5.333333333333333 1.0 1.3333333333333333 0.0
query28 3.2733333333333334 55% 0.0 71885.33333333333 1.0 1.0 3.0 3.0 STAR 17.666666666666668 13.666666666666666 1.0 1.0 1.0 1.0 1.0 1.3333333333333333 1.3333333333333333 1.3333333333333333 7.666666666666667 1.0 0.0 1.0 1.0 1.0 1.0 1.0 1.3333333333333333 2.3333333333333335 2.3333333333333335 1.6666666666666667 1.0 0.0
query76 3.82 76% 0.0 80829.33333333333 1.0 1.0 2.0 2.0 STAR 554.0 11.0 182.33333333333334 1.0 1.0 1.0 1.0 1.0 182.33333333333334 1.0 1.0 182.33333333333334 0.0 1.3333333333333333 1.0 1.0 1.0 1.0 1.0 1.3333333333333333 1.0 1.0 1.3333333333333333 0.0
query33 4.62 77% 0.0 87100.0 1.0 1.0 2.0 2.0 PATH 1675.0 25.666666666666668 1.0 1.0 1.0 170.0 1.0 1.0 1.0 1.0 367.3333333333333 1130.6666666666667 0.0 1.0 1.0 1.0 1.3333333333333333 1.0 1.0 1.0 1.0 1.6666666666666667 15.666666666666666 0.0
query88 4.886666666666667 68% 0.0 84508.0 1.0 1.0 3.0 3.0 STAR 635.0 28.0 1.0 1.0 1.0 212.66666666666666 1.0 1.0 212.66666666666666 196.66666666666666 7.0 1.0 0.0 1.0 1.0 1.0 1.3333333333333333 1.0 1.0 16.666666666666668 2.3333333333333335 1.6666666666666667 1.0 0.0
query43 9.876666666666667 45% 0.0 116004.0 1.0 1.0 3.0 3.0 PATH 2510.0 81.0 1.0 1.0 1.0 1.0 1.0 501.0 1.0 1.0 1001.0 1001.0 0.0 1.0 1.0 1.0 1.0 1.0 1.3333333333333333 1.0 1.0 71.0 1.6666666666666667 0.0
query44 3.563333333333333 70% 0.0 79505.33333333333 1.0 1.0 3.0 3.0 HYBRID 438.0 11.0 1.0 1.0 1.0 143.66666666666666 1.0 1.0 286.3333333333333 1.0 1.0 1.0 0.0 1.0 1.0 1.0 1.3333333333333333 1.0 1.0 1.6666666666666667 1.0 1.0 1.0 0.0
query5 85.41333333333334 9% 0.0 261973.33333333334 1.0 1.0 3.0 3.0 HYBRID 17568.0 1158.3333333333333 1.0 1.0 1.0 140.33333333333334 1.0 1.0 14874.333333333334 1.0 1273.6666666666667 1273.6666666666667 0.0 1.0 1.0 1.0 975.6666666666666 1.0 1.0 174.0 1.0 1.3333333333333333 1.3333333333333333 0.0
query71 8.436666666666667 38% 0.0 110490.66666666667 1.0 1.0 3.0 3.0 HYBRID 2224.0 73.0 1.0 1.0 1.0 1.0 1.0 687.6666666666666 1.0 577.0 377.0 576.3333333333334 0.0 1.0 1.0 1.0 1.0 1.0 1.3333333333333333 1.0 48.333333333333336 1.6666666666666667 15.666666666666666 0.0
query1 12.896666666666667 47% 0.0 98860.0 1.0 1.0 5.0 5.0 HYBRID 132.33333333333334 125.66666666666667 1.0 1.0 3.0 1.0 1.0 1.0 3.0 4.666666666666667 4.666666666666667 112.0 0.0 1.0 1.0 1.3333333333333333 1.0 1.0 1.0 2.0 1.3333333333333333 111.0 5.0 0.0
query63 8.273333333333333 28% 0.0 101872.0 1.0 1.0 2.0 2.0 STAR 1089.6666666666667 81.0 1.0 1.0 1.0 1.0 1.0 49.666666666666664 1.0 1.0 1007.6666666666666 25.333333333333332 0.0 1.0 1.0 1.0 1.0 1.0 36.333333333333336 1.0 1.0 1.6666666666666667 36.0 0.0
query93 11.67 84% 0.0 130878.66666666667 1.0 1.0 3.0 3.0 HYBRID 4707.333333333333 117.33333333333333 1.0 1.0 1.0 1.0 1.0 42.0 421.6666666666667 1053.6666666666667 1062.0 2123.0 0.0 1.0 1.0 1.0 1.0 1.0 1.3333333333333333 1.3333333333333333 5.333333333333333 73.33333333333333 31.0 0.0
query98 7.066666666666667 88% 0.0 104157.33333333333 1.0 1.0 4.0 4.0 HYBRID 1509.6666666666667 54.333333333333336 1.0 301.0 1.0 1.0 1.0 601.0 1.0 1.0 300.6666666666667 301.0 0.0 1.0 1.3333333333333333 1.0 1.0 1.0 23.0 1.0 1.0 22.666666666666668 1.3333333333333333 0.0
query29 101.30666666666667 16% 0.0 269389.3333333333 1.0 1.0 5.0 5.0 HYBRID 2094.6666666666665 1515.6666666666667 1.0 194.33333333333334 1.0 477.3333333333333 1.0 151.33333333333334 1.0 1.0 194.33333333333334 1072.3333333333333 0.0 1.0 151.33333333333334 1.0 1.3333333333333333 1.0 1.3333333333333333 1.0 1.0 879.0 477.6666666666667 0.0
query83 3.5900000000000003 61% 0.0 72076.0 1.0 1.0 2.0 2.0 PATH 147.0 11.0 1.0 46.666666666666664 1.0 1.0 1.0 92.33333333333333 1.0 1.0 1.0 1.0 0.0 1.0 1.3333333333333333 1.0 1.0 1.0 1.6666666666666667 1.0 1.0 1.0 1.0 0.0
query6 5.29 60% 0.0 82253.33333333333 1.0 1.0 5.0 5.0 HYBRID 170.33333333333334 35.0 1.0 1.0 1.0 1.0 4.0 69.33333333333333 1.0 65.33333333333333 12.333333333333334 14.333333333333334 0.0 1.0 1.0 1.0 1.0 3.0 1.6666666666666667 1.0 7.0 16.0 2.3333333333333335 0.0
query11 5.506666666666667 76% 0.0 91629.33333333333 1.0 1.0 2.0 2.0 STAR 928.6666666666666 37.666666666666664 1.0 1.0 1.0 1.0 1.0 1.0 1.0 1.0 391.6666666666667 529.0 0.0 1.0 1.0 1.0 1.0 1.0 1.0 1.0 1.0 27.666666666666668 2.0 0.0
query60 20.963333333333335 16% 0.0 155030.66666666666 1.0 1.0 3.0 3.0 HYBRID 3772.6666666666665 263.6666666666667 1.0 1.0 1.0 7.666666666666667 1.0 7.666666666666667 150.33333333333334 1.0 3601.0 1.0 0.0 1.0 1.0 1.0 1.3333333333333333 1.0 12.0 243.0 1.0 1.3333333333333333 1.0 0.0
query34 3.853333333333333 55% 0.0 75060.0 1.0 1.0 5.0 2.0 STAR 84.0 22.0 1.0 1.0 1.0 7.333333333333333 4.333333333333333 1.0 8.0 23.333333333333332 25.666666666666668 11.333333333333334 0.0 1.0 1.0 1.0 1.3333333333333333 1.3333333333333333 1.0 1.3333333333333333 4.666666666666667 7.333333333333333 2.0 0.0
query64 5.246666666666666 32% 0.0 82846.66666666667 1.0 1.0 7.0 7.0 HYBRID 56.333333333333336 53.0 19.666666666666668 1.0 1.0 1.0 1.0 2.0 3.6666666666666665 24.0 2.0 1.0 0.0 1.3333333333333333 1.0 1.0 1.0 1.0 23.0 19.666666666666668 2.6666666666666665 1.3333333333333333 1.0 0.0
query7 8.03 42% 0.0 99270.66666666667 1.0 1.0 3.0 3.0 STAR 1116.6666666666667 57.666666666666664 1.0 1.0 152.66666666666666 1.0 1.0 501.0 152.66666666666666 1.0 152.66666666666666 152.66666666666666 0.0 1.0 1.0 36.0 1.0 1.0 1.3333333333333333 12.666666666666666 1.0 1.3333333333333333 1.3333333333333333 0.0
query39 44.836666666666666 20% 0.0 187314.66666666666 1.0 1.0 7.0 7.0 HYBRID 761.6666666666666 639.6666666666666 1.0 139.0 1.0 1.0 10.0 49.666666666666664 1.0 477.3333333333333 1.0 80.66666666666667 0.0 1.0 1.3333333333333333 1.0 1.0 477.3333333333333 144.33333333333334 1.0 1.3333333333333333 1.0 10.333333333333334 0.0
query81 3.943333333333333 75% 0.0 82125.33333333333 1.0 1.0 2.0 2.0 PATH 884.0 16.333333333333332 1.0 1.0 1.0 1.0 1.0 1.0 17.666666666666668 413.0 34.333333333333336 413.0 0.0 1.0 1.0 1.0 1.0 1.0 1.0 1.3333333333333333 3.6666666666666665 1.6666666666666667 3.6666666666666665 0.0
query54 23.42 61% 0.0 151493.33333333334 1.0 1.0 6.0 6.0 HYBRID 962.3333333333334 337.3333333333333 1.0 1.0 109.0 301.0 1.0 221.66666666666666 109.0 108.66666666666667 109.0 1.0 0.0 1.0 1.0 301.0 1.3333333333333333 1.0 10.0 9.666666666666666 10.0 1.3333333333333333 1.0 0.0
query15 4.6433333333333335 62% 0.0 83049.33333333333 1.0 1.0 2.0 2.0 STAR 653.6666666666666 28.0 1.0 1.0 1.0 1.0 37.0 1.0 234.0 1.0 1.0 375.6666666666667 0.0 1.0 1.0 1.0 1.0 1.3333333333333333 1.0 1.3333333333333333 1.0 1.0 18.333333333333332 0.0
query78 6.503333333333333 49% 0.0 90148.0 1.0 1.0 3.0 3.0 STAR 490.3333333333333 46.0 1.0 1.0 1.0 1.0 11.0 231.33333333333334 1.0 1.0 241.0 1.0 0.0 1.0 1.0 1.0 1.0 17.333333333333332 1.6666666666666667 1.0 1.0 20.0 1.0 0.0
query19 4.943333333333334 29% 0.0 78804.0 1.0 1.0 4.0 4.0 STAR 45.0 39.0 1.0 1.0 1.0 2.6666666666666665 1.0 2.6666666666666665 27.666666666666668 2.6666666666666665 4.333333333333333 1.0 0.0 1.0 1.0 1.0 1.3333333333333333 1.0 27.666666666666668 1.3333333333333333 2.3333333333333335 1.3333333333333333 1.0 0.0
query12 12.903333333333334 14% 0.0 107305.33333333333 1.0 1.0 5.0 5.0 HYBRID 186.66666666666666 158.33333333333334 1.0 1.0 1.0 144.33333333333334 8.0 1.0 1.0 14.0 7.666666666666667 7.666666666666667 0.0 1.0 1.0 1.0 1.3333333333333333 1.3333333333333333 1.0 1.0 146.33333333333334 3.0 1.3333333333333333 0.0
query94 7.439999999999999 102% 0.0 110382.66666666667 1.0 1.0 2.0 2.0 STAR 2756.3333333333335 58.333333333333336 1.0 1.0 1.0 1.0 1.0 687.6666666666666 1.0 1.0 1374.0 687.6666666666666 0.0 1.0 1.0 1.0 1.0 1.0 1.3333333333333333 1.0 1.0 48.666666666666664 1.3333333333333333 0.0
query14 142.76666666666668 15% 0.0 293045.3333333333 1.0 1.0 7.0 7.0 HYBRID 2710.0 2047.0 1.0 1.0 222.33333333333334 1.0 1.0 222.33333333333334 1.0 419.6666666666667 1153.0 687.6666666666666 0.0 1.0 1.0 577.0 1.0 1.0 198.33333333333334 1.0 577.3333333333334 688.0 1.3333333333333333 0.0
query8 7.236666666666667 41% 0.0 101702.66666666667 1.0 1.0 3.0 3.0 HYBRID 1116.3333333333333 57.666666666666664 1.0 1.0 152.66666666666666 1.0 1.0 501.0 1.0 1.0 304.0 152.66666666666666 0.0 1.0 1.0 36.0 1.0 1.0 1.3333333333333333 1.0 1.0 13.0 1.3333333333333333 0.0
query13 6.98 64% 0.0 96397.33333333333 1.0 1.0 2.0 2.0 STAR 1579.3333333333333 58.333333333333336 1.0 1.0 1.0 1.0 1.0 99.0 1.0 1.0 785.6666666666666 687.6666666666666 0.0 1.0 1.0 1.0 1.0 1.0 1.3333333333333333 1.0 1.0 48.666666666666664 1.3333333333333333 0.0
query30 26.456666666666667 15% 0.0 149484.0 1.0 1.0 4.0 4.0 STAR 722.6666666666666 339.0 1.0 45.666666666666664 1.0 1.0 1.0 34.333333333333336 1.0 50.0 294.0 293.6666666666667 0.0 1.0 1.3333333333333333 1.0 1.0 1.0 260.6666666666667 1.0 20.0 46.0 6.0 0.0
query24 80.24 13% 0.0 283557.3333333333 1.0 1.0 7.0 7.0 HYBRID 2344.6666666666665 1178.6666666666667 1.0 390.0 1.0 390.0 1.0 301.0 1.0 1.0 568.6666666666666 690.0 0.0 1.0 301.0 1.0 65.33333333333333 1.0 1.3333333333333333 1.0 1.0 301.3333333333333 504.6666666666667 0.0
query68 4.193333333333333 51% 0.0 75258.66666666667 1.0 1.0 3.0 3.0 HYBRID 89.0 21.0 1.0 1.0 36.666666666666664 1.0 1.0 1.0 2.0 37.666666666666664 2.0 5.666666666666667 0.0 1.0 1.0 1.3333333333333333 1.0 1.0 1.0 5.0 3.3333333333333335 5.0 1.3333333333333333 0.0
query95 63.31666666666666 65% 0.0 241381.33333333334 1.0 1.0 4.0 4.0 HYBRID 14227.333333333334 858.3333333333334 1.0 1.0 1.0 1.0 1.0 81.0 736.3333333333334 736.3333333333334 1.0 12667.666666666666 0.0 1.0 1.0 1.0 1.0 1.0 1.3333333333333333 424.6666666666667 424.6666666666667 1.0 1.6666666666666667 0.0
query87 6.353333333333334 91% 0.0 127856.0 1.0 1.0 7.0 4.0 HYBRID 786.3333333333334 144.66666666666666 1.0 1.0 1.0 31.0 152.33333333333334 136.0 32.666666666666664 62.666666666666664 163.0 205.66666666666666 0.0 1.0 1.0 1.0 11.333333333333334 11.666666666666666 1.3333333333333333 11.333333333333334 32.0 40.666666666666664 33.333333333333336 0.0
query96 3.7300000000000004 55% 0.0 72933.33333333333 1.0 1.0 4.0 4.0 HYBRID 30.666666666666668 15.333333333333334 1.0 1.0 14.0 1.6666666666666667 1.0 1.0 1.0 1.0 1.6666666666666667 7.333333333333333 0.0 1.0 1.0 1.3333333333333333 1.3333333333333333 1.0 1.0 1.0 1.0 3.0 3.6666666666666665 0.0
query62 3.4466666666666668 28% 0.0 71604.0 1.0 1.0 2.0 2.0 STAR 140.0 11.0 1.0 44.333333333333336 1.0 1.0 44.333333333333336 44.333333333333336 1.0 1.0 1.0 1.0 0.0 1.0 1.3333333333333333 1.0 1.0 1.3333333333333333 1.3333333333333333 1.0 1.0 1.0 1.0 0.0
query52 5.173333333333334 43% 0.0 89022.66666666667 1.0 1.0 2.0 2.0 PATH 784.6666666666666 46.0 1.0 1.0 1.0 1.0 1.0 1.0 1.0 198.33333333333334 75.0 504.3333333333333 0.0 1.0 1.0 1.0 1.0 1.0 1.0 1.0 36.0 1.6666666666666667 1.3333333333333333 0.0
query10 7.773333333333333 58% 0.0 90181.33333333333 1.0 1.0 5.0 5.0 HYBRID 111.33333333333333 73.33333333333333 1.0 14.0 1.0 1.0 48.666666666666664 28.666666666666668 1.0 1.0 1.0 14.0 0.0 1.0 15.666666666666666 1.0 1.0 1.3333333333333333 1.6666666666666667 1.0 1.0 1.0 48.666666666666664 0.0
query59 85.13333333333334 22% 0.0 278196.0 1.0 1.0 3.0 3.0 STAR 1050710.0 1100.0 1.0 1.0 1.0 1691.0 1.0 1.0 16285.666666666666 516424.6666666667 1.0 516302.6666666667 0.0 1.0 1.0 1.0 1.3333333333333333 1.0 1.0 1.6666666666666667 975.6666666666666 1.0 115.33333333333333 0.0
query42 679.4266666666666 10% 0.0 140304.0 0.6666666666666666 1.0 7.0 7.0 HYBRID 26329.0 10424.0 1.0 1.0 1.0 18.666666666666668 1.0 18.666666666666668 1.0 1085.6666666666667 44.333333333333336 25156.666666666668 0.0 1.0 1.0 1.0 19.666666666666668 1.0 1085.6666666666667 1.0 1.3333333333333333 9311.0 1.3333333333333333 0.0
query22 7.9433333333333325 46% 0.0 109280.0 1.0 1.0 2.0 2.0 PATH 1711.0 76.0 1.0 1.0 1.0 1.0 1.0 301.0 1.0 268.0 535.0 601.0 0.0 1.0 1.0 1.0 1.0 1.0 1.3333333333333333 1.0 22.666666666666668 44.333333333333336 1.6666666666666667 0.0
query2 9.213333333333333 34% 0.0 114708.0 1.0 1.0 3.0 3.0 HYBRID 2622.0 73.0 1.0 1.0 1.0 1.0 1.0 687.6666666666666 1.0 577.0 774.3333333333334 577.0 0.0 1.0 1.0 1.0 1.0 1.0 1.3333333333333333 1.0 48.333333333333336 1.6666666666666667 15.666666666666666 0.0
query37 7.866666666666667 45% 0.0 91504.0 1.0 1.0 5.0 5.0 HYBRID 236.0 84.33333333333333 1.0 1.0 1.0 1.0 1.0 61.0 26.0 50.666666666666664 81.0 12.333333333333334 0.0 1.0 1.0 1.0 1.0 1.0 57.0 8.0 6.333333333333333 3.6666666666666665 4.333333333333333 0.0
query17 11.170000000000002 22% 0.0 101685.33333333333 1.0 1.0 5.0 5.0 STAR 216.33333333333334 126.66666666666667 1.0 1.0 1.0 29.666666666666668 1.0 22.0 115.66666666666667 1.0 22.0 22.0 0.0 1.0 1.0 1.0 1.3333333333333333 1.0 84.33333333333333 1.6666666666666667 1.0 29.666666666666668 4.666666666666667 0.0
query74 190.97 14% 0.0 358485.3333333333 1.0 1.0 7.0 7.0 HYBRID 26940.0 2666.0 83.0 1.0 1.0 1.0 84.33333333333333 935.0 1.0 83.0 83.0 25667.666666666668 0.0 427.0 1.0 1.0 1.0 1.3333333333333333 1714.3333333333333 1.0 8.0 427.0 84.33333333333333 0.0
query32 4.056666666666667 97% 0.0 93512.0 1.0 1.0 2.0 2.0 PATH 1510.0 11.0 1.0 1.0 1.0 1.0 1.0 501.0 1.0 1.0 1.0 1001.0 0.0 1.0 1.0 1.0 1.0 1.0 1.3333333333333333 1.0 1.0 1.0 1.6666666666666667 0.0
query86 3.9566666666666666 94% 0.0 92146.66666666667 1.0 1.0 2.0 2.0 STAR 1439.0 11.0 1.0 1.0 1.0 1.0 1.0 1.0 1.0 953.6666666666666 477.3333333333333 1.0 0.0 1.0 1.0 1.0 1.0 1.0 1.0 1.0 1.6666666666666667 1.3333333333333333 1.0 0.0
query36 7.216666666666668 41% 0.0 96944.0 1.0 1.0 2.0 2.0 PATH 1486.6666666666667 58.333333333333336 108.0 1.0 1.0 1.0 1.0 687.6666666666666 1.0 577.0 108.0 1.0 0.0 1.3333333333333333 1.0 1.0 1.0 1.0 1.3333333333333333 1.0 48.333333333333336 1.3333333333333333 1.0 0.0
query84 7.4433333333333325 37% 0.0 94665.33333333333 1.0 1.0 3.0 3.0 STAR 710.0 60.0 1.0 1.0 1.0 1.0 1.0 687.6666666666666 4.333333333333333 1.3333333333333333 7.333333333333333 4.333333333333333 0.0 1.0 1.0 1.0 1.0 1.0 1.3333333333333333 48.333333333333336 1.3333333333333333 2.6666666666666665 1.3333333333333333 0.0
query3 5.329999999999999 45% 0.0 80516.0 1.0 1.0 3.0 3.0 HYBRID 241.33333333333334 29.666666666666668 1.0 1.0 1.0 1.0 1.0 1.0 1.0 8.666666666666666 15.666666666666666 210.0 0.0 1.0 1.0 1.0 1.0 1.0 1.0 1.0 15.666666666666666 5.0 2.0 0.0
query53 7.3500000000000005 50% 0.0 90772.0 1.0 1.0 4.0 4.0 STAR 133.66666666666666 84.0 1.0 1.0 1.0 1.0 1.0 113.33333333333333 1.0 4.666666666666667 6.333333333333333 3.3333333333333335 0.0 1.0 1.0 1.0 1.0 1.0 1.6666666666666667 1.0 1.3333333333333333 72.33333333333333 2.6666666666666665 0.0
query56 10.623333333333333 52% 0.0 127394.66666666667 1.0 1.0 3.0 3.0 STAR 3491.6666666666665 120.66666666666667 1.0 1.0 1.0 1.0 1.0 937.3333333333334 1273.6666666666667 637.3333333333334 1.0 637.3333333333334 0.0 1.0 1.0 1.0 1.0 1.0 45.333333333333336 23.0 45.0 1.0 1.3333333333333333 0.0
query51 2.4666666666666663 71% 0.0 79554.66666666667 1.0 1.0 2.0 2.0 STAR 453.0 11.0 1.0 148.66666666666666 1.0 1.0 1.0 1.0 148.66666666666666 148.66666666666666 1.0 1.0 0.0 1.0 1.3333333333333333 1.0 1.0 1.0 1.0 1.3333333333333333 1.3333333333333333 1.0 1.0 0.0
query100 18.97 54% 0.0 124825.33333333333 1.0 1.0 6.0 6.0 HYBRID 313.6666666666667 232.0 1.0 1.0 1.0 19.666666666666668 1.0 1.0 118.66666666666667 18.333333333333332 69.33333333333333 82.66666666666667 0.0 1.0 1.0 1.0 1.3333333333333333 1.0 1.0 1.3333333333333333 3.6666666666666665 185.66666666666666 35.0 0.0
query85 4.706666666666666 62% 0.0 81850.66666666667 1.0 1.0 3.0 3.0 STAR 314.6666666666667 26.333333333333332 1.0 1.0 42.666666666666664 1.0 1.0 1.0 1.0 117.66666666666667 42.666666666666664 105.66666666666667 0.0 1.0 1.0 1.3333333333333333 1.0 1.0 1.0 1.0 10.0 7.666666666666667 1.3333333333333333 0.0
query82 6.263333333333333 64% 0.0 87716.0 1.0 1.0 2.0 2.0 STAR 722.0 46.0 1.0 67.66666666666667 1.0 1.0 1.0 67.66666666666667 1.0 76.33333333333333 504.3333333333333 1.0 0.0 1.0 1.3333333333333333 1.0 1.0 1.0 1.3333333333333333 1.0 36.0 1.3333333333333333 1.0 0.0
query91 2.4766666666666666 60% 0.0 71404.0 1.0 1.0 2.0 2.0 STAR 146.0 11.0 1.0 1.0 91.66666666666667 1.0 1.0 46.333333333333336 1.0 1.0 1.0 1.0 0.0 1.0 1.0 1.6666666666666667 1.0 1.0 1.3333333333333333 1.0 1.0 1.0 1.0 0.0
query25 3.7266666666666666 94% 0.0 88438.66666666667 1.0 1.0 2.0 2.0 PATH 1439.0 11.0 1.0 1.0 1.0 1.0 477.3333333333333 1.0 1.0 953.6666666666666 1.0 1.0 0.0 1.0 1.0 1.0 1.0 1.3333333333333333 1.0 1.0 1.6666666666666667 1.0 1.0 0.0
query77 8.143333333333333 91% 0.0 108821.33333333333 1.0 1.0 3.0 3.0 HYBRID 1813.0 68.0 1.0 1.0 1.0 1.0 1.0 1.0 332.6666666666667 809.0 1.0 664.3333333333334 0.0 1.0 1.0 1.0 1.0 1.0 1.0 24.666666666666668 1.6666666666666667 1.0 34.666666666666664 0.0
query97 5.95 53% 0.0 90660.0 1.0 1.0 3.0 3.0 STAR 489.3333333333333 42.666666666666664 1.0 1.0 11.333333333333334 1.0 1.0 1.0 1.0 223.33333333333334 247.66666666666666 1.0 0.0 1.0 1.0 1.3333333333333333 1.0 1.0 1.0 1.0 16.0 18.333333333333332 1.0 0.0
query40 4.8533333333333335 56% 0.0 76816.0 1.0 1.0 4.0 4.0 HYBRID 36.0 32.333333333333336 1.0 11.333333333333334 11.333333333333334 1.0 1.0 2.3333333333333335 1.0 2.3333333333333335 1.0 3.6666666666666665 0.0 1.0 1.3333333333333333 1.3333333333333333 1.0 1.0 1.3333333333333333 1.0 1.6666666666666667 1.0 21.666666666666668 0.0
query4 62.44333333333333 18% 0.0 340474.6666666667 1.0 1.0 5.0 5.0 HYBRID 24570.0 834.0 1.0 1.0 1.0 1.0 4094.3333333333335 4094.3333333333335 1.0 4094.3333333333335 4094.3333333333335 8187.666666666667 0.0 1.0 1.0 1.0 1.0 275.3333333333333 1.3333333333333333 1.0 275.3333333333333 275.3333333333333 1.6666666666666667 0.0
query26 3.8666666666666667 53% 0.0 75592.0 1.0 1.0 5.0 5.0 HYBRID 59.333333333333336 22.666666666666668 1.0 1.0 1.0 1.0 8.0 1.0 7.333333333333333 23.666666666666668 1.0 14.333333333333334 0.0 1.0 1.0 1.0 1.0 1.3333333333333333 1.0 3.0 8.333333333333334 1.0 4.0 0.0
query18 3.68 54% 0.0 73577.33333333333 1.0 1.0 2.0 2.0 PATH 92.0 18.0 1.6666666666666667 1.0 1.0 1.6666666666666667 1.0 1.0 81.0 1.0 1.0 1.6666666666666667 0.0 1.3333333333333333 1.0 1.0 1.3333333333333333 1.0 1.0 1.3333333333333333 1.0 1.0 8.0 0.0
