query1 5.49 29% 0 76256 1.00 1.00 5 5 HYBRID 43 29 1 1 1 1 1 1 1 1 1 1 1 7 1 1 1 7 1 1 1 12 0 1 1 1 1 1 1 1 1 1 1 1 4 1 1 1 6 1 1 1 2 0
query2 24.12 27% 0 183952 1.00 1.00 3 3 HYBRID 5867 305 1 1 1 1 1 1 1 1 1 1 1 1 1 1 1 1 2061 1 1729 2060 0 1 1 1 1 1 1 1 1 1 1 1 1 1 1 1 1 2 1 143 143 0
query3 4.55 36% 0 76572 1.00 1.00 3 3 HYBRID 62 27 1 1 1 1 1 1 1 1 1 1 1 1 1 1 1 21 1 1 1 23 0 1 1 1 1 1 1 1 1 1 1 1 1 1 1 1 2 1 1 1 7 0
query4 123.56 11% 0 321260 1.00 1.00 5 5 HYBRID 15211 1758 1 1 1 1 1 1 1 1 1649 1264 1 1 1 1 1 1 1 1 1 12281 0 1 1 1 1 1 1 1 1 2 1649 1 1 1 1 1 1 1 1 1 90 0
query7 11.85 36% 0 128956 1.00 1.00 3 3 STAR 1975 126 1 1 1 1 1 1 1 1 1 1 1 1 1 1 1 1 456 1 1 1501 0 1 1 1 1 1 1 1 1 1 1 1 1 1 1 1 1 106 1 1 2 0
query8 11.83 40% 0 133456 1.00 1.00 3 3 HYBRID 1975 126 1 1 1 1 1 1 1 1 1 1 1 1 1 1 1 1 456 1 1 1501 0 1 1 1 1 1 1 1 1 1 1 1 1 1 1 1 1 106 1 1 2 0
query9 16.83 30% 0 136192 1.00 1.00 6 6 HYBRID 912 212 1 1 1 1 1 1 1 1 1 1 1 393 1 1 1 1 161 341 1 1 0 1 1 1 1 1 1 1 1 1 1 1 2 1 1 1 1 32 161 1 1 0
query10 5.17 48% 0 92444 1.00 1.00 5 5 HYBRID 351 49 1 1 1 1 1 1 1 1 1 147 1 1 1 1 40 1 1 1 1 147 0 1 1 1 1 1 1 1 1 1 2 1 1 1 1 15 1 1 1 1 15 0
query11 6.47 48% 0 100052 1.00 1.00 2 2 STAR 1134 61 1 1 1 1 1 1 1 1 1 1 1 1 1 1 1 529 1 1 1 587 0 1 1 1 1 1 1 1 1 1 1 1 1 1 1 1 2 1 1 1 41 0
query12 5.06 46% 0 89456 1.00 1.00 5 5 HYBRID 228 48 1 1 1 1 1 1 21 1 1 1 1 1 1 1 67 49 1 75 1 1 0 1 1 1 1 1 1 9 1 1 1 1 1 1 1 11 10 1 2 1 1 0
query13 14.47 35% 0 147272 1.00 1.00 2 2 STAR 4140 163 1 1 1 1 1 1 1 1 1 1 1 1 1 1 1 1 2061 1 1 2061 0 1 1 1 1 1 1 1 1 1 1 1 1 1 1 1 1 2 1 1 143 0
query14 270.10 9% 0 332048 1.00 1.00 7 7 HYBRID 6199 3929 1 1 665 1 1 1 1 1 2061 1 1 1 1 1 1 1 1 1 1729 1728 0 1 1 1729 1 1 1 1 1 2 1 1 1 1 1 1 1 1 1 2061 121 0
query16 215.67 20% 0 418416 1.00 1.00 3 3 STAR 1593315 2966 1 1 1 1 1 1 1 1 1 1 1549272 1 241 1 1 1 1 1 1 43785 0 1 1 1 1 1 1 1 1 1 1 2925 1 2 1 1 1 1 1 1 22 0
query18 5.83 36% 0 81720 1.00 1.00 2 2 PATH 262 42 1 1 1 1 1 1 1 1 1 1 1 1 241 1 1 1 1 1 1 3 0 1 1 1 1 1 1 1 1 1 1 1 1 2 1 1 1 1 1 1 22 0
query19 4.78 43% 0 80196 1.00 1.00 4 4 STAR 185 41 1 1 1 1 1 1 1 1 1 1 1 1 1 1 1 1 1 6 81 81 0 1 1 1 1 1 1 1 1 1 1 1 1 1 1 1 1 1 11 11 2 0
query20 184.68 11% 0 371936 1.00 1.00 6 6 HYBRID 39560 2563 1 1 1 1 1 1 1 1 1 1 1 1 1 1 1 1 19001 1542 1 19000 0 1 1 1 1 1 1 1 1 1 1 1 1 1 1 1 1 2 1272 1 1272 0
query21 5.01 36% 0 78304 1.00 1.00 2 2 STAR 217 34 1 1 1 1 1 1 1 1 1 124 1 1 1 1 1 1 1 1 75 1 0 1 1 1 1 1 1 1 1 1 2 1 1 1 1 1 1 1 1 14 1 0
query22 9.10 42% 0 110404 1.00 1.00 2 2 PATH 1721 86 1 1 1 1 1 1 1 1 1 1 1 802 1 1 1 1 1 901 1 1 0 1 1 1 1 1 1 1 1 1 1 1 66 1 1 1 1 1 2 1 1 0
query25 11.60 41% 0 133984 1.00 1.00 2 2 PATH 2877 121 1 1 1 1 1429 1 1 1 1 1 1 1 1 1 1430 1 1 1 1 1 0 1 1 1 1 101 1 1 1 1 1 1 1 1 1 2 1 1 1 1 1 0
query26 33.23 19% 0 174256 1.00 1.00 5 5 HYBRID 884 468 1 1 431 1 1 1 1 1 1 21 1 1 1 1 415 1 1 1 1 1 0 1 1 2 1 1 1 1 1 1 415 1 1 1 1 34 1 1 1 1 1 0
query27 9.25 52% 0 128908 1.00 1.00 4 4 HYBRID 5726 101 1 1 1 1 4636 1 1 1 1 1 1 1 1 144 1 1 929 1 1 1 0 1 1 1 1 67 1 1 1 1 1 1 1 1 2 1 1 15 1 1 1 0
query28 3.63 41% 0 75504 1.00 1.00 3 3 STAR 21 22 1 1 1 1 1 1 1 1 1 1 1 1 1 1 1 1 1 2 1 1 0 1 1 1 1 1 1 1 1 1 1 1 1 1 1 1 1 1 2 1 2 0
query29 107.43 12% 0 322896 1.00 1.00 5 5 HYBRID 2239 1535 1 1 1 1 140 1 1 1 1 1 1 1 1 1 581 1 1 1 1 1501 0 1 1 1 1 1501 1 1 1 1 1 1 1 1 1 15 1 1 1 1 2 0
query30 7.76 47% 0 107060 1.00 1.00 4 4 STAR 1004 89 1 1 1 1 1 1 1 1 1 1 1 1 1 1 1 1 101 1 422 464 0 1 1 1 1 1 1 1 1 1 1 1 1 1 1 1 1 36 1 2 34 0
query32 12.19 40% 0 135556 1.00 1.00 2 2 PATH 3019 126 1 1 1 1 1 1 1 1 1 1 1 1 1 1 1501 1 1 1 1 1500 0 1 1 1 1 1 1 1 1 1 1 1 1 1 1 2 1 1 1 1 106 0
query33 7.47 52% 0 110160 1.00 1.00 2 2 PATH 4001 65 1 1 1 1 1 1 1 1 1 1 1 1 1 1 1 1 1 1 593 3390 0 1 1 1 1 1 1 1 1 1 1 1 1 1 1 1 1 1 1 2 45 0
query34 4.13 39% 0 77336 1.00 1.00 7 2 STAR 73 33 1 1 1 1 1 1 1 1 1 1 1 1 11 5 1 10 3 1 25 5 0 1 1 1 1 1 1 1 1 1 1 1 1 2 2 1 2 2 1 9 2 0
query35 8.36 41% 0 105376 1.00 1.00 3 3 STAR 818 77 1 1 1 1 1 1 1 26 1 774 1 1 1 1 1 1 1 1 1 1 0 1 1 1 1 1 1 1 57 1 2 1 1 1 1 1 1 1 1 1 1 0
query36 15.03 35% 0 141116 1.00 1.00 2 2 PATH 3808 163 1 1 1 1 1 1 1 1 1 1 1 1 1 1 1 1 2061 1 1729 1 0 1 1 1 1 1 1 1 1 1 1 1 1 1 1 1 1 2 1 143 1 0
query40 3.97 39% 0 75668 1.00 1.00 4 4 HYBRID 28 25 1 1 1 1 1 1 3 1 1 1 1 1 1 1 1 1 1 1 3 5 0 1 1 1 1 1 1 2 1 1 1 1 1 1 1 1 1 1 1 3 3 0
query41 23.32 25% 0 178308 1.00 1.00 3 3 STAR 4588 305 1 1 1 1 1 1 1 1 1 1 1 1 1 1 449 1 2061 1 1 2061 0 1 1 1 1 1 1 1 1 1 1 1 1 1 1 143 1 2 1 1 143 0
query43 11.98 41% 0 135636 1.00 1.00 3 3 PATH 3019 126 1 1 1 1 1 1 1 1 1 1 1 1 1 1 1500 1 1 1 1 1501 0 1 1 1 1 1 1 1 1 1 1 1 1 1 1 106 1 1 1 1 2 0
query44 6.59 49% 0 97232 1.00 1.00 3 3 HYBRID 875 54 1 1 1 1 1 1 1 1 1 1 1 1 428 1 429 1 1 1 1 1 0 1 1 1 1 1 1 1 1 1 1 1 1 34 1 2 1 1 1 1 1 0
query45 4.01 39% 0 76800 1.00 1.00 3 3 HYBRID 67 27 1 1 1 1 1 1 1 1 1 1 1 1 1 28 1 21 1 1 1 1 0 1 1 1 1 1 1 1 1 1 1 1 1 1 7 1 2 1 1 1 1 0
query46 164.78 11% 0 336312 1.00 1.00 7 7 HYBRID 13378 2320 1 1 1 1 1 1 1 1 1 1 1 15 1 1 15 1 11831 1 1 1501 0 1 1 1 1 1 1 1 1 1 1 1 7 1 1 794 1 1501 1 1 2 0
query47 96.07 15% 0 338508 1.00 1.00 3 3 HYBRID 38020 1292 1 1 1 1 1 1 1 1 1 1 1 1 1 1 1 1 19001 1 1 19001 0 1 1 1 1 1 1 1 1 1 1 1 1 1 1 1 1 2 1 1 1272 0
query49 12.33 44% 0 138752 1.00 1.00 4 4 HYBRID 3019 126 1 1 1 1 1 1 1 1 1 1 1 1 1 1 1500 1 1 1 1 1501 0 1 1 1 1 1 1 1 1 1 1 1 1 1 1 106 1 1 1 1 2 0
query51 6.73 41% 0 94228 1.00 1.00 2 2 STAR 891 54 1 1 1 1 444 1 1 1 1 1 1 1 1 1 429 1 1 1 1 1 0 1 1 1 1 34 1 1 1 1 1 1 1 1 1 2 1 1 1 1 1 0
query52 11.29 38% 0 126472 1.00 1.00 2 2 PATH 2122 126 1 1 1 1 1 1 1 1 1 1 1 1 1 1 1 1 1 1 593 1511 0 1 1 1 1 1 1 1 1 1 1 1 1 1 1 1 1 1 1 106 2 0
query54 68.88 15% 0 258712 1.00 1.00 6 6 HYBRID 1568 947 1 1 1 1 1 1 1 1 1 1 325 1 1 1 901 1 1 325 1 1 0 1 1 1 1 1 1 1 1 1 1 901 1 1 1 2 1 1 27 1 1 0
query56 13.90 36% 0 144128 1.00 1.00 3 3 STAR 3838 153 1 1 1 1 1 1 1 1 1 1 1 1 1 1 1910 1 1 1910 1 1 0 1 1 1 1 1 1 1 1 1 1 1 1 1 1 133 1 1 2 1 1 0
query57 4.65 38% 0 76592 1.00 1.00 3 3 HYBRID 71 27 1 1 27 1 1 1 1 1 1 1 1 1 1 1 1 1 1 1 1 26 0 1 1 2 1 1 1 1 1 1 1 1 1 1 1 1 1 1 1 1 7 0
query58 9.75 31% 0 104776 1.00 1.00 6 6 HYBRID 179 107 1 1 1 1 1 1 1 1 1 1 1 1 1 1 1 1 77 77 1 8 0 1 1 1 1 1 1 1 1 1 1 1 1 1 1 1 1 2 11 1 77 0
query59 213.45 20% 0 378080 1.00 1.00 3 3 STAR 1574334 2941 1 1 1 1 1 1 1 1 1 1 1530657 1 241 1 1 1 1 1 1 43419 0 1 1 1 1 1 1 1 1 1 1 2900 1 2 1 1 1 1 1 1 22 0
query60 4.45 36% 0 76664 1.00 1.00 3 3 HYBRID 59 27 1 1 1 1 1 1 1 1 1 21 1 1 20 1 1 1 1 1 1 1 0 1 1 1 1 1 1 1 1 1 2 1 1 7 1 1 1 1 1 1 1 0
query61 5.20 44% 0 88904 1.00 1.00 3 3 STAR 276 47 1 1 1 1 1 1 1 1 1 124 1 1 1 1 1 1 1 4 1 131 0 1 1 1 1 1 1 1 1 1 2 1 1 1 1 1 1 1 14 1 14 0
query62 3.54 27% 0 50292 0.00 1.00 0 2 STAR 20 20 1 1 1 1 1 1 1 1 1 1 1 1 1 1 1 1 1 1 1 1 0 1 1 1 1 1 1 1 1 1 1 1 1 1 1 1 1 1 1 1 1 0
query63 11.84 32% 0 115428 1.00 1.00 2 2 STAR 1603 126 1 1 1 1 1 1 1 1 1 1 1 1 1 1 74 1 1 1 1 1511 0 1 1 1 1 1 1 1 1 1 1 1 1 1 1 106 1 1 1 1 2 0
query64 5.89 34% 0 84520 1.00 1.00 7 7 HYBRID 49 47 1 1 1 1 1 1 1 1 1 1 1 1 1 1 25 1 4 1 1 3 0 1 1 1 1 1 1 1 1 1 1 1 1 1 1 2 1 25 1 1 3 0
query66 46.01 16% 0 204656 1.00 1.00 7 7 HYBRID 1464 672 1 1 287 1 1 1 1 1 1 1 44 1 1 1 1 529 1 1 1 588 0 1 1 588 1 1 1 1 1 1 1 25 1 1 1 1 2 1 1 1 41 0
query67 227.48 109% 0 985392 1.00 0.00 4 4 HYBRID 1594984 3077 1 1 1 1 1 1 1 1 1 1 1549272 1 43785 1 1 1 1 1910 1 1 0 1 1 1 1 1 1 1 1 1 1 2925 1 133 1 1 1 1 2 1 1 0
query69 78.24 14% 0 290040 1.00 1.00 7 7 HYBRID 2077 1094 1 1 1 1 7 1 1 1 1 1 1 1 1 1 996 1052 1 1 1 6 0 1 1 1 1 996 1 1 1 1 1 1 1 1 1 76 2 1 1 1 4 0
query70 12.07 36% 0 125020 1.00 1.00 2 2 PATH 2122 126 1 1 1 1 1 1 1 1 1 1 1 1 1 1 1 1 1 1 593 1511 0 1 1 1 1 1 1 1 1 1 1 1 1 1 1 1 1 1 1 106 2 0
query71 22.74 26% 0 183812 1.00 1.00 3 3 HYBRID 5868 305 1 1 1 1 1 1 1 1 1 1 1 1 1 1 1 1 2061 1 1729 2061 0 1 1 1 1 1 1 1 1 1 1 1 1 1 1 1 1 2 1 143 143 0
query74 30.51 20% 0 168964 1.00 1.00 7 7 HYBRID 876 407 1 1 1 1 366 1 1 1 1 1 1 1 1 1 1 1 1 1 247 246 0 1 1 1 1 2 1 1 1 1 1 1 1 1 1 1 1 1 1 366 22 0
query75 105.22 13% 0 316744 1.00 1.00 5 5 HYBRID 1890 1482 1 1 415 1 1 1 1 1 1 1 1 1 1 1 1430 1 1 28 1 1 0 1 1 1430 1 1 1 1 1 1 1 1 1 1 1 2 1 1 33 1 1 0
query77 17.23 31% 0 157264 1.00 1.00 3 3 HYBRID 3873 221 1 1 1 1 1430 1 1 1 1 1 1 1 1 1 1430 996 1 1 1 1 0 1 1 1 1 101 1 1 1 1 1 1 1 1 1 2 101 1 1 1 1 0
query78 4.50 38% 0 76996 1.00 1.00 3 3 STAR 77 28 1 1 1 1 1 1 1 1 1 30 1 1 1 1 1 1 1 1 1 29 0 1 1 1 1 1 1 1 1 1 2 1 1 1 1 1 1 1 1 1 8 0
query82 10.51 32% 0 121412 1.00 1.00 2 2 STAR 1756 126 1 1 1 1 1 1 1 1 1 1 1 1 1 1 1 1 227 1 1 1511 0 1 1 1 1 1 1 1 1 1 1 1 1 1 1 1 1 106 1 1 2 0
query85 4.88 45% 0 90968 1.00 1.00 3 3 STAR 370 41 1 1 1 1 1 1 1 1 1 1 1 1 1 1 226 1 1 1 126 1 0 1 1 1 1 1 1 1 1 1 1 1 1 1 1 2 1 1 1 21 1 0
query87 5.77 77% 0 144716 1.00 1.00 9 4 HYBRID 800 226 1 1 1 1 1 1 1 1 189 406 1 1 51 43 1 50 2 1 40 7 0 1 1 1 1 1 1 1 1 18 2 1 1 32 32 1 32 32 1 33 33 0
query88 3.62 46% 0 83136 1.00 1.00 3 3 STAR 616 25 1 1 1 1 10 1 1 1 1 1 1 588 1 1 1 1 1 1 1 1 0 1 1 1 1 2 1 1 1 1 1 1 5 1 1 1 1 1 1 1 1 0
query89 3.73 35% 0 78252 1.00 1.00 4 4 HYBRID 57 33 1 1 1 1 1 1 1 1 1 1 2 1 1 19 1 1 1 1 19 1 0 1 1 1 1 1 1 1 1 1 1 7 1 1 2 1 1 1 1 7 1 0
query91 6.14 47% 0 99088 1.00 1.00 2 2 STAR 1174 61 1 1 1 1 627 1 1 1 1 1 1 1 1 1 1 529 1 1 1 1 0 1 1 1 1 41 1 1 1 1 1 1 1 1 1 1 2 1 1 1 1 0
query93 18.62 31% 0 166004 1.00 1.00 3 3 HYBRID 6386 238 1 1 1 1 1 1 1 1 3184 3184 1 1 1 1 1 1 1 1 1 1 0 1 1 1 1 1 1 1 1 218 2 1 1 1 1 1 1 1 1 1 1 0
query94 13.12 32% 0 148580 1.00 1.00 2 2 STAR 4139 163 1 1 1 1 1 1 1 1 1 1 1 1 1 1 1 1 2061 1 1 2060 0 1 1 1 1 1 1 1 1 1 1 1 1 1 1 1 1 2 1 1 143 0
query95 88.35 12% 0 315388 1.00 1.00 4 4 HYBRID 21226 1292 1 1 1 1 1 1 1 1 1 1 1 1 1 1 1 1 19001 2207 1 1 0 1 1 1 1 1 1 1 1 1 1 1 1 1 1 1 1 2 1272 1 1 0
query97 6.43 44% 0 97920 1.00 1.00 3 3 STAR 687 65 1 1 1 1 1 1 1 1 1 1 1 1 1 1 1 1 1 76 593 1 0 1 1 1 1 1 1 1 1 1 1 1 1 1 1 1 1 1 45 2 1 0
query99 39.76 13% 0 196756 1.00 1.00 6 6 HYBRID 4412 598 1 1 1 1 1 1 1 1 1 1 1 559 3673 10 1 1 1 1 1 154 0 1 1 1 1 1 1 1 1 1 1 1 5 16 2 1 1 1 1 1 559 0
query100 48.56 14% 0 211584 1.00 1.00 6 6 HYBRID 1425 720 1 1 1 1 1 1 1 1 1 1 1 648 1 1 1 1 53 1 1 707 0 1 1 1 1 1 1 1 1 1 1 1 53 1 1 1 1 648 1 1 2 0
