query1 5.77 41% 0 101232 1.00 1.00 5 5 HYBRID 396 56 1 1 1 1 1 1 1 1 7 7 1 1 1 360 1 1 6 1 1 1 0 1 1 1 1 1 1 1 1 4 30 1 1 1 2 1 1 4 1 1 1 0
query2 13.62 36% 0 140876 1.00 1.00 3 3 HYBRID 3808 163 1 1 1 1 1 1 1 1 1 1 1 1 1 1729 1 1 2061 1 1 1 0 1 1 1 1 1 1 1 1 1 1 1 1 1 143 1 1 2 1 1 1 0
query3 4.07 37% 0 76976 1.00 1.00 3 3 HYBRID 85 28 1 1 1 1 1 1 1 1 1 1 43 1 1 1 1 24 1 1 1 1 0 1 1 1 1 1 1 1 1 1 1 2 1 1 1 1 8 1 1 1 1 0
query4 111.19 9% 0 329612 1.00 1.00 5 5 HYBRID 19348 1674 1 1 1 1 1 1 1 1 1 12281 1264 1 1 1 1 1 5786 1 1 1 0 1 1 1 1 1 1 1 1 1 1264 391 1 1 1 1 1 2 1 1 1 0
query5 3.40 37% 0 74676 1.00 1.00 3 3 HYBRID 22 23 1 1 1 1 1 1 1 1 1 1 1 1 1 1 1 1 1 1 3 1 0 1 1 1 1 1 1 1 1 1 1 1 1 1 1 1 1 1 3 2 1 0
query6 3.80 35% 0 77544 1.00 1.00 5 5 HYBRID 57 32 1 1 1 1 1 10 6 1 1 1 1 1 24 1 1 1 1 1 1 1 0 1 1 1 1 1 7 2 1 1 1 1 1 6 1 1 1 1 1 1 1 0
query7 5.86 42% 0 94000 1.00 1.00 3 3 STAR 930 56 1 1 1 1 1 1 1 1 1 1 1 1 1 1 1 1 1 1 456 456 0 1 1 1 1 1 1 1 1 1 1 1 1 1 1 1 1 1 1 2 36 0
query8 5.88 46% 0 98720 1.00 1.00 3 3 HYBRID 929 56 1 1 1 1 1 1 1 1 1 1 1 1 1 1 1 1 455 1 456 1 0 1 1 1 1 1 1 1 1 1 1 1 1 1 1 1 1 36 1 2 1 0
query9 27.67 15% 0 164984 1.00 1.00 6 6 HYBRID 1370 408 1 1 1 339 1 1 1 1 1 1 1 1 1 673 1 1 341 1 1 1 0 1 1 1 2 1 1 1 1 1 1 1 1 1 339 1 1 50 1 1 1 0
query10 5.93 30% 0 84796 1.00 1.00 5 5 HYBRID 97 59 1 39 1 40 1 1 1 1 1 1 1 1 1 1 1 1 1 1 1 1 0 1 2 1 39 1 1 1 1 1 1 1 1 1 1 1 1 1 1 1 1 0
query11 6.18 43% 0 100976 1.00 1.00 2 2 STAR 1134 61 1 1 1 1 1 1 1 1 1 1 1 1 1 1 1 529 587 1 1 1 0 1 1 1 1 1 1 1 1 1 1 1 1 1 1 1 2 41 1 1 1 0
query12 8.67 38% 0 128540 1.00 1.00 5 5 HYBRID 1333 116 1 1 1 1 1 1 996 1 1 299 1 1 1 1 1 1 1 1 1 21 0 1 1 1 1 1 1 2 1 1 72 1 1 1 1 1 1 1 1 1 25 0
query13 3.45 44% 0 81532 1.00 1.00 2 2 STAR 314 21 1 1 1 1 1 1 1 1 1 1 1 1 1 1 1 1 295 1 1 1 0 1 1 1 1 1 1 1 1 1 1 1 1 1 1 1 1 2 1 1 1 0
query14 196.63 7% 0 337764 1.00 1.00 7 7 HYBRID 16898 3033 1 1 1 1 1 1 1 1 1 7078 1 1 7078 1 1 1 2061 1 1 665 0 1 1 1 1 1 1 1 1 1 477 1 1 2061 1 1 1 2 1 1 477 0
query15 3.33 37% 0 74944 1.00 1.00 2 2 STAR 128 21 1 1 1 1 109 1 1 1 1 1 1 1 1 1 1 1 1 1 1 1 0 1 1 1 1 2 1 1 1 1 1 1 1 1 1 1 1 1 1 1 1 0
query16 32.44 71% 0 369236 1.00 1.00 3 3 STAR 1554361 364 1 1 1 1 1 1 1 5071 1 1 1 1 1 1 1 1 1 1549272 1 1 0 1 1 1 1 1 1 1 2 1 1 1 1 1 1 1 1 1 344 1 1 0
query17 9.03 24% 0 102160 1.00 1.00 5 5 STAR 169 107 1 64 1 1 1 1 1 87 1 1 1 1 1 1 1 1 1 1 1 1 0 1 87 1 1 1 1 1 2 1 1 1 1 1 1 1 1 1 1 1 1 0
query18 3.27 35% 0 73220 1.00 1.00 2 2 PATH 22 21 1 1 1 1 1 1 1 1 1 1 1 1 1 1 1 1 1 1 3 1 0 1 1 1 1 1 1 1 1 1 1 1 1 1 1 1 1 1 1 2 1 0
query19 8.68 23% 0 95372 1.00 1.00 4 4 STAR 105 101 1 6 1 1 1 1 1 1 1 81 1 1 1 1 1 1 1 1 1 1 0 1 81 1 1 1 1 1 1 1 2 1 1 1 1 1 1 1 1 1 1 0
query20 87.09 10% 0 327208 1.00 1.00 6 6 HYBRID 20561 1292 1 1 1 1 1 1 1 1 1 1 1 1 1 1 1 1 19001 1 1 1542 0 1 1 1 1 1 1 1 1 1 1 1 1 1 1 1 1 2 1 1 1272 0
query21 4.13 32% 0 78928 1.00 1.00 2 2 STAR 217 34 1 1 1 1 1 1 1 1 1 75 124 1 1 1 1 1 1 1 1 1 0 1 1 1 1 1 1 1 1 1 14 2 1 1 1 1 1 1 1 1 1 0
query22 3.37 44% 0 82008 1.00 1.00 2 2 PATH 464 21 1 1 1 1 1 1 1 1 1 1 1 1 445 1 1 1 1 1 1 1 0 1 1 1 1 1 1 1 1 1 1 1 1 2 1 1 1 1 1 1 1 0
query23 4.20 34% 0 78936 1.00 1.00 2 2 STAR 216 34 1 1 1 1 1 1 1 1 1 1 124 1 74 1 1 1 1 1 1 1 0 1 1 1 1 1 1 1 1 1 1 2 1 14 1 1 1 1 1 1 1 0
query24 30.72 17% 0 224912 1.00 1.00 7 7 HYBRID 8089 496 1 1 1 1 1 1 1 1 1 1 1 5103 1 1 1 1 901 1 1168 901 0 1 1 1 1 1 1 1 1 1 1 1 66 1 1 1 1 2 1 346 66 0
query25 3.68 65% 0 90716 1.00 1.00 2 2 PATH 1449 21 1 1 1 1 1 1 1 1 1 1 1 1430 1 1 1 1 1 1 1 1 0 1 1 1 1 1 1 1 1 1 1 1 2 1 1 1 1 1 1 1 1 0
query26 6.93 28% 0 90320 1.00 1.00 5 5 HYBRID 140 81 1 1 1 1 1 1 1 1 1 21 53 49 1 1 1 1 1 1 1 1 0 1 1 1 1 1 1 1 1 1 9 2 53 1 1 1 1 1 1 1 1 0
query27 16.23 29% 0 170876 1.00 1.00 4 4 HYBRID 7643 229 1 1 1 1 1 1 1 1 1 1 1 1 4636 1 1 1 2061 929 1 1 0 1 1 1 1 1 1 1 1 1 1 1 1 67 1 1 1 2 143 1 1 0
query28 3.57 35% 0 75696 1.00 1.00 3 3 STAR 31 25 1 11 1 1 1 1 1 1 1 1 1 1 1 1 1 1 1 1 1 2 0 1 2 1 1 1 1 1 1 1 1 1 1 1 1 1 1 1 1 1 5 0
query29 41.81 11% 0 189392 1.00 1.00 5 5 HYBRID 1316 620 1 1 1 1 1 1 1 1 1 1 131 587 1 1 1 1 1 1 581 1 0 1 1 1 1 1 1 1 1 1 1 2 14 1 1 1 1 1 1 587 1 0
query30 53.91 11% 0 218992 1.00 1.00 4 4 STAR 899 800 1 101 1 1 1 1 1 1 1 1 780 1 1 1 1 1 1 1 1 1 0 1 780 1 1 1 1 1 1 1 1 2 1 1 1 1 1 1 1 1 1 0
query32 3.58 61% 0 92244 1.00 1.00 2 2 PATH 1520 21 1 1 1 1 1 1 1 1 1 1 1 1 1 1 1 1 1 1 1501 1 0 1 1 1 1 1 1 1 1 1 1 1 1 1 1 1 1 1 1 2 1 0
query33 3.47 48% 0 83596 1.00 1.00 2 2 PATH 527 21 1 1 1 1 1 1 1 1 1 508 1 1 1 1 1 1 1 1 1 1 0 1 1 1 1 1 1 1 1 1 2 1 1 1 1 1 1 1 1 1 1 0
query34 3.71 35% 0 77984 1.00 1.00 8 2 STAR 75 34 1 1 1 1 1 1 1 1 1 1 1 12 8 19 4 2 1 11 5 2 0 1 1 1 1 1 1 1 1 1 1 1 2 2 8 2 2 1 2 2 2 0
query35 3.72 34% 0 77284 1.00 1.00 3 3 STAR 82 28 1 1 1 25 1 1 1 1 1 1 1 1 1 1 39 1 1 1 1 1 0 1 1 1 8 1 1 1 1 1 1 1 1 1 1 2 1 1 1 1 1 0
query36 13.26 31% 0 146452 1.00 1.00 2 2 PATH 3808 163 1 1 1 1 1 1 1 1 1 1 1 1 1 1729 1 1 2061 1 1 1 0 1 1 1 1 1 1 1 1 1 1 1 1 1 143 1 1 2 1 1 1 0
query37 7.44 38% 0 120080 1.00 1.00 5 5 HYBRID 1120 99 1 1 1 1 1 1 1 1 1 1 287 1 740 1 1 1 1 1 76 1 0 1 1 1 1 1 1 1 1 1 1 55 1 2 1 1 1 1 1 25 1 0
query38 17.35 21% 0 135264 1.00 1.00 6 6 HYBRID 859 253 1 1 1 1 1 1 1 1 1 1 444 1 1 1 1 1 1 199 1 199 0 1 1 1 1 1 1 1 1 1 1 2 1 1 1 1 1 1 35 1 199 0
query39 69.82 12% 0 321184 1.00 1.00 7 7 HYBRID 13706 1039 1 1 1 1 1 1 1 114 1 1 1 1 1 1 1 1 1 1 74 13501 0 1 1 1 1 1 1 1 2 1 1 1 1 1 1 1 1 1 1 906 114 0
query40 11.67 32% 0 136244 1.00 1.00 4 4 HYBRID 1974 161 1 1 1 1 1 1 1 1 1 1501 451 1 1 1 1 1 1 1 1 5 0 1 1 1 1 1 1 1 1 1 2 106 1 1 1 1 1 1 1 1 36 0
query41 13.04 29% 0 141728 1.00 1.00 3 3 STAR 2528 163 1 1 1 1 1 1 1 1 1 1 1 1 1 1 1 1 2061 449 1 1 0 1 1 1 1 1 1 1 1 1 1 1 1 1 1 1 1 2 143 1 1 0
query42 250.18 6% 0 405960 1.00 1.00 7 7 HYBRID 44325 3806 1 1 1 1 1 1 891 1 1 1 1 1 1 54 1 1 43363 1 1 1 0 1 1 1 1 1 1 2 1 1 1 1 1 1 2896 1 1 891 1 1 1 0
query43 10.66 37% 0 126396 1.00 1.00 3 3 PATH 3020 126 1 1 1 1 1 1 1 1 1 1 1 1 1 1 1 1 1501 1 1501 1 0 1 1 1 1 1 1 1 1 1 1 1 1 1 1 1 1 106 1 2 1 0
query44 3.35 43% 0 81964 1.00 1.00 3 3 HYBRID 448 21 1 1 1 1 1 1 1 429 1 1 1 1 1 1 1 1 1 1 1 1 0 1 1 1 1 1 1 1 2 1 1 1 1 1 1 1 1 1 1 1 1 0
query45 7.15 37% 0 104864 1.00 1.00 3 3 HYBRID 790 75 1 1 1 1 1 1 1 1 1 1 1 1 1 1 744 1 1 1 1 28 0 1 1 1 1 1 1 1 1 1 1 1 1 1 1 2 1 1 1 1 55 0
query46 35.23 14% 0 181712 1.00 1.00 7 7 HYBRID 1366 544 1 1 1 1 1 1 1 1 423 1 1 1 1 1 1 1 15 1 456 456 0 1 1 1 1 1 1 1 1 36 1 1 1 1 1 1 1 34 1 2 456 0
query47 3.75 70% 0 102740 1.00 1.00 3 3 HYBRID 2080 21 1 1 1 1 1 1 1 1 1 1 1 1 1 1 1 1 2061 1 1 1 0 1 1 1 1 1 1 1 1 1 1 1 1 1 1 1 1 2 1 1 1 0
query48 3.66 67% 0 97396 1.00 1.00 2 2 STAR 2080 21 1 1 1 1 1 1 1 1 1 1 1 1 1 1 1 1 2061 1 1 1 0 1 1 1 1 1 1 1 1 1 1 1 1 1 1 1 1 2 1 1 1 0
query49 10.65 36% 0 137112 1.00 1.00 4 4 HYBRID 3020 126 1 1 1 1 1 1 1 1 1 1 1 1 1 1 1 1 1 1 1501 1501 0 1 1 1 1 1 1 1 1 1 1 1 1 1 1 1 1 1 1 106 2 0
query51 5.60 37% 0 95156 1.00 1.00 2 2 STAR 891 54 1 1 1 1 1 1 1 1 1 1 1 429 444 1 1 1 1 1 1 1 0 1 1 1 1 1 1 1 1 1 1 1 2 34 1 1 1 1 1 1 1 0
query52 10.55 34% 0 130392 1.00 1.00 2 2 PATH 2122 126 1 1 1 1 1 1 1 1 1 1 1 1 1 593 1 1 1511 1 1 1 0 1 1 1 1 1 1 1 1 1 1 1 1 1 106 1 1 2 1 1 1 0
query53 3.70 38% 0 76236 1.00 1.00 4 4 STAR 38 26 1 1 1 8 1 1 1 1 1 1 1 1 1 1 1 1 1 1 1 12 0 1 1 1 6 1 1 1 1 1 1 1 1 1 1 1 1 1 1 1 2 0
query54 65.26 12% 0 298772 1.00 1.00 6 6 HYBRID 3545 987 1 1 1 325 1 1 1 1 1 1 1 1 1 802 1 1 1 1 1 2401 0 1 1 1 802 1 1 1 1 1 1 1 1 1 166 1 1 1 1 1 2 0
query55 15.04 28% 0 146344 1.00 1.00 4 4 HYBRID 2823 212 1 1 1 1 1 1 1 1 1 1 602 1 2129 1 1 1 1 1 1 75 0 1 1 1 1 1 1 1 1 1 1 147 1 2 1 1 1 1 1 1 46 0
query56 12.53 34% 0 145200 1.00 1.00 3 3 STAR 3838 153 1 1 1 1 1 1 1 1 1 1 1 1 1 1 1 1 1 1910 1910 1 0 1 1 1 1 1 1 1 1 1 1 1 1 1 1 1 1 1 2 133 1 0
query57 3.71 37% 0 77100 1.00 1.00 3 3 HYBRID 71 27 1 1 1 27 1 1 1 1 1 1 1 1 1 1 1 1 26 1 1 1 0 1 1 1 2 1 1 1 1 1 1 1 1 1 1 1 1 7 1 1 1 0
query58 508.75 6% 0 481336 1.00 1.00 6 6 HYBRID 114870 7755 1 1 1 77 1 1 1 1 1 8 1 1 1 1 1 1 114761 1 1 8 0 1 1 1 2 1 1 1 1 1 7656 1 1 1 1 1 1 77 1 1 4 0
query59 32.20 66% 0 333020 1.00 1.00 3 3 STAR 1553995 364 1 1 1 1 1 1 1 5071 1 1 1 1 1 1 1 1 1 1548906 1 1 0 1 1 1 1 1 1 1 2 1 1 1 1 1 1 1 1 1 344 1 1 0
query60 5.62 38% 0 92652 1.00 1.00 3 3 HYBRID 468 54 1 1 1 1 1 1 1 429 1 1 1 1 21 1 1 1 1 1 1 1 0 1 1 1 1 1 1 1 2 1 1 1 1 34 1 1 1 1 1 1 1 0
query61 3.24 34% 0 74144 1.00 1.00 3 3 STAR 23 21 1 4 1 1 1 1 1 1 1 1 1 1 1 1 1 1 1 1 1 1 0 1 2 1 1 1 1 1 1 1 1 1 1 1 1 1 1 1 1 1 1 0
query62 3.30 38% 0 75116 1.00 1.00 2 2 STAR 150 21 1 1 1 1 1 1 1 1 1 1 131 1 1 1 1 1 1 1 1 1 0 1 1 1 1 1 1 1 1 1 1 2 1 1 1 1 1 1 1 1 1 0
query63 10.51 30% 0 119428 1.00 1.00 2 2 STAR 1603 126 1 1 1 1 1 1 1 1 1 1 1 1 1 1 1 1 1511 74 1 1 0 1 1 1 1 1 1 1 1 1 1 1 1 1 1 1 1 2 106 1 1 0
query64 88.08 10% 0 356164 1.00 1.00 7 7 HYBRID 19087 1304 1 1 1 1 1 1 1 1 1 1 1 1 1 57 1 1 19001 1 4 9 0 1 1 1 1 1 1 1 1 1 1 1 1 1 1272 1 1 2 1 5 9 0
query65 3.29 36% 0 73200 1.00 1.00 2 2 PATH 46 21 1 1 1 1 1 1 1 1 1 1 27 1 1 1 1 1 1 1 1 1 0 1 1 1 1 1 1 1 1 1 1 2 1 1 1 1 1 1 1 1 1 0
query66 99.61 8% 0 303104 1.00 1.00 7 7 HYBRID 1569 1526 1 1 1 1 1 1 1 45 1 1 1 1 1 529 1 1 978 1 1 1 0 1 1 1 1 1 1 1 978 1 1 1 1 1 2 1 1 529 1 1 1 0
query67 1800.00 0% 0 1428 1.00 0.00 4 4 HYBRID 1967038 27882 1 1 1 1 1 1 1 5071 1 1 1 1 1 1 1 1 412678 1549272 1 1 0 1 1 1 1 1 1 1 2 1 1 1 1 1 1 1 1 27519 344 1 1 0
query68 3.66 34% 0 75820 1.00 1.00 3 3 HYBRID 37 27 1 1 1 1 1 1 1 1 1 1 1 1 1 1 1 15 1 1 1 4 0 1 1 1 1 1 1 1 1 1 1 1 1 1 1 1 2 1 1 1 7 0
query69 130.63 7% 0 318844 1.00 1.00 7 7 HYBRID 2016 2011 1 1 1 1 1 1 996 1 1 1 1 1 7 1 1 1 996 1 1 1 0 1 1 1 1 1 1 2 1 1 1 1 1 996 1 1 1 996 1 1 1 0
query70 10.47 30% 0 124392 1.00 1.00 2 2 PATH 2122 126 1 1 1 1 1 1 1 1 1 1 1 1 1 593 1 1 1511 1 1 1 0 1 1 1 1 1 1 1 1 1 1 1 1 1 106 1 1 2 1 1 1 0
query71 12.94 28% 0 145284 1.00 1.00 3 3 HYBRID 3808 163 1 1 1 1 1 1 1 1 1 1 1 1 1 1729 1 1 2061 1 1 1 0 1 1 1 1 1 1 1 1 1 1 1 1 1 143 1 1 2 1 1 1 0
query72 6.05 46% 0 112312 1.00 1.00 5 5 HYBRID 1488 87 1 1 1 1 1 1 1 1 1 1 1 1 1 224 1 1 686 106 456 1 0 1 1 1 1 1 1 1 1 1 1 1 1 1 13 1 1 20 36 2 1 0
query73 4.54 39% 0 87764 1.00 1.00 3 3 STAR 292 39 1 1 1 1 1 1 1 1 1 1 1 73 1 1 1 1 1 1 1 201 0 1 1 1 1 1 1 1 1 1 1 1 19 1 1 1 1 1 1 1 2 0
query74 93.90 9% 0 315948 1.00 1.00 7 7 HYBRID 1684 1439 1 1 1054 1 1 1 1 1 1 1 247 1 1 1 1 1 1 1 366 1 0 1 1 2 1 1 1 1 1 1 1 366 1 1 1 1 1 1 1 1054 1 0
query75 11.14 33% 0 131412 1.00 1.00 5 5 HYBRID 1890 153 1 1 1 1 1 1 1 1 1 415 1 1430 1 1 1 1 1 1 1 28 0 1 1 1 1 1 1 1 1 1 101 1 2 1 1 1 1 1 1 1 33 0
query76 7.81 35% 0 115940 1.00 1.00 2 2 STAR 1477 86 1 1 1 545 1 1 1 1 914 1 1 1 1 1 1 1 1 1 1 1 0 1 1 1 66 1 1 1 1 2 1 1 1 1 1 1 1 1 1 1 1 0
query77 10.20 36% 0 130644 1.00 1.00 3 3 HYBRID 2444 121 1 1 1 1 1 1 1 1 1 1 1 1430 1 1 1 996 1 1 1 1 0 1 1 1 1 1 1 1 1 1 1 1 2 1 1 1 101 1 1 1 1 0
query78 6.73 36% 0 107848 1.00 1.00 3 3 STAR 712 70 1 663 1 1 1 1 1 1 1 1 1 1 31 1 1 1 1 1 1 1 0 1 2 1 1 1 1 1 1 1 1 1 1 50 1 1 1 1 1 1 1 0
query80 7.95 43% 0 126968 1.00 1.00 3 3 HYBRID 4807 107 1 1 1 1 1 1 1 1 1 1 1 3633 628 1 1 529 1 1 1 1 0 1 1 1 1 1 1 1 1 1 1 1 47 41 1 1 2 1 1 1 1 0
query81 3.86 51% 0 87736 1.00 1.00 2 2 PATH 1306 29 1 1 1 1 1 1 1 1 1 1 1 1 1 1 1 1 1 1237 1 51 0 1 1 1 1 1 1 1 1 1 1 1 1 1 1 1 1 1 9 1 2 0
query82 3.27 37% 0 75116 1.00 1.00 2 2 STAR 220 21 1 201 1 1 1 1 1 1 1 1 1 1 1 1 1 1 1 1 1 1 0 1 2 1 1 1 1 1 1 1 1 1 1 1 1 1 1 1 1 1 1 0
query83 4.28 43% 0 92692 1.00 1.00 2 2 PATH 822 35 1 1 1 1 1 1 1 1 1 1 1 1 660 1 1 1 1 144 1 1 0 1 1 1 1 1 1 1 1 1 1 1 1 15 1 1 1 1 2 1 1 0
query84 3.24 34% 0 74072 1.00 1.00 3 3 STAR 30 21 1 1 1 1 1 1 1 1 1 1 1 1 1 1 1 1 11 1 1 1 0 1 1 1 1 1 1 1 1 1 1 1 1 1 1 1 1 2 1 1 1 0
query85 5.76 44% 0 104636 1.00 1.00 3 3 STAR 797 74 1 1 1 126 1 1 1 1 1 1 1 429 1 1 1 225 1 1 1 1 0 1 1 1 21 1 1 1 1 1 1 1 2 1 1 1 34 1 1 1 1 0
query86 10.23 35% 0 132472 1.00 1.00 2 2 STAR 4701 121 1 1 1 1 1 1 1 1 1 1 1 1430 1 3253 1 1 1 1 1 1 0 1 1 1 1 1 1 1 1 1 1 1 2 1 101 1 1 1 1 1 1 0
query87 6.87 61% 0 153076 1.00 1.00 10 4 HYBRID 862 263 1 1 1 1 1 1 1 1 1 1 406 81 40 1 42 2 1 51 7 221 0 1 1 1 1 1 1 1 1 1 1 2 32 33 1 33 33 1 33 33 52 0
query88 7.35 36% 0 107284 1.00 1.00 3 3 STAR 1456 79 1 1 1 1 1 1 1 1 1 1 1 1 802 1 1 1 1 636 1 1 0 1 1 1 1 1 1 1 1 1 1 1 1 2 1 1 1 1 59 1 1 0
query89 11.05 22% 0 106600 1.00 1.00 4 4 HYBRID 138 138 1 1 1 1 118 1 1 1 1 1 2 1 1 1 1 1 1 1 1 1 0 1 1 1 1 2 1 1 1 1 1 118 1 1 1 1 1 1 1 1 1 0
query90 7.89 35% 0 116524 1.00 1.00 4 4 HYBRID 1265 107 1 1 1 1 1 1 1 1 1 1 249 1 1 1 98 1 901 1 1 1 0 1 1 1 1 1 1 1 1 1 1 66 1 1 1 22 1 2 1 1 1 0
query91 6.02 39% 0 97168 1.00 1.00 2 2 STAR 1174 61 1 1 1 1 1 1 1 1 1 1 1 1 627 1 1 529 1 1 1 1 0 1 1 1 1 1 1 1 1 1 1 1 1 41 1 1 2 1 1 1 1 0
query92 4.37 34% 0 78624 1.00 1.00 2 2 STAR 147 34 1 1 1 1 1 1 1 1 1 1 124 1 1 1 1 1 1 1 1 5 0 1 1 1 1 1 1 1 1 1 1 2 1 1 1 1 1 1 1 1 14 0
query93 4.35 70% 0 107876 1.00 1.00 3 3 HYBRID 3424 47 1 1 1 1 1 1 1 1 1 1 124 1 1 1 1 1 1 3159 1 124 0 1 1 1 1 1 1 1 1 1 1 2 1 1 1 1 1 1 14 1 14 0
query94 3.64 66% 0 99236 1.00 1.00 2 2 STAR 2080 21 1 1 1 1 1 1 1 1 1 1 1 1 1 1 1 1 2061 1 1 1 0 1 1 1 1 1 1 1 1 1 1 1 1 1 1 1 1 2 1 1 1 0
query95 3.42 40% 0 81676 1.00 1.00 4 4 HYBRID 260 21 1 1 1 1 1 241 1 1 1 1 1 1 1 1 1 1 1 1 1 1 0 1 1 1 1 1 2 1 1 1 1 1 1 1 1 1 1 1 1 1 1 0
query96 3.54 35% 0 75584 1.00 1.00 4 4 HYBRID 28 25 1 1 1 1 1 1 1 1 3 1 1 1 1 1 1 1 1 3 1 5 0 1 1 1 1 1 1 1 1 3 1 1 1 1 1 1 1 1 3 1 2 0
query97 6.37 38% 0 100800 1.00 1.00 3 3 STAR 687 65 1 1 1 1 1 1 1 1 1 593 1 1 1 1 1 1 1 1 1 76 0 1 1 1 1 1 1 1 1 1 2 1 1 1 1 1 1 1 1 1 45 0
query98 7.87 36% 0 116044 1.00 1.00 4 4 HYBRID 1820 86 1 1 1 1 1 1 1 1 1 1 1 1 1 1 1 1 901 1 901 1 0 1 1 1 1 1 1 1 1 1 1 1 1 1 1 1 1 2 1 66 1 0
query99 1800.00 0% 0 1432 0.00 1.00 6 6 HYBRID 134741 28654 1 1 1 1 1 1 1 1 802 1 1 1 1 1 1 1 1 1 133921 1 0 1 1 1 1 1 1 1 1 2 1 1 1 1 1 1 1 1 27833 802 1 0
query100 8.48 29% 0 112140 1.00 1.00 6 6 HYBRID 374 121 1 1 1 77 1 1 1 1 1 1 1 1 53 114 1 1 1 1 1 114 0 1 1 1 2 1 1 1 1 1 1 1 1 13 77 1 1 1 1 1 13 0
