query1 42.22 26% 0 311992 1.00 1.00 31 5 HYBRID 9481 1795 1 216 809 1 1477 73 999 127 810 209 216 1 1 1869 583 529 216 1341 2 1 0 6 24 82 6 145 297 84 298 65 299 25 24 6 164 25 26 24 144 26 25 0
query2 133.94 28% 0 347664 1.00 1.00 22 3 HYBRID 75710 10162 1 6186 436 1 1 2133 832 397 1 16177 8246 1 16108 16105 400 1 8246 1 436 1 0 4 420 420 4 4 421 420 420 4 1838 421 420 1422 1837 421 420 422 4 420 420 0
query3 60.20 38% 0 338824 1.00 1.00 27 3 HYBRID 13147 5403 1 2218 1 1 137 1 137 325 2 164 2542 1153 1 556 529 1681 2218 1 2 1477 0 4 140 140 4 5 140 143 819 5 822 821 140 4 822 143 143 140 4 143 821 0
query4 718.92 17% 0 454252 1.00 1.00 27 5 HYBRID 3448778 32666 39428 124 39428 853 3 13142 124 4 1096042 1135460 13265 1 853 1 7 1 13994 3 1096039 6 0 2640 7 2640 38 7 180 7 7 7896 10529 181 6 212 6 181 6 213 7 7896 7 0
query5 7.54 75% 0 201152 1.00 1.00 18 3 HYBRID 15261 343 13 7 4809 1 1 4 1 241 253 7 1 25 1 4809 13 15 1 4811 247 1 0 9 57 9 4 4 57 4 5 10 57 9 9 4 9 9 10 4 11 58 4 0
query6 96.64 19% 0 333712 1.00 1.00 17 5 HYBRID 23096 4693 1 3826 1 3943 1 3043 1252 145 2404 1 1 1 3304 2404 1 469 901 784 613 1 0 6 608 6 511 6 510 717 191 191 6 6 6 192 191 6 619 7 104 804 6 0
query7 55.46 28% 0 328588 1.00 1.00 11 3 STAR 23621 3340 1 1 1366 1 2401 1 1 1 4101 4101 1 1 1 1 2404 4 1 1366 5466 2401 0 4 4 489 4 5 4 4 4 281 281 4 4 4 4 490 489 4 489 767 5 0
query8 104.31 22% 0 348996 1.00 1.00 22 3 HYBRID 37309 6787 1 1511 4934 1 1 8 44 16 5362 5370 1511 600 1 2 25 609 1511 4906 10296 600 0 4 5 1082 4 4 5 5 5 440 441 5 5 4 5 1082 1082 5 1081 1518 5 0
query9 324.87 20% 0 363396 1.00 1.00 28 6 HYBRID 334284 30549 1702 3253 82621 16213 4321 3253 1 288 21606 1 3646 1 3300 85920 1 7966 4321 95581 288 1 0 2604 543 2604 1412 662 543 7 178 3644 7 2604 2604 178 2775 2604 3259 662 3473 179 7 0
query10 128.90 20% 0 355200 1.00 1.00 36 5 HYBRID 40031 7734 4 7945 283 4822 3 1 5947 4252 10 4 2680 1 853 1 286 1 3409 9237 286 6 0 7 809 182 1096 7 181 809 1240 7 182 182 181 38 181 182 181 213 1692 182 182 0
query11 13.25 88% 0 318856 1.00 1.00 22 2 STAR 12121 1980 1 2218 1 1 137 1 137 1 2 137 2218 1153 1 529 529 1681 2218 1 2 1153 0 3 139 139 3 4 141 140 141 4 140 139 139 3 140 140 140 141 3 142 139 0
query12 304.87 16% 0 352744 1.00 1.00 30 5 HYBRID 73207 23578 2 1631 4298 1 1 11 14695 9494 8066 8065 10591 1430 4296 11 1 8971 1 10 10 1622 0 7 2488 298 6 6 871 1162 1809 1809 1808 2487 7 2099 871 1808 870 1808 870 870 1624 0
query13 32.35 71% 0 332052 1.00 1.00 19 2 STAR 27401 5903 1 6187 436 1 1 2133 832 397 1 73 8247 1 4 1 400 1 8247 1 436 1 0 3 420 420 3 3 421 420 420 3 420 421 420 4 420 421 420 421 3 420 420 0
query14 1800.00 0% 0 1428 0.00 1.00 38 7 HYBRID 733760 97422 144937 18586 146242 1 1 30317 2492 23047 1 193465 26831 1 48331 48313 1205 1 26831 1 1306 21851 0 9675 1251 10919 8 8 13674 1252 13261 8 15168 1670 1251 4675 5501 1670 1252 1668 8 1252 13251 0
query15 13.56 40% 0 218448 1.00 1.00 6 2 STAR 11261 495 1 1 1 1 3748 1 1 1 1 1 1 1 1 700 1 1 1 700 3049 3049 0 3 3 3 3 148 3 3 3 3 3 3 3 3 4 3 3 3 4 147 147 0
query16 1800.00 0% 0 1432 .99 1.00 20 3 STAR 42615309 160570 517 1 173565 1 14029753 42121 1 14028976 1801 1 1045 769 1 131445 352 1398 42121 131447 241 14029753 0 57 4 26726 4 26673 26673 4 26668 58 4 57 57 4 57 57 58 26673 58 5 26673 0
query17 169.67 22% 0 352368 1.00 1.00 33 5 STAR 61932 14742 8182 12519 136 8182 3916 136 1 5629 6 1714 4333 4072 1 1 1 2359 4468 1 1 6274 0 821 1173 1611 821 1349 1611 268 1701 96 358 268 359 6 268 268 268 1611 6 268 1611 0
query18 7.13 52% 0 140468 1.00 1.00 9 2 PATH 765 277 1 7 1 1 1 4 1 241 241 7 1 1 1 1 1 3 1 3 247 1 0 3 56 3 3 3 56 3 4 4 56 3 3 3 3 3 4 3 4 57 3 0
query19 20.87 43% 0 297092 1.00 1.00 23 4 STAR 4196 1477 251 849 335 100 1 1 130 46 1 416 750 1 163 4 208 1 750 100 88 1 0 6 240 60 186 5 59 59 59 5 84 60 59 29 60 83 59 59 186 59 60 0
query20 1800.00 0% 0 1432 0.00 1.00 37 6 HYBRID 1700161 138384 1 1243 109 1 1 564262 187 79 1 43 565657 1 1364 1 1442 1 565657 1 109 1 0 7 93 93 7 160 27552 93 93 7 94 27410 93 27325 94 27410 94 27412 7 93 247 0
query21 5.62 56% 0 109144 1.00 1.00 16 2 STAR 1187 169 256 124 256 1 3 1 124 4 10 256 124 1 1 1 7 1 1 3 7 6 0 36 4 36 3 4 3 4 4 4 36 4 3 3 3 4 3 3 4 4 4 0
query22 16.13 48% 0 285728 1.00 1.00 8 2 PATH 10217 988 1 1 1 901 1 1 1 145 2404 1 1 1 3304 2404 1 1 901 1 145 1 0 3 3 3 4 3 3 3 188 188 3 3 3 189 188 3 3 4 3 188 3 0
query23 5.68 63% 0 130560 1.00 1.00 18 2 STAR 1160 233 4 124 241 238 3 1 124 4 19 4 124 10 238 1 7 1 1 3 7 6 0 4 4 36 35 4 3 4 4 36 4 4 35 35 3 4 3 3 4 4 4 0
query24 1800.01 0% 0 1432 0.00 1.00 50 7 HYBRID 1861910 163205 163 109389 17589 3600 8099 163 499303 481958 163 1 109308 470915 3600 82 19061 1 112907 1 17346 8261 0 5880 13175 13175 193 552 13176 13176 13176 5880 7303 7303 13175 193 13176 7847 7303 7490 8 7303 13721 0
query25 23.32 47% 0 325124 1.00 1.00 16 2 PATH 17242 1811 2 2 18 16 1 2 1430 1430 2 1 1 5724 1 4296 16 1 4295 1 1 2 0 4 4 294 293 3 4 4 4 4 3 3 294 3 295 293 3 293 3 3 4 0
query26 303.86 18% 0 351692 1.00 1.00 33 5 HYBRID 73465 24534 2 1631 18 16 1 11 10445 9521 8093 8092 10636 5724 1 4305 16 9016 4295 10 10 1622 0 7 2496 297 296 6 873 873 1818 1818 1817 2495 297 1817 1163 2107 872 2108 872 872 1630 0
query27 251.97 21% 0 350848 1.00 1.00 27 4 HYBRID 481997 19886 1 15861 142294 141859 1 2133 10507 397 1 73 8246 1 141862 1 400 1 8246 9676 436 1 0 5 1838 2361 1945 5 422 1838 421 1945 421 423 2361 1946 422 423 422 422 1422 422 422 0
query28 33.63 27% 0 303072 1.00 1.00 20 3 STAR 6817 1474 1 1520 29 10 1 107 44 115 1 9 1511 600 1 2 16 600 1511 10 30 699 0 4 29 5 28 4 441 5 441 4 5 5 5 4 5 5 5 5 28 5 441 0
query29 1208.30 14% 0 535340 1.00 1.00 45 5 HYBRID 460832 91619 4 555 60613 1 3 10 6349 6208 86149 86137 555 6265 1 4 28 82 432 60591 146749 96 0 123 155 17386 6 7 153 155 154 1366 1282 38 153 6 154 17269 17269 37 17238 18513 155 0
query30 89.68 23% 0 343824 1.00 1.00 25 4 STAR 32287 5604 4320 8787 1 6448 1 1 700 700 1 1 3039 1272 1 1 1 1272 2340 1 1 3399 0 434 1307 150 1163 5 150 151 151 5 150 151 150 5 150 150 150 150 5 150 877 0
query32 24.08 36% 0 296216 1.00 1.00 6 2 PATH 18017 976 1 1 1 1 1501 1 1 1 4500 4500 1 1 1 1 1 1 1 1 6000 1501 0 3 3 3 3 4 3 3 3 307 308 3 3 3 3 3 3 3 3 308 4 0
query33 11.85 45% 0 249816 1.00 1.00 6 2 PATH 32300 430 1 1 1 1 1 1 1 1 10169 10761 1 1 593 593 1 1 1 1 10169 1 0 3 3 3 3 3 3 3 3 126 126 3 3 4 4 3 3 3 3 125 3 0
query34 4.06 53% 0 91068 1.00 1.00 21 2 STAR 206 108 4 2 2 1 8 5 1 10 2 41 2 12 44 38 4 2 10 11 5 2 0 4 4 4 3 4 4 3 4 4 14 4 4 14 14 4 4 4 4 4 4 0
query35 6.47 63% 0 148548 1.00 1.00 14 3 STAR 1265 334 112 103 1 103 1 62 1 1 10 1 1 28 1 226 287 1 10 226 28 62 0 46 21 4 21 4 5 4 4 29 4 4 29 4 29 30 4 29 29 29 5 0
query36 31.17 31% 0 319664 1.00 1.00 8 2 PATH 21758 1316 1 1 1 1 1 2061 1 1 1 5185 2061 1 5188 5185 4 1 2061 1 1 1 0 3 3 3 3 3 4 3 3 3 420 4 3 421 420 4 3 4 3 3 3 0
query37 21.36 44% 0 311212 1.00 1.00 30 5 HYBRID 25028 1386 4 124 7177 7105 3 1 124 7 10 1030 127 1 8128 889 142 70 1 3 76 6 0 7 7 221 188 7 6 7 39 189 90 39 188 238 37 26 38 6 7 39 7 0
query38 444.11 12% 0 396556 1.00 1.00 40 6 HYBRID 286484 20934 22 7402 22 61813 15 26179 7402 22 63 22 26712 1 61813 1 42 1 5575 6883 42 82452 0 39 1158 39 4132 39 1488 1158 39 39 39 1519 7 4234 7 141 7 109 1158 40 5542 0
query39 380.65 14% 0 373628 1.00 1.00 38 7 HYBRID 245732 22086 7 736 13 730 53217 8 5724 10195 21489 21482 730 5724 10 7 10 1 10 730 70956 53953 0 299 1054 299 158 3559 299 299 1315 1315 1024 763 299 874 300 874 8 874 158 3710 4605 0
query40 9.30 46% 0 155940 1.00 1.00 22 4 HYBRID 1565 398 256 124 256 1 3 19 124 22 118 364 124 1 1 1 7 1 1 3 115 24 0 38 6 38 5 6 60 6 61 14 46 6 5 5 5 6 5 5 6 14 61 0
query41 124.00 25% 0 346016 1.00 1.00 22 3 STAR 41144 10177 1 6187 436 4582 1 2133 832 4978 1 73 8247 1 4 1 400 1 8247 4582 436 1 0 4 421 421 1422 4 422 421 1839 4 421 422 421 5 421 422 421 422 1422 421 421 0
query42 1800.00 0% 0 1432 0.00 1.00 45 7 HYBRID 543037 86393 1 1 1 1 1 179638 1 1 1 1167 179638 1 1471 1167 305 1 179638 1 1 1 0 8 8 8 8 8 1669 8 8 8 25987 1669 8 27640 25986 1669 8 1669 8 8 8 0
query43 103.06 19% 0 344140 1.00 1.00 20 3 PATH 70822 4631 1 1511 29 1 16083 8 44 16 5362 5370 1511 600 1 2 16 600 1511 1 21473 16682 0 4 5 5 4 1080 5 5 5 440 441 5 5 4 5 5 5 5 4 1517 1082 0
query44 27.12 41% 0 320572 1.00 1.00 15 3 HYBRID 16784 1839 1 7 1 1 1 1 1 5579 3872 1714 1 1714 1 1 1 10 1 10 3866 1 0 4 95 4 4 4 4 4 356 356 94 4 94 4 4 4 265 4 265 266 4 0
query45 14.27 51% 0 253004 1.00 1.00 21 3 HYBRID 3676 946 46 1 1 1 137 1 137 82 47 140 82 19 1 946 943 529 46 415 20 82 0 25 4 4 4 5 4 5 142 26 143 142 25 4 164 26 5 25 25 26 142 0
query46 880.27 9% 0 405452 1.00 1.00 23 7 HYBRID 233183 42291 1 1 40609 1 23101 1 37207 1 47413 10207 3808 1 1 1 9601 3808 3808 3403 27109 23101 0 8 8 3479 8 1939 8 2713 8 3398 693 7454 8 8 8 1260 8220 7454 774 2904 1939 0
query47 780.59 37% 0 458788 1.00 1.00 24 3 HYBRID 765650 162148 1 171337 12322 1 1 61155 23341 11020 1 2041 230451 1 91 1 11110 1 230451 1 12322 1 0 4 11431 11431 4 4 11849 11431 11431 4 11431 11849 11431 422 11431 11849 11431 11849 4 11431 11431 0
query48 31.61 46% 0 337424 1.00 1.00 10 2 STAR 177510 2146 1 1 1 1 1 59105 1 1 1 1 59105 1 90 1 90 1 59105 1 1 1 0 3 3 3 3 3 420 3 3 3 3 421 3 420 3 420 3 420 3 3 3 0
query49 306.37 13% 0 371316 1.00 1.00 12 4 HYBRID 190811 14003 1 1 1 1 23100 1 1 1 40499 40499 1 1 1 1 9601 1 1 1 53998 23100 0 5 5 5 5 1935 5 5 5 2709 2709 5 5 5 5 491 5 5 5 4154 1935 0
query51 9.84 56% 0 210992 1.00 1.00 10 2 STAR 5299 515 1 2 1330 1330 1 1 1 429 5 429 1 432 1330 1 1 1 1 1 1 1 0 3 4 93 93 3 3 3 4 94 4 3 94 93 3 3 3 3 3 3 3 0
query52 32.78 32% 0 327440 1.00 1.00 17 2 PATH 12007 1382 1 1511 29 1 1 8 44 16 1 1847 1511 600 1839 1840 16 600 1511 1 30 600 0 3 4 4 3 3 4 4 4 3 440 4 4 439 440 4 4 4 3 4 4 0
query53 16.04 36% 0 224056 1.00 1.00 12 4 STAR 3362 683 216 1016 1 1016 1 100 1 1 1 1 1 1 1 1 100 1 1 1 1 900 0 29 74 5 74 5 130 5 5 5 5 5 5 5 5 130 5 5 5 5 176 0
query54 793.27 9% 0 371856 1.00 1.00 20 6 HYBRID 428516 36631 1 49870 1 132004 9997 27379 1 49 82936 1 1 1 802 802 9997 1 1 82135 22540 9997 0 7 6014 7 11494 682 4510 7 8 5488 7 7 7 8 8 682 7 7 5487 1512 682 0
query55 21.34 34% 0 264140 1.00 1.00 22 4 HYBRID 9974 945 4 124 4 853 336 334 124 4 10 2000 124 1 2849 1997 7 1 853 3 7 339 0 6 6 6 37 181 180 6 6 6 77 6 5 107 75 6 5 37 6 6 181 0
query56 51.96 41% 0 340040 1.00 1.00 15 3 STAR 64766 5543 343 901 17182 3601 1 1 1 1 3565 1 523 82 1 17182 37 559 1 19882 901 1 0 549 5 549 190 4 4 4 4 734 4 549 549 4 549 549 549 4 734 5 4 0
query57 33.10 28% 0 303536 1.00 1.00 22 3 HYBRID 7348 1457 1 1544 281 286 1 8 44 16 1 9 1511 600 253 2 16 600 1511 34 30 600 0 4 441 16 451 4 5 5 5 15 5 5 16 15 5 5 5 5 440 5 5 0
query58 131.10 19% 0 343500 1.00 1.00 29 6 HYBRID 34604 7130 1 4986 1945 5887 2701 3556 1 514 1 514 1944 487 901 1 2701 487 2844 1 1945 3187 0 7 659 604 1043 192 1272 113 726 7 726 113 113 8 113 298 113 114 7 603 299 0
query59 1792.54 49% 0 732720 1.00 1.00 20 3 STAR 42615849 160540 517 1 173542 1 14029617 42121 1 14029857 1801 1 1045 769 1 131422 352 1398 42121 131424 241 14029617 0 56 4 26720 4 26668 26668 4 26669 57 4 57 56 4 56 57 57 26668 58 5 26668 0
query60 26.55 31% 0 304620 1.00 1.00 13 3 HYBRID 5707 1317 181 2 1 1 181 1 1 1714 1287 429 1 429 181 1 1 4 1 4 1286 1 0 266 5 4 4 266 4 4 94 94 5 4 5 266 4 4 93 4 93 94 4 0
query61 13.60 52% 0 226768 1.00 1.00 30 3 STAR 2213 889 4 592 25 37 3 1 166 25 10 7 556 82 1 4 28 82 433 39 31 87 0 5 153 37 120 5 36 37 37 5 37 37 36 4 36 37 36 36 121 37 37 0
query62 5.94 93% 0 193184 1.00 1.00 27 2 STAR 2105 521 4 556 25 1 3 1 166 25 10 7 556 82 1 4 28 82 433 3 31 87 0 4 36 36 3 4 35 36 36 4 36 36 35 3 35 36 35 35 4 36 36 0
query63 32.35 29% 0 308240 1.00 1.00 17 2 STAR 7267 1382 1 1511 29 259 1 8 44 274 1 9 1511 600 1 2 16 600 1511 259 30 600 0 3 4 4 439 3 4 4 440 3 4 4 4 3 4 4 4 4 439 4 4 0
query64 1800.00 0% 0 1432 0.00 1.00 41 7 HYBRID 694548 106121 1 1 1 1 1 230450 1 1 1 712 230450 1 1236 712 525 1 230450 1 1 1 0 8 8 8 8 8 11852 8 8 8 15587 11852 8 27436 15585 11852 8 11853 8 8 8 0
query65 4.06 47% 0 89344 1.00 1.00 6 2 PATH 332 93 1 1 79 1 1 1 1 1 1 1 105 1 1 1 1 27 27 1 1 79 0 3 3 13 3 3 3 3 3 3 3 14 3 3 3 3 4 4 3 3 13 0
query66 1800.00 0% 0 1432 0.00 1.00 56 7 HYBRID 1238761 189198 1 44622 3241 3241 5843 1 5843 48962 48987 54804 44622 299284 1 288556 14191 32629 322227 1 26 21679 0 8 2680 15949 13272 716 2685 3383 13752 11777 14449 2680 15944 11064 16649 27714 3383 27016 8 3384 2685 0
query67 1800.00 0% 0 1428 1.00 0.00 23 4 HYBRID 1545894 76966 517 1 131445 381238 507 1 1 747 1801 1 1045 769 381208 131445 352 1398 381223 131447 241 507 0 58 5 79 25425 26 26 5 27 59 5 58 58 25424 58 58 59 25445 59 6 26 0
query68 17.90 32% 0 230948 1.00 1.00 14 3 HYBRID 3256 742 1 379 1 379 137 1 137 1 2 137 37 1 1 529 529 565 37 1 2 379 0 4 142 4 142 5 4 5 4 5 5 84 4 4 5 5 85 84 4 5 142 0
query69 1800.00 0% 0 1432 0.00 1.00 49 7 HYBRID 593506 141522 4 1514 60494 2512 1 11 62813 4837 4 9 1511 135804 59974 130388 502 600 131894 1 30 603 0 444 445 27654 23345 8 445 4317 445 15072 9 9 23783 18521 9142 8706 9 8706 8 9 445 0
query70 32.49 28% 0 313536 1.00 1.00 17 2 PATH 12007 1382 1 1511 29 1 1 8 44 16 1 1847 1511 600 1839 1840 16 600 1511 1 30 600 0 3 4 4 3 3 4 4 4 3 440 4 4 439 440 4 4 4 3 4 4 0
query71 124.29 25% 0 348292 1.00 1.00 22 3 HYBRID 75713 10177 1 6187 436 1 1 2133 832 397 1 16177 8247 1 16108 16105 400 1 8247 1 436 1 0 4 421 421 4 4 422 421 421 4 1839 422 421 1423 1839 422 421 422 4 421 421 0
query72 1017.42 13% 0 450908 1.00 1.00 19 5 HYBRID 402296 73754 1 1 55729 4753 1 2061 1 4753 66367 71551 2061 1 5188 5185 4 1 2061 60481 122095 1 0 6 6 13284 1047 6 7 6 1047 961 1378 7 6 424 423 13285 13284 7 14325 14239 6 0
query73 12.75 40% 0 196256 1.00 1.00 11 3 STAR 3898 499 1 218 649 217 1 1 1 429 2 429 649 429 1 1 1 1 1 1 1 865 0 4 95 52 94 4 4 4 5 5 5 52 5 4 4 4 4 4 4 4 142 0
query74 1800.00 0% 0 1428 .29 1.00 38 7 HYBRID 1154139 106536 6886 20656 28776 2291 333072 1 4453 2131 10 6967 21354 10 2290 82 1432 1 20655 17240 352760 333072 0 472 1390 6047 154 21567 1389 1390 1391 153 1853 1391 1535 153 1390 5440 5440 1389 4044 26999 22949 0
query75 395.55 14% 0 359824 1.00 1.00 35 5 HYBRID 96551 30599 7 2195 59 46 1 7 5724 16977 11260 11254 2188 18649 28 12933 73 1 12953 1 1 2194 0 297 2558 1162 871 6 297 297 2896 2896 2605 2267 1163 2605 1162 3470 6 3471 6 6 2558 0
query76 16.04 37% 0 246124 1.00 1.00 6 2 STAR 7655 624 1633 1633 914 1633 1 1 914 1 914 1 1 1 1 1 1 1 1 1 1 1 0 190 190 4 190 3 3 4 3 4 3 3 3 3 3 3 3 3 3 3 3 0
query77 79.85 34% 0 331776 1.00 1.00 24 3 HYBRID 44335 8772 2 11 18 16 1 11 10445 1430 2 1 9016 5725 1 4306 16 9016 4296 10 10 2 0 5 872 296 295 4 872 872 5 5 4 871 296 4 1163 295 871 295 871 871 5 0
query78 35.17 26% 0 321488 1.00 1.00 20 3 STAR 8311 1531 607 1925 29 415 193 8 44 16 1 9 1511 600 193 2 16 600 1511 1 30 600 0 483 48 5 47 440 5 5 5 4 5 5 5 440 5 5 5 5 4 5 5 0
query79 1800.01 0% 0 1432 0.00 1.00 31 6 HYBRID 1490279 49540 149759 73 149744 1 9601 323839 1 1 13501 163229 323911 1 1 1 9601 1 323911 1 13501 9601 0 9996 15 10003 7 493 2721 16 15 1452 11447 2721 15 2712 16 3206 16 2720 7 1460 502 0
query80 44.40 47% 0 349420 1.00 1.00 23 3 HYBRID 122992 5518 55 19 2407 2335 137 10 38054 37918 29 137 1 37936 2335 547 529 529 1 1 2 10 0 478 478 616 142 5 478 479 478 617 5 4 616 142 479 5 5 4 4 5 478 0
query81 4.51 105% 0 153076 1.00 1.00 11 2 PATH 11873 177 100 1 1 51 1 1 1 1 100 1 1 64 51 3761 3761 1 100 3761 64 51 0 17 3 3 4 3 3 3 3 17 3 3 17 4 18 17 3 18 17 17 4 0
query82 32.29 27% 0 314528 1.00 1.00 17 2 STAR 9670 1382 1 2570 29 1060 1 8 44 16 1 9 1511 600 1 2 16 600 1511 1 30 1659 0 3 440 4 439 3 4 4 4 3 4 4 4 3 4 4 4 4 3 4 440 0
query83 5.74 78% 0 149152 1.00 1.00 8 2 PATH 6458 224 1 144 1994 1994 1 1 144 1 16 1 1 16 1994 1 1 1 1 144 1 1 0 3 4 35 35 3 3 4 3 35 3 3 35 36 3 3 3 3 4 3 3 0
query84 4.33 83% 0 121544 1.00 1.00 22 3 STAR 380 236 2 90 1 1 1 31 2 1 1 1 120 1 1 1 1 1 121 1 1 1 0 5 15 15 4 4 16 15 14 4 14 16 14 6 14 16 15 17 4 14 14 0
query85 21.33 40% 0 303576 1.00 1.00 16 3 STAR 8218 1327 1459 1460 1 1459 172 1 172 429 2 600 1 429 1 676 676 676 1 1 1 1 0 178 179 4 178 94 4 94 5 95 95 4 5 4 94 94 94 4 4 94 4 0
query86 22.85 36% 0 308760 1.00 1.00 13 2 STAR 33643 941 2 2 3 1 1 2 1430 1430 2 9777 1 1430 9777 9778 1 1 1 1 1 2 0 4 4 4 3 3 4 4 4 4 294 3 4 293 294 3 3 3 3 3 4 0
query87 46.37 53% 0 331556 1.00 1.00 47 4 HYBRID 20546 7624 427 1513 67 3727 387 55 1513 499 280 112 1522 730 4087 10 592 10 442 477 277 3819 0 390 390 390 258 390 357 38 390 390 390 390 357 610 357 390 357 357 390 390 643 0
query88 36.06 27% 0 322068 1.00 1.00 11 3 STAR 24605 1578 1 1 13 1 1 5765 1 97 2368 1 1 1 2368 2356 1 5765 1 5765 97 1 0 4 4 5 4 4 492 4 10 11 4 4 4 11 10 4 492 4 492 11 4 0
query89 43.69 26% 0 328028 1.00 1.00 17 4 HYBRID 8981 2317 1 4 1 4 727 1 2098 2125 1 1 2260 1 1 700 1 163 163 700 1 28 0 5 149 42 149 43 42 149 186 5 5 573 5 5 6 5 429 466 6 5 42 0
query90 58.32 30% 0 340536 1.00 1.00 33 4 HYBRID 23093 4534 4 2679 283 853 3 1 682 283 10 3593 2679 1 4442 1 3875 1 3408 3 286 6 0 6 180 181 37 6 179 180 180 6 807 181 180 664 180 808 180 211 6 181 181 0
query91 12.81 50% 0 237812 1.00 1.00 13 2 STAR 9052 758 1 1 2335 2335 137 1 137 1 20 137 1 19 2335 529 529 529 1 1 2 1 0 3 3 141 141 4 3 4 3 142 4 3 141 141 4 4 4 3 3 4 3 0
query92 5.64 56% 0 110340 1.00 1.00 16 2 STAR 467 169 4 124 4 1 3 13 124 4 10 4 124 1 1 1 19 1 1 3 7 18 0 4 4 4 3 4 35 4 4 4 4 4 3 3 3 36 3 3 4 4 36 0
query93 11.51 74% 0 321904 1.00 1.00 24 3 HYBRID 97109 879 301 124 4 412 3 1 124 4 307 4 124 379 412 31267 31273 1 298 31269 385 417 0 91 5 5 36 5 4 5 5 91 5 5 90 36 90 91 4 90 92 92 37 0
query94 31.67 71% 0 336672 1.00 1.00 19 2 STAR 27398 5895 1 6186 436 1 1 2133 832 397 1 73 8246 1 4 1 400 1 8246 1 436 1 0 3 419 419 3 3 420 420 420 3 419 420 419 4 420 421 420 421 3 419 419 0
query95 1800.00 0% 0 1432 .97 1.00 18 4 HYBRID 677800 87532 1 1 1 1 1 225746 1 46057 1 1 179622 1 304 1 304 1 179622 1 1 46132 0 5 5 5 5 5 28046 5 26373 5 5 1664 5 1664 5 1667 5 1665 5 5 26388 0
query96 16.45 43% 0 260604 1.00 1.00 14 4 HYBRID 2996 982 1 1 160 1 700 73 160 61 160 4 61 1 1 703 73 1 1 700 1 133 0 5 5 22 5 6 41 22 149 22 149 149 5 5 150 41 5 5 6 5 185 0
query97 8.48 49% 0 152076 1.00 1.00 9 3 STAR 3068 315 251 1 251 1 1 94 1 94 1 924 1 1 674 674 1 1 1 1 1 94 0 5 4 5 4 4 59 4 59 4 27 4 4 26 27 4 4 4 4 4 59 0
query98 158.84 34% 0 340396 1.00 1.00 23 4 HYBRID 120119 25012 1 32392 2478 11698 1 1 4044 1567 1 1 24294 1 3600 1 1567 1 27893 1 10576 1 0 5 2172 1628 734 5 1628 1628 1628 5 1628 1628 1628 190 1628 1628 1628 1814 5 2173 1629 0
query99 1800.00 0% 0 1432 0.00 1.00 28 6 HYBRID 1595919 137151 517 1 147148 1 1 1 1 20467 386795 1 1045 769 384980 500526 352 1398 1 131447 20467 1 0 60 7 1113 7 7 7 7 26677 27796 7 60 60 27741 26729 60 61 7 61 26677 7 0
query100 426.28 12% 0 372752 1.00 1.00 26 6 HYBRID 138689 24478 3688 3934 34507 17623 2500 3934 1 49 2071 1 3715 325 3868 21619 2824 973 1 20818 13738 2500 0 1302 625 5243 5070 178 625 7 8 799 7 1302 798 512 799 969 798 7 798 4453 178 0
