query1 4.60 56% 0 103364 1.00 1.00 8 5 HYBRID 397 56 1 2 1 1 1 5 4 1 4 3 3 1 1 360 1 1 4 1 1 1 0 1 2 1 1 1 10 3 10 2 12 2 1 1 2 1 1 2 1 1 1 0
query2 7.20 67% 0 151024 1.00 1.00 4 3 HYBRID 3808 163 1 1 1 1 1 1 1 1 1 524 1 1 610 597 1 1 2061 1 1 1 0 1 1 1 1 1 1 1 1 1 48 1 1 49 48 1 1 2 1 1 1 0
query3 3.57 39% 0 76116 1.00 1.00 4 3 HYBRID 85 28 1 1 1 1 1 1 1 1 1 1 43 1 1 11 10 5 1 1 1 1 0 1 1 1 1 1 1 1 1 1 1 2 1 1 3 3 4 1 1 1 1 0
query4 93.06 11% 0 327268 1.00 1.00 6 5 HYBRID 19348 1674 1 463 1 1 1 1 427 1 1 12281 376 1 1 1 1 1 5786 1 1 1 0 1 130 1 1 1 1 132 1 1 1264 131 1 1 1 1 1 2 1 1 1 0
query5 3.41 40% 0 78504 1.00 1.00 4 3 HYBRID 440 23 1 1 1 1 1 1 1 1 1 1 1 1 1 53 1 1 1 367 3 1 0 1 1 1 1 1 1 1 1 1 1 1 1 1 2 1 1 1 2 2 1 0
query6 3.74 34% 0 76812 1.00 1.00 6 5 HYBRID 57 32 1 1 1 1 1 10 6 1 1 1 1 1 24 1 1 1 1 1 1 1 0 1 1 1 1 1 7 2 1 1 1 1 1 6 1 1 1 1 1 1 1 0
query7 4.36 60% 0 96884 1.00 1.00 4 3 STAR 930 56 1 1 1 1 154 1 1 1 1 1 1 1 1 1 154 1 1 1 456 150 0 1 1 1 1 12 1 1 1 1 1 1 1 1 1 12 1 1 1 2 14 0
query8 4.30 60% 0 99840 1.00 1.00 4 3 HYBRID 930 56 1 155 1 1 1 1 1 1 1 1 154 1 1 1 1 1 149 1 456 1 0 1 13 1 1 1 1 1 1 1 1 12 1 1 1 1 1 13 1 2 1 0
query9 25.77 16% 0 172536 1.00 1.00 7 6 HYBRID 1370 408 1 1 1 339 126 1 1 1 1 1 1 1 1 673 1 107 110 1 1 1 0 1 1 1 2 17 1 1 1 1 1 1 1 1 339 1 18 17 1 1 1 0
query10 5.87 27% 0 85604 1.00 1.00 5 5 HYBRID 97 59 1 39 1 40 1 1 1 1 1 1 1 1 1 1 1 1 1 1 1 1 0 1 2 1 39 1 1 1 1 1 1 1 1 1 1 1 1 1 1 1 1 0
query11 4.43 60% 0 98480 1.00 1.00 3 2 STAR 1135 61 1 192 1 1 1 1 1 1 1 1 199 1 1 1 1 529 199 1 1 1 0 1 15 1 1 1 1 1 1 1 1 14 1 1 1 1 2 14 1 1 1 0
query12 6.15 55% 0 128632 1.00 1.00 7 5 HYBRID 1333 116 1 11 1 1 1 1 996 1 147 153 1 1 1 1 1 1 1 1 1 11 0 1 13 1 1 1 1 2 1 36 37 1 1 1 1 1 1 1 1 1 13 0
query13 3.39 42% 0 80248 1.00 1.00 2 2 STAR 314 21 1 1 1 1 1 1 1 1 1 1 1 1 1 1 1 1 295 1 1 1 0 1 1 1 1 1 1 1 1 1 1 1 1 1 1 1 1 2 1 1 1 0
query14 167.22 8% 0 336676 1.00 1.00 9 7 HYBRID 16898 3033 3532 1 1 1 1 1 1 300 1 3547 1 1 7078 1 1 1 2061 1 1 366 0 238 1 1 1 1 1 1 238 1 240 1 1 2061 1 1 1 2 1 1 240 0
query15 3.33 37% 0 74672 1.00 1.00 2 2 STAR 128 21 1 1 1 1 109 1 1 1 1 1 1 1 1 1 1 1 1 1 1 1 0 1 1 1 1 2 1 1 1 1 1 1 1 1 1 1 1 1 1 1 1 0
query16 14.01 179% 0 383952 1.00 1.00 4 3 STAR 1554361 364 1 1 516105 1 1 1 1 5071 1 1 1 1 1 517193 1 1 1 515976 1 1 0 1 1 115 1 1 1 1 2 1 1 1 1 1 116 1 1 1 115 1 1 0
query17 9.13 26% 0 102704 1.00 1.00 5 5 STAR 169 107 1 64 1 1 1 1 1 87 1 1 1 1 1 1 1 1 1 1 1 1 0 1 87 1 1 1 1 1 2 1 1 1 1 1 1 1 1 1 1 1 1 0
query18 3.26 35% 0 74308 1.00 1.00 2 2 PATH 22 21 1 1 1 1 1 1 1 1 1 1 1 1 1 1 1 1 1 1 3 1 0 1 1 1 1 1 1 1 1 1 1 1 1 1 1 1 1 1 1 2 1 0
query19 8.72 24% 0 95040 1.00 1.00 4 4 STAR 105 101 1 6 1 1 1 1 1 1 1 81 1 1 1 1 1 1 1 1 1 1 0 1 81 1 1 1 1 1 1 1 2 1 1 1 1 1 1 1 1 1 1 0
query20 45.97 20% 0 335292 1.00 1.00 7 6 HYBRID 20561 1292 1 1 1 1 777 1 1 1 1 1 1 1 1 1 1 1 19001 1 1 766 0 1 1 1 1 636 1 1 1 1 1 1 1 1 1 1 1 2 1 1 637 0
query21 3.67 42% 0 79164 1.00 1.00 3 2 STAR 217 34 24 1 31 1 1 1 1 1 1 22 124 1 1 1 1 1 1 1 1 1 0 5 1 5 1 1 1 1 1 1 6 2 1 1 1 1 1 1 1 1 1 0
query22 3.44 49% 0 82480 1.00 1.00 2 2 PATH 464 21 1 1 1 1 1 1 1 1 1 1 1 1 445 1 1 1 1 1 1 1 0 1 1 1 1 1 1 1 1 1 1 1 1 2 1 1 1 1 1 1 1 0
query23 3.67 41% 0 78416 1.00 1.00 3 2 STAR 216 34 1 1 4 34 1 1 1 1 1 1 124 1 38 1 1 1 1 1 1 1 0 1 1 5 6 1 1 1 1 1 1 2 1 5 1 1 1 1 1 1 1 0
query24 16.23 35% 0 222132 1.00 1.00 10 7 HYBRID 8089 496 1 1 603 1 304 1 1841 1704 1 1 1 1560 1 1 304 1 901 1 566 295 0 1 1 173 1 22 1 23 22 1 1 1 23 1 1 22 1 2 1 174 24 0
query25 3.59 61% 0 92792 1.00 1.00 2 2 PATH 1449 21 1 1 1 1 1 1 1 1 1 1 1 1430 1 1 1 1 1 1 1 1 0 1 1 1 1 1 1 1 1 1 1 1 2 1 1 1 1 1 1 1 1 0
query26 6.88 27% 0 90612 1.00 1.00 6 5 HYBRID 140 81 1 1 1 1 1 1 1 1 10 12 53 49 1 1 1 1 1 1 1 1 0 1 1 1 1 1 1 1 1 4 6 2 53 1 1 1 1 1 1 1 1 0
query27 9.21 54% 0 159224 1.00 1.00 6 4 HYBRID 7643 229 1 1 1719 1611 1 1 470 1 1 1 1 1 1308 1 1 1 2061 460 1 1 0 1 1 22 24 1 1 72 1 1 1 1 1 23 1 1 1 2 72 1 1 0
query28 3.36 35% 0 74648 1.00 1.00 4 3 STAR 31 25 1 11 1 1 1 2 1 1 1 1 1 1 1 1 1 1 1 1 1 1 0 1 2 1 1 1 2 1 3 1 1 1 1 1 1 1 1 1 1 1 2 0
query29 41.72 12% 0 188564 1.00 1.00 6 5 HYBRID 1316 620 1 1 1 1 1 1 1 370 1 1 131 218 1 1 1 1 1 1 581 1 0 1 1 1 1 1 1 1 7 1 1 2 8 1 1 1 1 1 1 587 1 0
query30 53.81 11% 0 218236 1.00 1.00 4 4 STAR 899 800 1 101 1 1 1 1 1 1 1 1 780 1 1 1 1 1 1 1 1 1 0 1 780 1 1 1 1 1 1 1 1 2 1 1 1 1 1 1 1 1 1 0
query32 3.59 61% 0 94064 1.00 1.00 2 2 PATH 1520 21 1 1 1 1 1 1 1 1 1 1 1 1 1 1 1 1 1 1 1501 1 0 1 1 1 1 1 1 1 1 1 1 1 1 1 1 1 1 1 1 2 1 0
query33 3.46 46% 0 82932 1.00 1.00 2 2 PATH 527 21 1 1 1 1 1 1 1 1 1 508 1 1 1 1 1 1 1 1 1 1 0 1 1 1 1 1 1 1 1 1 2 1 1 1 1 1 1 1 1 1 1 0
query34 3.72 35% 0 77336 1.00 1.00 9 2 STAR 75 34 1 1 1 1 1 1 1 1 1 1 1 12 8 19 4 2 1 11 5 2 0 1 1 1 1 1 1 1 1 1 1 1 2 2 8 2 2 1 2 2 2 0
query35 3.45 37% 0 76964 1.00 1.00 4 3 STAR 83 28 13 8 1 7 1 1 1 1 1 1 1 1 1 1 39 1 1 1 1 1 0 3 4 1 3 1 1 1 1 1 1 1 1 1 1 2 1 1 1 1 1 0
query36 6.91 60% 0 147824 1.00 1.00 3 2 PATH 3808 163 1 1 1 1 1 1 1 1 1 524 1 1 610 597 1 1 2061 1 1 1 0 1 1 1 1 1 1 1 1 1 48 1 1 49 48 1 1 2 1 1 1 0
query37 5.18 63% 0 121348 1.00 1.00 7 5 HYBRID 1120 99 1 82 1 1 1 1 120 1 1 1 87 1 740 1 1 42 1 1 35 1 0 1 18 1 1 1 1 20 1 1 1 19 1 2 1 1 13 1 1 13 1 0
query38 17.50 21% 0 135476 1.00 1.00 7 6 HYBRID 859 253 1 1 1 1 1 1 1 1 1 1 444 1 1 1 1 1 1 199 1 199 0 1 1 1 1 1 1 1 1 1 1 2 1 1 1 1 1 1 35 1 199 0
query39 69.96 11% 0 318864 1.00 1.00 7 7 HYBRID 13706 1039 1 1 1 1 1 1 1 114 1 1 1 1 1 1 1 1 1 1 74 13501 0 1 1 1 1 1 1 1 2 1 1 1 1 1 1 1 1 1 1 906 114 0
query40 6.33 61% 0 143988 1.00 1.00 6 4 HYBRID 1975 161 1 161 1 1 1 2 160 4 1 1501 133 1 1 1 1 1 1 1 1 1 0 1 36 1 1 1 12 36 12 1 2 36 1 1 1 1 1 1 1 1 14 0
query41 6.83 58% 0 141068 1.00 1.00 4 3 STAR 2528 163 1 1 1 155 1 1 1 153 1 1 1 1 1 1 1 1 2061 143 1 1 0 1 1 1 49 1 1 1 48 1 1 1 1 1 1 1 1 2 48 1 1 0
query42 249.32 6% 0 416072 1.00 1.00 7 7 HYBRID 44325 3806 1 1 1 1 1 1 891 1 1 1 1 1 1 54 1 1 43363 1 1 1 0 1 1 1 1 1 1 2 1 1 1 1 1 1 2896 1 1 891 1 1 1 0
query43 5.91 64% 0 134724 1.00 1.00 4 3 PATH 3020 126 1 500 1 1 1 1 1 1 1 1 501 1 1 1 1 1 502 1 1501 1 0 1 36 1 1 1 1 1 1 1 1 36 1 1 1 1 1 36 1 2 1 0
query44 3.44 48% 0 81012 1.00 1.00 3 3 HYBRID 448 21 1 1 1 1 1 1 1 429 1 1 1 1 1 1 1 1 1 1 1 1 0 1 1 1 1 1 1 1 2 1 1 1 1 1 1 1 1 1 1 1 1 0
query45 4.65 53% 0 106012 1.00 1.00 4 3 HYBRID 790 75 1 1 1 1 1 1 1 10 1 1 5 1 1 1 744 1 1 1 1 15 0 1 1 1 1 1 1 1 19 1 1 19 1 1 1 2 1 1 1 1 19 0
query46 33.44 14% 0 182756 1.00 1.00 9 7 HYBRID 1366 544 1 1 1 1 1 1 205 1 219 1 4 1 1 1 1 9 4 1 456 456 0 1 1 1 1 1 1 19 1 18 1 11 1 1 1 1 13 12 1 2 456 0
query47 3.76 71% 0 104236 1.00 1.00 3 3 HYBRID 2080 21 1 1 1 1 1 1 1 1 1 1 1 1 1 1 1 1 2061 1 1 1 0 1 1 1 1 1 1 1 1 1 1 1 1 1 1 1 1 2 1 1 1 0
query48 3.70 69% 0 97436 1.00 1.00 2 2 STAR 2080 21 1 1 1 1 1 1 1 1 1 1 1 1 1 1 1 1 2061 1 1 1 0 1 1 1 1 1 1 1 1 1 1 1 1 1 1 1 1 2 1 1 1 0
query49 5.96 64% 0 141344 1.00 1.00 5 4 HYBRID 3020 126 1 1 1 1 1 1 1 1 499 501 1 1 1 1 1 1 1 1 503 1501 0 1 1 1 1 1 1 1 1 35 36 1 1 1 1 1 1 1 1 37 2 0
query51 4.06 50% 0 96324 1.00 1.00 3 2 STAR 891 54 1 1 172 160 1 1 1 1 1 1 1 429 114 1 1 1 1 1 1 1 0 1 1 12 12 1 1 1 1 1 1 1 2 12 1 1 1 1 1 1 1 0
query52 6.01 62% 0 127136 1.00 1.00 3 2 PATH 2122 126 1 1 1 1 1 1 1 1 1 186 1 1 210 199 1 1 1511 1 1 1 0 1 1 1 1 1 1 1 1 1 35 1 1 37 36 1 1 2 1 1 1 0
query53 3.49 36% 0 75836 1.00 1.00 5 4 STAR 39 26 3 1 1 7 1 1 1 1 1 1 1 1 1 1 1 1 1 1 1 12 0 3 1 1 4 1 1 1 1 1 1 1 1 1 1 1 1 1 1 1 2 0
query54 60.47 13% 0 291404 1.00 1.00 7 6 HYBRID 3545 987 1 1 1 325 1 1 1 1 1 1 1 1 395 408 1 1 1 1 1 2401 0 1 1 1 802 1 1 1 1 1 1 1 1 84 83 1 1 1 1 1 2 0
query55 7.38 56% 0 149712 1.00 1.00 6 4 HYBRID 2823 212 1 193 1 1 20 21 199 1 1 1 212 1 2129 1 1 1 1 1 1 36 0 1 50 1 1 15 16 49 1 1 1 50 1 2 1 1 1 1 1 1 17 0
query56 8.09 51% 0 139636 1.00 1.00 4 3 STAR 3838 153 1 952 1 1 1 1 1 1 1 1 1 1 1 1 1 1 1 1910 959 1 0 1 66 1 1 1 1 1 1 1 1 1 1 1 1 1 1 1 2 68 1 0
query57 3.53 38% 0 76804 1.00 1.00 4 3 HYBRID 72 27 1 1 1 27 1 1 1 1 1 1 8 1 1 1 1 1 20 1 1 1 0 1 1 1 2 1 1 1 1 1 1 4 1 1 1 1 1 4 1 1 1 0
query58 504.72 5% 0 475352 1.00 1.00 7 6 HYBRID 114870 7755 1 1 1 77 1 1 1 1 1 8 1 1 1 1 4 1 114761 1 1 5 0 1 1 1 2 1 1 1 1 1 7656 1 1 1 1 2 1 77 1 1 3 0
query59 14.45 171% 0 387248 1.00 1.00 4 3 STAR 1554361 364 1 1 516471 1 1 1 1 5071 1 1 1 1 1 516827 1 1 1 515976 1 1 0 1 1 116 1 1 1 1 2 1 1 1 1 1 115 1 1 1 115 1 1 0
query60 4.18 50% 0 97732 1.00 1.00 4 3 HYBRID 468 54 7 1 1 1 9 1 1 429 1 1 1 1 7 1 1 1 1 1 1 1 0 11 1 1 1 13 1 1 2 1 1 1 1 12 1 1 1 1 1 1 1 0
query61 3.28 36% 0 74432 1.00 1.00 3 3 STAR 23 21 1 4 1 1 1 1 1 1 1 1 1 1 1 1 1 1 1 1 1 1 0 1 2 1 1 1 1 1 1 1 1 1 1 1 1 1 1 1 1 1 1 0
query62 3.27 37% 0 74624 1.00 1.00 2 2 STAR 150 21 1 1 1 1 1 1 1 1 1 1 131 1 1 1 1 1 1 1 1 1 0 1 1 1 1 1 1 1 1 1 1 2 1 1 1 1 1 1 1 1 1 0
query63 5.93 55% 0 125008 1.00 1.00 3 2 STAR 1603 126 1 1 1 30 1 1 1 21 1 1 1 1 1 1 1 1 1511 25 1 1 0 1 1 1 35 1 1 1 36 1 1 1 1 1 1 1 1 2 37 1 1 0
query64 88.66 11% 0 355548 1.00 1.00 9 7 HYBRID 19087 1304 1 1 2 1 3 1 1 1 1 1 1 1 1 57 1 1 19001 1 3 7 0 1 1 2 1 4 1 1 1 1 1 1 1 1 1272 1 2 2 1 3 6 0
query65 3.23 34% 0 74068 1.00 1.00 2 2 PATH 46 21 1 1 1 1 1 1 1 1 1 1 27 1 1 1 1 1 1 1 1 1 0 1 1 1 1 1 1 1 1 1 1 2 1 1 1 1 1 1 1 1 1 0
query66 99.29 8% 0 309164 1.00 1.00 7 7 HYBRID 1569 1526 1 1 1 1 1 1 1 45 1 1 1 1 1 529 1 1 978 1 1 1 0 1 1 1 1 1 1 1 978 1 1 1 1 1 2 1 1 529 1 1 1 0
query67 1800.00 0% 0 1432 1.00 0.00 6 4 HYBRID 2705114 77091 1 1 516105 383570 1 1 1 5071 1 1 1 1 383599 517193 1 1 383587 515976 1 1 0 1 1 115 25576 1 1 1 2 1 1 1 1 25577 116 1 1 25577 115 1 1 0
query68 3.56 38% 0 75692 1.00 1.00 4 3 HYBRID 37 27 1 1 1 2 1 1 1 1 1 1 1 1 1 1 1 15 1 1 1 3 0 1 2 1 3 1 1 1 1 1 1 1 1 1 1 1 2 1 1 1 4 0
query69 130.72 7% 0 314104 1.00 1.00 7 7 HYBRID 2016 2011 1 1 1 1 1 1 996 1 1 1 1 1 7 1 1 1 996 1 1 1 0 1 1 1 1 1 1 2 1 1 1 1 1 996 1 1 1 996 1 1 1 0
query70 5.92 54% 0 127108 1.00 1.00 3 2 PATH 2122 126 1 1 1 1 1 1 1 1 1 186 1 1 210 199 1 1 1511 1 1 1 0 1 1 1 1 1 1 1 1 1 35 1 1 37 36 1 1 2 1 1 1 0
query71 6.85 57% 0 143972 1.00 1.00 4 3 HYBRID 3808 163 1 1 1 1 1 1 1 1 1 524 1 1 610 597 1 1 2061 1 1 1 0 1 1 1 1 1 1 1 1 1 48 1 1 49 48 1 1 2 1 1 1 0
query72 4.39 65% 0 117120 1.00 1.00 8 5 HYBRID 1491 87 1 1 1 34 1 247 1 37 1 1 240 1 114 111 1 1 204 37 456 1 0 1 1 1 13 1 8 1 12 1 1 7 1 7 7 1 1 7 13 2 1 0
query73 3.83 48% 0 90604 1.00 1.00 4 3 STAR 292 39 1 1 1 1 1 1 1 24 1 22 1 29 1 1 1 1 1 1 1 201 0 1 1 1 1 1 1 1 6 1 7 1 8 1 1 1 1 1 1 1 2 0
query74 93.96 8% 0 306260 1.00 1.00 7 7 HYBRID 1684 1439 1 1 1054 1 1 1 1 1 1 1 247 1 1 1 1 1 1 1 366 1 0 1 1 2 1 1 1 1 1 1 1 366 1 1 1 1 1 1 1 1054 1 0
query75 6.99 51% 0 133688 1.00 1.00 7 5 HYBRID 1890 153 1 10 1 1 1 1 1 1 216 200 10 1430 1 1 1 1 1 1 1 10 0 1 12 1 1 1 1 1 1 51 51 11 2 1 1 1 1 1 1 1 12 0
query76 5.00 60% 0 116392 1.00 1.00 3 2 STAR 1477 86 174 176 1 197 1 1 1 1 914 1 1 1 1 1 1 1 1 1 1 1 0 22 22 1 24 1 1 1 1 2 1 1 1 1 1 1 1 1 1 1 1 0
query77 6.88 50% 0 129476 1.00 1.00 4 3 HYBRID 2444 121 1 1 1 1 1 1 1 1 1 1 506 1430 1 1 1 491 1 1 1 1 0 1 1 1 1 1 1 1 1 1 1 50 2 1 1 1 52 1 1 1 1 0
query78 5.12 50% 0 104256 1.00 1.00 4 3 STAR 712 70 1 663 1 1 16 1 1 1 1 1 1 1 16 1 1 1 1 1 1 1 0 1 2 1 1 25 1 1 1 1 1 1 1 26 1 1 1 1 1 1 1 0
query80 4.91 68% 0 129468 1.00 1.00 5 3 HYBRID 4807 107 1 1 222 204 1 1 1111 1394 1 1 1 1130 204 1 1 529 1 1 1 1 0 1 1 15 14 1 1 16 16 1 1 1 17 14 1 1 2 1 1 1 1 0
query81 3.49 50% 0 89172 1.00 1.00 3 2 PATH 1332 29 1 1 1 1 1 1 1 1 1 1 1 1 1 498 437 1 1 330 1 51 0 1 1 1 1 1 1 1 1 1 1 1 1 1 4 3 1 1 4 1 2 0
query82 3.29 38% 0 74560 1.00 1.00 2 2 STAR 220 21 1 201 1 1 1 1 1 1 1 1 1 1 1 1 1 1 1 1 1 1 0 1 2 1 1 1 1 1 1 1 1 1 1 1 1 1 1 1 1 1 1 0
query83 3.64 51% 0 89124 1.00 1.00 3 2 PATH 830 35 1 1 178 267 1 1 1 1 1 1 1 1 225 1 1 1 1 144 1 1 0 1 1 5 6 1 1 1 1 1 1 1 1 6 1 1 1 1 2 1 1 0
query84 3.28 36% 0 73280 1.00 1.00 3 3 STAR 30 21 1 1 1 1 1 1 1 1 1 1 1 1 1 1 1 1 11 1 1 1 0 1 1 1 1 1 1 1 1 1 1 1 1 1 1 1 1 2 1 1 1 0
query85 4.20 60% 0 103536 1.00 1.00 5 3 STAR 798 74 47 43 1 38 1 1 1 1 1 1 1 429 1 64 84 80 1 1 1 1 0 7 8 1 8 1 1 1 1 1 1 1 2 1 11 12 13 1 1 1 1 0
query86 5.84 67% 0 140836 1.00 1.00 3 2 STAR 4703 121 1 1 1 1 1 1 1 1 1 1093 1 1430 1096 1068 1 1 1 1 1 1 0 1 1 1 1 1 1 1 1 1 34 1 2 35 34 1 1 1 1 1 1 0
query87 5.65 76% 0 152036 .99 1.00 18 4 HYBRID 813 257 10 1 2 98 7 1 1 22 1 1 406 81 13 1 20 1 18 23 7 99 0 12 11 11 10 11 11 1 11 11 11 13 32 12 12 11 12 12 21 12 20 0
query88 4.83 56% 0 112336 1.00 1.00 4 3 STAR 1456 79 1 1 1 1 1 221 1 1 1 1 1 1 802 1 1 225 1 192 1 1 0 1 1 1 1 1 20 1 1 1 1 1 1 2 1 1 21 1 20 1 1 0
query89 11.03 21% 0 106120 1.00 1.00 4 4 HYBRID 138 138 1 1 1 1 118 1 1 1 1 1 2 1 1 1 1 1 1 1 1 1 0 1 1 1 1 2 1 1 1 1 1 118 1 1 1 1 1 1 1 1 1 0
query90 5.80 52% 0 119356 1.00 1.00 6 4 HYBRID 1265 107 1 1 1 1 1 1 127 1 1 55 123 1 1 1 44 1 901 1 1 1 0 1 1 1 1 1 1 34 1 1 12 33 1 1 1 11 1 2 1 1 1 0
query91 4.27 56% 0 100604 1.00 1.00 3 2 STAR 1175 61 1 1 221 205 1 1 1 1 1 1 1 1 204 1 1 529 1 1 1 1 0 1 1 14 15 1 1 1 1 1 1 1 1 14 1 1 2 1 1 1 1 0
query92 3.59 37% 0 78448 1.00 1.00 3 2 STAR 147 34 1 1 1 1 1 3 1 1 1 1 124 1 1 1 1 1 1 1 1 3 0 1 1 1 1 1 6 1 1 1 1 2 1 1 1 5 1 1 1 1 5 0
query93 3.79 75% 0 108980 1.00 1.00 5 3 HYBRID 3449 47 1 1 1 40 1 1 1 1 1 1 124 1 49 990 1281 1 1 915 1 37 0 1 1 1 6 1 1 1 1 1 1 2 1 5 6 5 1 1 5 1 5 0
query94 3.67 67% 0 98824 1.00 1.00 2 2 STAR 2080 21 1 1 1 1 1 1 1 1 1 1 1 1 1 1 1 1 2061 1 1 1 0 1 1 1 1 1 1 1 1 1 1 1 1 1 1 1 1 2 1 1 1 0
query95 3.37 41% 0 80532 1.00 1.00 4 4 HYBRID 260 21 1 1 1 1 1 241 1 1 1 1 1 1 1 1 1 1 1 1 1 1 0 1 1 1 1 1 2 1 1 1 1 1 1 1 1 1 1 1 1 1 1 0
query96 3.41 36% 0 76120 1.00 1.00 6 4 HYBRID 28 25 1 1 1 1 1 1 2 1 2 1 1 1 1 1 1 1 1 3 1 5 0 1 1 1 1 1 1 2 1 2 1 1 1 1 2 1 1 1 2 1 2 0
query97 4.42 55% 0 103288 1.00 1.00 4 3 STAR 687 65 1 1 1 1 1 29 1 22 1 593 1 1 1 1 1 1 1 1 1 27 0 1 1 1 1 1 15 1 16 1 2 1 1 1 1 1 1 1 1 1 16 0
query98 7.87 37% 0 112572 1.00 1.00 5 4 HYBRID 1820 86 1 1 1 1 1 1 1 1 1 1 1 1 1 1 1 1 901 1 901 1 0 1 1 1 1 1 1 1 1 1 1 1 1 1 1 1 1 2 1 66 1 0
query99 1800.00 0% 0 1428 0.00 1.00 6 6 HYBRID 134741 28714 1 1 1 1 1 1 1 1 802 1 1 1 1 1 1 1 1 1 133921 1 0 1 1 1 1 1 1 1 1 2 1 1 1 1 1 1 1 1 27893 802 1 0
query100 8.46 28% 0 112468 1.00 1.00 8 6 HYBRID 374 121 23 1 1 77 34 1 1 1 1 1 18 1 14 114 44 1 1 1 1 38 0 4 1 1 2 4 1 1 1 1 1 5 1 6 77 5 1 1 1 1 6 0
