query1 27.10 28% 0 142256 1.00 1.00 3 3 HYBRID 3808 163 1 1 1 1 1 1 1 1 1729 1 1 1 1 1 1 1 1 2061 1 1 0 1 1 1 1 1 1 1 1 143 1 1 1 1 1 1 1 1 2 1 1 0
query7 6.26 37% 0 78060 1.00 1.00 3 3 HYBRID 62 27 1 1 1 1 1 1 1 21 1 1 1 1 1 1 1 1 1 23 1 1 0 1 1 1 1 1 1 1 2 1 1 1 1 1 1 1 1 1 7 1 1 0
query8 6.34 38% 0 78016 1.00 1.00 3 3 HYBRID 62 27 1 1 1 1 1 1 1 21 1 1 1 1 1 1 1 1 1 23 1 1 0 1 1 1 1 1 1 1 2 1 1 1 1 1 1 1 1 1 7 1 1 0
query9 5.80 37% 0 77376 1.00 1.00 3 3 HYBRID 62 27 1 1 1 1 1 1 1 21 1 1 1 1 1 1 1 1 1 23 1 1 0 1 1 1 1 1 1 1 2 1 1 1 1 1 1 1 1 1 7 1 1 0
query11 6.25 38% 0 77848 1.00 1.00 3 3 HYBRID 62 27 1 1 1 1 1 1 1 21 1 1 1 1 1 1 1 1 1 23 1 1 0 1 1 1 1 1 1 1 2 1 1 1 1 1 1 1 1 1 7 1 1 0
query12 18.11 42% 0 140080 1.00 1.00 3 3 HYBRID 3808 163 1 1 1 1 1 1 1 1 1729 1 1 1 1 1 1 1 1 2061 1 1 0 1 1 1 1 1 1 1 1 143 1 1 1 1 1 1 1 1 2 1 1 0
query14 17.39 38% 0 145676 1.00 1.00 3 3 HYBRID 3808 163 1 1 1 1 1 1 1 1 1729 1 1 1 1 1 1 1 1 2061 1 1 0 1 1 1 1 1 1 1 1 143 1 1 1 1 1 1 1 1 2 1 1 0
query18 17.10 39% 0 138848 1.00 1.00 3 3 HYBRID 3808 163 1 1 1 1 1 1 1 1 1729 1 1 1 1 1 1 1 1 2061 1 1 0 1 1 1 1 1 1 1 1 143 1 1 1 1 1 1 1 1 2 1 1 0
query21 17.18 43% 0 143288 1.00 1.00 3 3 HYBRID 3808 163 1 1 1 1 1 1 1 1 1729 1 1 1 1 1 1 1 1 2061 1 1 0 1 1 1 1 1 1 1 1 143 1 1 1 1 1 1 1 1 2 1 1 0
query22 17.16 43% 0 140456 1.00 1.00 3 3 HYBRID 3808 163 1 1 1 1 1 1 1 1 1729 1 1 1 1 1 1 1 1 2061 1 1 0 1 1 1 1 1 1 1 1 143 1 1 1 1 1 1 1 1 2 1 1 0
query24 8.09 37% 0 85640 1.00 1.00 4 4 HYBRID 223 46 1 1 1 1 1 1 1 1 1 124 1 1 75 5 1 1 1 1 1 3 0 1 1 1 1 1 1 1 1 1 2 1 1 14 3 1 1 1 1 1 11 0
query25 7.75 37% 0 84168 1.00 1.00 4 4 HYBRID 223 46 1 1 1 1 1 1 1 1 1 124 1 1 75 5 1 1 1 1 1 3 0 1 1 1 1 1 1 1 1 1 2 1 1 14 3 1 1 1 1 1 11 0
query26 7.69 37% 0 84028 1.00 1.00 4 4 HYBRID 223 46 1 1 1 1 1 1 1 1 1 124 1 1 75 5 1 1 1 1 1 3 0 1 1 1 1 1 1 1 1 1 2 1 1 14 3 1 1 1 1 1 11 0
query27 17.19 41% 0 143352 1.00 1.00 3 3 HYBRID 3808 163 1 1 1 1 1 1 1 1 1729 1 1 1 1 1 1 1 1 2061 1 1 0 1 1 1 1 1 1 1 1 143 1 1 1 1 1 1 1 1 2 1 1 0
query28 9.00 54% 0 102928 1.00 1.00 3 3 HYBRID 929 56 1 1 1 1 1 1 1 1 1 1 1 1 1 456 1 1 1 455 1 1 0 1 1 1 1 1 1 1 1 1 1 1 1 1 2 1 1 1 36 1 1 0
query29 8.26 58% 0 104336 1.00 1.00 3 3 HYBRID 929 56 1 1 1 1 1 1 1 1 1 1 1 1 1 456 1 1 1 455 1 1 0 1 1 1 1 1 1 1 1 1 1 1 1 1 2 1 1 1 36 1 1 0
query30 8.78 59% 0 103420 1.00 1.00 3 3 HYBRID 929 56 1 1 1 1 1 1 1 1 1 1 1 1 1 456 1 1 1 455 1 1 0 1 1 1 1 1 1 1 1 1 1 1 1 1 2 1 1 1 36 1 1 0
query31 6.90 39% 0 78692 1.00 1.00 2 2 STAR 217 34 1 1 1 1 1 1 1 1 1 124 1 1 75 1 1 1 1 1 1 1 0 1 1 1 1 1 1 1 1 1 2 1 1 14 1 1 1 1 1 1 1 0
query32 6.85 38% 0 79492 1.00 1.00 2 2 STAR 217 34 1 1 1 1 1 1 1 1 1 124 1 1 75 1 1 1 1 1 1 1 0 1 1 1 1 1 1 1 1 1 2 1 1 14 1 1 1 1 1 1 1 0
query34 8.09 48% 0 90816 1.00 1.00 4 4 STAR 238 44 1 1 1 1 1 1 1 1 1 1 1 1 201 1 1 1 1 1 12 8 0 1 1 1 1 1 1 1 1 1 1 1 1 2 1 1 1 1 1 19 6 0
query35 6.91 39% 0 78476 1.00 1.00 2 2 STAR 217 34 1 1 1 1 1 1 1 1 1 124 1 1 75 1 1 1 1 1 1 1 0 1 1 1 1 1 1 1 1 1 2 1 1 14 1 1 1 1 1 1 1 0
query36 6.87 39% 0 78156 1.00 1.00 2 2 STAR 217 34 1 1 1 1 1 1 1 1 1 124 1 1 75 1 1 1 1 1 1 1 0 1 1 1 1 1 1 1 1 1 2 1 1 14 1 1 1 1 1 1 1 0
query37 7.17 44% 0 79500 1.00 1.00 2 2 STAR 217 34 1 1 1 1 1 1 1 1 1 124 1 1 75 1 1 1 1 1 1 1 0 1 1 1 1 1 1 1 1 1 2 1 1 14 1 1 1 1 1 1 1 0
query38 6.96 40% 0 78652 1.00 1.00 2 2 STAR 217 34 1 1 1 1 1 1 1 1 1 124 1 1 75 1 1 1 1 1 1 1 0 1 1 1 1 1 1 1 1 1 2 1 1 14 1 1 1 1 1 1 1 0
query39 7.14 43% 0 79660 1.00 1.00 2 2 STAR 217 34 1 1 1 1 1 1 1 1 1 124 1 1 75 1 1 1 1 1 1 1 0 1 1 1 1 1 1 1 1 1 2 1 1 14 1 1 1 1 1 1 1 0
query40 6.83 39% 0 79148 1.00 1.00 2 2 STAR 217 34 1 1 1 1 1 1 1 1 1 124 1 1 75 1 1 1 1 1 1 1 0 1 1 1 1 1 1 1 1 1 2 1 1 14 1 1 1 1 1 1 1 0
query43 6.84 39% 0 77912 1.00 1.00 2 2 STAR 217 34 1 1 1 1 1 1 1 1 1 124 1 1 75 1 1 1 1 1 1 1 0 1 1 1 1 1 1 1 1 1 2 1 1 14 1 1 1 1 1 1 1 0
query45 6.90 39% 0 79224 1.00 1.00 2 2 STAR 217 34 1 1 1 1 1 1 1 1 1 124 1 1 75 1 1 1 1 1 1 1 0 1 1 1 1 1 1 1 1 1 2 1 1 14 1 1 1 1 1 1 1 0
query46 6.84 39% 0 79352 1.00 1.00 2 2 STAR 217 34 1 1 1 1 1 1 1 1 1 124 1 1 75 1 1 1 1 1 1 1 0 1 1 1 1 1 1 1 1 1 2 1 1 14 1 1 1 1 1 1 1 0
query47 6.46 38% 0 78496 1.00 1.00 2 2 STAR 217 34 1 1 1 1 1 1 1 1 1 124 1 1 75 1 1 1 1 1 1 1 0 1 1 1 1 1 1 1 1 1 2 1 1 14 1 1 1 1 1 1 1 0
query48 6.93 40% 0 79548 1.00 1.00 2 2 STAR 217 34 1 1 1 1 1 1 1 1 1 124 1 1 75 1 1 1 1 1 1 1 0 1 1 1 1 1 1 1 1 1 2 1 1 14 1 1 1 1 1 1 1 0
query49 6.80 38% 0 79588 1.00 1.00 2 2 STAR 217 34 1 1 1 1 1 1 1 1 1 124 1 1 75 1 1 1 1 1 1 1 0 1 1 1 1 1 1 1 1 1 2 1 1 14 1 1 1 1 1 1 1 0
query51 6.87 39% 0 78572 1.00 1.00 2 2 STAR 217 34 1 1 1 1 1 1 1 1 1 124 1 1 75 1 1 1 1 1 1 1 0 1 1 1 1 1 1 1 1 1 2 1 1 14 1 1 1 1 1 1 1 0
query53 126.37 15% 0 315532 1.00 1.00 5 5 HYBRID 15211 1758 1 1 1 1 1 1 1 1 1264 1 1 1 1649 12281 1 1 1 1 1 1 0 1 1 1 1 1 1 1 1 1649 1 1 1 2 90 1 1 1 1 1 1 0
query54 123.55 13% 0 318900 1.00 1.00 5 5 HYBRID 15211 1758 1 1 1 1 1 1 1 1 1264 1 1 1 1649 12281 1 1 1 1 1 1 0 1 1 1 1 1 1 1 1 1649 1 1 1 2 90 1 1 1 1 1 1 0
query55 116.49 8% 0 329080 1.00 1.00 5 5 HYBRID 15211 1758 1 1 1 1 1 1 1 1 1264 1 1 1 1649 12281 1 1 1 1 1 1 0 1 1 1 1 1 1 1 1 1649 1 1 1 2 90 1 1 1 1 1 1 0
query56 124.19 15% 0 318400 1.00 1.00 5 5 HYBRID 15211 1758 1 1 1 1 1 1 1 1 1264 1 1 1 1649 12281 1 1 1 1 1 1 0 1 1 1 1 1 1 1 1 1649 1 1 1 2 90 1 1 1 1 1 1 0
query57 117.11 9% 0 324296 1.00 1.00 5 5 HYBRID 15211 1758 1 1 1 1 1 1 1 1 1264 1 1 1 1649 12281 1 1 1 1 1 1 0 1 1 1 1 1 1 1 1 1649 1 1 1 2 90 1 1 1 1 1 1 0
query58 119.93 12% 0 325628 1.00 1.00 5 5 HYBRID 15211 1758 1 1 1 1 1 1 1 1 1264 1 1 1 1649 12281 1 1 1 1 1 1 0 1 1 1 1 1 1 1 1 1649 1 1 1 2 90 1 1 1 1 1 1 0
query59 123.56 14% 0 321772 1.00 1.00 5 5 HYBRID 15211 1758 1 1 1 1 1 1 1 1 1264 1 1 1 1649 12281 1 1 1 1 1 1 0 1 1 1 1 1 1 1 1 1649 1 1 1 2 90 1 1 1 1 1 1 0
query60 119.46 12% 0 317456 1.00 1.00 5 5 HYBRID 15211 1758 1 1 1 1 1 1 1 1 1264 1 1 1 1649 12281 1 1 1 1 1 1 0 1 1 1 1 1 1 1 1 1649 1 1 1 2 90 1 1 1 1 1 1 0
query61 115.64 9% 0 325068 1.00 1.00 5 5 HYBRID 15211 1758 1 1 1 1 1 1 1 1 1264 1 1 1 1649 12281 1 1 1 1 1 1 0 1 1 1 1 1 1 1 1 1649 1 1 1 2 90 1 1 1 1 1 1 0
query62 118.71 11% 0 322736 1.00 1.00 5 5 HYBRID 15211 1758 1 1 1 1 1 1 1 1 1264 1 1 1 1649 12281 1 1 1 1 1 1 0 1 1 1 1 1 1 1 1 1649 1 1 1 2 90 1 1 1 1 1 1 0
query63 123.42 14% 0 318492 1.00 1.00 5 5 HYBRID 15211 1758 1 1 1 1 1 1 1 1 1264 1 1 1 1649 12281 1 1 1 1 1 1 0 1 1 1 1 1 1 1 1 1649 1 1 1 2 90 1 1 1 1 1 1 0
query64 124.01 14% 0 311384 1.00 1.00 5 5 HYBRID 15211 1758 1 1 1 1 1 1 1 1 1264 1 1 1 1649 12281 1 1 1 1 1 1 0 1 1 1 1 1 1 1 1 1649 1 1 1 2 90 1 1 1 1 1 1 0
query65 123.40 15% 0 315448 1.00 1.00 5 5 HYBRID 15211 1758 1 1 1 1 1 1 1 1 1264 1 1 1 1649 12281 1 1 1 1 1 1 0 1 1 1 1 1 1 1 1 1649 1 1 1 2 90 1 1 1 1 1 1 0
query66 123.07 15% 0 322856 1.00 1.00 5 5 HYBRID 15211 1758 1 1 1 1 1 1 1 1 1264 1 1 1 1649 12281 1 1 1 1 1 1 0 1 1 1 1 1 1 1 1 1649 1 1 1 2 90 1 1 1 1 1 1 0
query67 123.32 15% 0 322540 1.00 1.00 5 5 HYBRID 15211 1758 1 1 1 1 1 1 1 1 1264 1 1 1 1649 12281 1 1 1 1 1 1 0 1 1 1 1 1 1 1 1 1649 1 1 1 2 90 1 1 1 1 1 1 0
query68 123.88 14% 0 324736 1.00 1.00 5 5 HYBRID 15211 1758 1 1 1 1 1 1 1 1 1264 1 1 1 1649 12281 1 1 1 1 1 1 0 1 1 1 1 1 1 1 1 1649 1 1 1 2 90 1 1 1 1 1 1 0
query69 116.84 7% 0 319604 1.00 1.00 5 5 HYBRID 15211 1758 1 1 1 1 1 1 1 1 1264 1 1 1 1649 12281 1 1 1 1 1 1 0 1 1 1 1 1 1 1 1 1649 1 1 1 2 90 1 1 1 1 1 1 0
query70 123.17 15% 0 318436 1.00 1.00 5 5 HYBRID 15211 1758 1 1 1 1 1 1 1 1 1264 1 1 1 1649 12281 1 1 1 1 1 1 0 1 1 1 1 1 1 1 1 1649 1 1 1 2 90 1 1 1 1 1 1 0
query71 123.60 15% 0 320404 1.00 1.00 5 5 HYBRID 15211 1758 1 1 1 1 1 1 1 1 1264 1 1 1 1649 12281 1 1 1 1 1 1 0 1 1 1 1 1 1 1 1 1649 1 1 1 2 90 1 1 1 1 1 1 0
query72 123.15 15% 0 318060 1.00 1.00 5 5 HYBRID 15211 1758 1 1 1 1 1 1 1 1 1264 1 1 1 1649 12281 1 1 1 1 1 1 0 1 1 1 1 1 1 1 1 1649 1 1 1 2 90 1 1 1 1 1 1 0
query73 123.89 15% 0 311708 1.00 1.00 5 5 HYBRID 15211 1758 1 1 1 1 1 1 1 1 1264 1 1 1 1649 12281 1 1 1 1 1 1 0 1 1 1 1 1 1 1 1 1649 1 1 1 2 90 1 1 1 1 1 1 0
query74 122.14 14% 0 320680 1.00 1.00 5 5 HYBRID 15211 1758 1 1 1 1 1 1 1 1 1264 1 1 1 1649 12281 1 1 1 1 1 1 0 1 1 1 1 1 1 1 1 1649 1 1 1 2 90 1 1 1 1 1 1 0
query75 123.56 15% 0 323012 1.00 1.00 5 5 HYBRID 15211 1758 1 1 1 1 1 1 1 1 1264 1 1 1 1649 12281 1 1 1 1 1 1 0 1 1 1 1 1 1 1 1 1649 1 1 1 2 90 1 1 1 1 1 1 0
query76 16.84 42% 0 146640 1.00 1.00 3 3 HYBRID 3808 163 1 1 1 1 1 1 1 1 1729 1 1 1 1 1 1 1 1 2061 1 1 0 1 1 1 1 1 1 1 1 143 1 1 1 1 1 1 1 1 2 1 1 0
query77 16.75 44% 0 140764 1.00 1.00 3 3 HYBRID 3808 163 1 1 1 1 1 1 1 1 1729 1 1 1 1 1 1 1 1 2061 1 1 0 1 1 1 1 1 1 1 1 143 1 1 1 1 1 1 1 1 2 1 1 0
query78 123.36 15% 0 316112 1.00 1.00 5 5 HYBRID 15211 1758 1 1 1 1 1 1 1 1 1264 1 1 1 1649 12281 1 1 1 1 1 1 0 1 1 1 1 1 1 1 1 1649 1 1 1 2 90 1 1 1 1 1 1 0
query79 123.02 15% 0 321584 1.00 1.00 5 5 HYBRID 15211 1758 1 1 1 1 1 1 1 1 1264 1 1 1 1649 12281 1 1 1 1 1 1 0 1 1 1 1 1 1 1 1 1649 1 1 1 2 90 1 1 1 1 1 1 0
query80 123.15 15% 0 325212 1.00 1.00 5 5 HYBRID 15211 1758 1 1 1 1 1 1 1 1 1264 1 1 1 1649 12281 1 1 1 1 1 1 0 1 1 1 1 1 1 1 1 1649 1 1 1 2 90 1 1 1 1 1 1 0
query81 123.24 14% 0 322532 1.00 1.00 5 5 HYBRID 15211 1758 1 1 1 1 1 1 1 1 1264 1 1 1 1649 12281 1 1 1 1 1 1 0 1 1 1 1 1 1 1 1 1649 1 1 1 2 90 1 1 1 1 1 1 0
query82 116.17 8% 0 328584 1.00 1.00 5 5 HYBRID 15211 1758 1 1 1 1 1 1 1 1 1264 1 1 1 1649 12281 1 1 1 1 1 1 0 1 1 1 1 1 1 1 1 1649 1 1 1 2 90 1 1 1 1 1 1 0
query83 122.25 14% 0 323636 1.00 1.00 5 5 HYBRID 15211 1758 1 1 1 1 1 1 1 1 1264 1 1 1 1649 12281 1 1 1 1 1 1 0 1 1 1 1 1 1 1 1 1649 1 1 1 2 90 1 1 1 1 1 1 0
query84 123.74 15% 0 322620 1.00 1.00 5 5 HYBRID 15211 1758 1 1 1 1 1 1 1 1 1264 1 1 1 1649 12281 1 1 1 1 1 1 0 1 1 1 1 1 1 1 1 1649 1 1 1 2 90 1 1 1 1 1 1 0
query85 123.72 15% 0 327184 1.00 1.00 5 5 HYBRID 15211 1758 1 1 1 1 1 1 1 1 1264 1 1 1 1649 12281 1 1 1 1 1 1 0 1 1 1 1 1 1 1 1 1649 1 1 1 2 90 1 1 1 1 1 1 0
query86 123.28 15% 0 328380 1.00 1.00 5 5 HYBRID 15211 1758 1 1 1 1 1 1 1 1 1264 1 1 1 1649 12281 1 1 1 1 1 1 0 1 1 1 1 1 1 1 1 1649 1 1 1 2 90 1 1 1 1 1 1 0
query87 123.59 15% 0 319996 1.00 1.00 5 5 HYBRID 15211 1758 1 1 1 1 1 1 1 1 1264 1 1 1 1649 12281 1 1 1 1 1 1 0 1 1 1 1 1 1 1 1 1649 1 1 1 2 90 1 1 1 1 1 1 0
query88 123.63 15% 0 317680 1.00 1.00 5 5 HYBRID 15211 1758 1 1 1 1 1 1 1 1 1264 1 1 1 1649 12281 1 1 1 1 1 1 0 1 1 1 1 1 1 1 1 1649 1 1 1 2 90 1 1 1 1 1 1 0
query89 117.37 8% 0 312124 1.00 1.00 5 5 HYBRID 15211 1758 1 1 1 1 1 1 1 1 1264 1 1 1 1649 12281 1 1 1 1 1 1 0 1 1 1 1 1 1 1 1 1649 1 1 1 2 90 1 1 1 1 1 1 0
query90 13.10 29% 0 141064 1.00 1.00 3 3 HYBRID 3808 163 1 1 1 1 1 1 1 1 1729 1 1 1 1 1 1 1 1 2061 1 1 0 1 1 1 1 1 1 1 1 143 1 1 1 1 1 1 1 1 2 1 1 0
query91 596.91 6% 0 314780 1.00 1.00 5 5 HYBRID 105481 92028 1 1 1 1 1 1 1 1 1264 45130 45142 1 1649 12281 1 1 1 1 1 1 0 1 1 1 1 1 1 1 1 1649 45130 45142 1 2 90 1 1 1 1 1 1 0
query92 22.15 34% 0 144868 1.00 1.00 3 3 HYBRID 3808 163 1 1 1 1 1 1 1 1 1729 1 1 1 1 1 1 1 1 2061 1 1 0 1 1 1 1 1 1 1 1 143 1 1 1 1 1 1 1 1 2 1 1 0
query93 10.98 21% 0 78184 1.00 1.00 3 3 STAR 77 28 1 1 1 1 1 1 1 1 1 1 1 1 1 1 1 1 1 29 1 30 0 1 1 1 1 1 1 1 1 1 1 1 1 1 1 1 1 1 8 1 2 0
query94 125.77 11% 0 321272 1.00 1.00 5 5 HYBRID 15211 1758 1 1 1 1 1 1 1 1 1264 1 1 1 1649 12281 1 1 1 1 1 1 0 1 1 1 1 1 1 1 1 1649 1 1 1 2 90 1 1 1 1 1 1 0
query95 228.62 4% 0 327588 1.00 1.00 5 5 HYBRID 25844 12391 1 1 10634 1 1 1 1 1 1264 1 1 1 1649 12281 1 1 1 1 1 1 0 1 1 10634 1 1 1 1 1 1649 1 1 1 2 90 1 1 1 1 1 1 0
query96 22.50 35% 0 139496 1.00 1.00 3 3 HYBRID 3808 163 1 1 1 1 1 1 1 1 1729 1 1 1 1 1 1 1 1 2061 1 1 0 1 1 1 1 1 1 1 1 143 1 1 1 1 1 1 1 1 2 1 1 0
query97 127.87 14% 0 320724 1.00 1.00 5 5 HYBRID 15211 1758 1 1 1 1 1 1 1 1 1264 1 1 1 1649 12281 1 1 1 1 1 1 0 1 1 1 1 1 1 1 1 1649 1 1 1 2 90 1 1 1 1 1 1 0
query98 128.20 14% 0 318788 1.00 1.00 5 5 HYBRID 15211 1758 1 1 1 1 1 1 1 1 1264 1 1 1 1649 12281 1 1 1 1 1 1 0 1 1 1 1 1 1 1 1 1649 1 1 1 2 90 1 1 1 1 1 1 0
query99 128.07 14% 0 316244 1.00 1.00 5 5 HYBRID 15211 1758 1 1 1 1 1 1 1 1 1264 1 1 1 1649 12281 1 1 1 1 1 1 0 1 1 1 1 1 1 1 1 1649 1 1 1 2 90 1 1 1 1 1 1 0
query100 132.25 17% 0 324500 1.00 1.00 5 5 HYBRID 15211 1758 1 1 1 1 1 1 1 1 1264 1 1 1 1649 12281 1 1 1 1 1 1 0 1 1 1 1 1 1 1 1 1649 1 1 1 2 90 1 1 1 1 1 1 0
