query1 14.11 51% 0 141168 1.00 1.00 4 3 HYBRID 3798 153 1 1 1 600 1 2061 534 597 1 1 0 1 1 1 50 1 2 48 47 1 1 0
query3 10.93 63% 0 127748 1.00 1.00 4 3 STAR 1965 116 142 153 163 1 1 1501 1 1 1 1 0 36 36 36 1 1 2 1 1 1 1 0
query4 10.03 65% 0 125864 1.00 1.00 4 3 STAR 1965 116 142 153 163 1 1 1501 1 1 1 1 0 36 36 36 1 1 2 1 1 1 1 0
query6 10.09 63% 0 125456 1.00 1.00 4 3 STAR 1965 116 142 153 163 1 1 1501 1 1 1 1 0 36 36 36 1 1 2 1 1 1 1 0
query7 5.82 82% 0 98860 1.00 1.00 4 3 HYBRID 620 55 1 1 1 12 1 1 1 13 1 588 0 1 1 1 24 1 1 1 22 1 2 0
query8 5.90 74% 0 93792 1.00 1.00 4 3 HYBRID 620 55 1 1 1 12 1 1 1 13 1 588 0 1 1 1 23 1 1 1 23 1 2 0
query9 5.81 86% 0 97336 1.00 1.00 4 3 HYBRID 620 55 1 1 1 12 1 1 1 13 1 588 0 1 1 1 24 1 1 1 22 1 2 0
query11 5.80 86% 0 100232 1.00 1.00 4 3 HYBRID 620 55 1 1 1 12 1 1 1 13 1 588 0 1 1 1 23 1 1 1 23 1 2 0
query12 12.52 52% 0 140412 1.00 1.00 4 3 HYBRID 3798 153 1 1 1 600 1 2061 534 597 1 1 0 1 1 1 49 1 2 49 47 1 1 0
query13 9.18 63% 0 121424 1.00 1.00 3 2 PATH 2112 116 1 1 1 198 1 1 187 210 1 1511 0 1 1 1 36 1 1 37 35 1 2 0
query14 13.38 57% 0 141704 1.00 1.00 4 3 HYBRID 3798 153 1 1 1 600 1 2061 534 597 1 1 0 1 1 1 49 1 2 49 47 1 1 0
query15 6.57 73% 0 110704 1.00 1.00 3 2 STAR 2819 76 1 1 683 592 1 1 637 1 1 901 0 1 1 25 22 1 1 21 1 1 2 0
query16 6.20 74% 0 107664 1.00 1.00 3 2 PATH 1711 76 1 259 1 1 285 901 1 260 1 1 0 1 25 1 1 22 2 1 21 1 1 0
query17 6.41 80% 0 111324 1.00 1.00 3 2 STAR 2819 76 1 1 683 592 1 1 637 1 1 901 0 1 1 25 21 1 1 22 1 1 2 0
query18 12.78 58% 0 145820 1.00 1.00 4 3 HYBRID 3798 153 1 1 1 600 1 2061 534 597 1 1 0 1 1 1 50 1 2 48 47 1 1 0
query19 6.87 67% 0 108012 1.00 1.00 3 2 PATH 1711 76 1 259 1 1 285 901 1 260 1 1 0 1 26 1 1 21 2 1 21 1 1 0
query20 3.70 67% 0 75964 1.00 1.00 3 2 STAR 246 23 38 1 1 1 1 37 119 1 1 46 0 6 1 1 1 1 5 2 1 1 4 0
query21 12.59 54% 0 141140 1.00 1.00 4 3 HYBRID 3798 153 1 1 1 600 1 2061 534 597 1 1 0 1 1 1 50 1 2 48 47 1 1 0
query22 12.81 57% 0 142472 1.00 1.00 4 3 HYBRID 3798 153 1 1 1 600 1 2061 534 597 1 1 0 1 1 1 49 1 2 49 47 1 1 0
query23 8.98 64% 0 124036 1.00 1.00 3 2 PATH 2112 116 1 1 1 198 1 1 187 210 1 1511 0 1 1 1 36 1 1 37 35 1 2 0
query24 3.38 55% 0 71696 1.00 1.00 5 4 HYBRID 18 13 1 1 1 1 1 5 2 4 1 1 0 1 1 1 1 1 2 2 2 1 1 0
query25 2.98 57% 0 72688 1.00 1.00 5 4 HYBRID 18 13 1 1 1 1 2 5 1 4 1 1 0 1 1 1 1 2 2 1 2 1 1 0
query26 3.85 67% 0 72744 1.00 1.00 5 4 HYBRID 18 13 1 1 1 1 1 5 2 4 1 1 0 1 1 1 1 1 2 2 2 1 1 0
query27 12.78 59% 0 144668 1.00 1.00 4 3 HYBRID 3798 153 1 1 1 600 1 2061 534 597 1 1 0 1 1 1 49 1 2 49 47 1 1 0
query28 11.10 60% 0 125864 1.00 1.00 4 3 HYBRID 1965 116 230 1 227 1 1 1501 1 1 1 1 0 56 1 51 1 1 2 1 1 1 1 0
query29 11.54 58% 0 125376 1.00 1.00 4 3 HYBRID 1965 116 230 1 227 1 1 1501 1 1 1 1 0 56 1 51 1 1 2 1 1 1 1 0
query30 11.06 62% 0 125864 1.00 1.00 4 3 HYBRID 1965 116 230 1 227 1 1 1501 1 1 1 1 0 56 1 51 1 1 2 1 1 1 1 0
query31 4.34 74% 0 76112 1.00 1.00 3 2 STAR 207 24 1 1 1 1 23 124 25 29 1 1 0 1 1 1 1 7 2 5 4 1 1 0
query32 4.32 73% 0 76308 1.00 1.00 3 2 STAR 207 24 1 1 1 1 23 124 25 29 1 1 0 1 1 1 1 7 2 5 4 1 1 0
query33 8.54 61% 0 122212 1.00 1.00 3 2 PATH 2112 116 1 1 1 198 1 1 187 210 1 1511 0 1 1 1 36 1 1 37 35 1 2 0
query34 3.28 67% 0 76468 1.00 1.00 5 4 STAR 155 25 1 1 1 5 1 138 1 1 5 1 0 1 1 1 9 1 2 1 1 7 1 0
query35 3.84 65% 0 76648 1.00 1.00 3 2 STAR 207 24 1 1 1 1 23 124 25 29 1 1 0 1 1 1 1 6 2 6 4 1 1 0
query36 3.84 65% 0 76520 1.00 1.00 3 2 STAR 207 24 1 1 1 1 23 124 25 29 1 1 0 1 1 1 1 6 2 6 4 1 1 0
query37 3.83 65% 0 76712 1.00 1.00 3 2 STAR 207 24 1 1 1 1 23 124 25 29 1 1 0 1 1 1 1 6 2 6 4 1 1 0
query38 3.70 67% 0 76116 1.00 1.00 3 2 STAR 207 24 1 1 1 1 23 124 25 29 1 1 0 1 1 1 1 6 2 6 4 1 1 0
query39 3.58 67% 0 76652 1.00 1.00 3 2 STAR 207 24 1 1 1 1 23 124 25 29 1 1 0 1 1 1 1 7 2 5 4 1 1 0
query40 3.90 66% 0 76704 1.00 1.00 3 2 STAR 207 24 1 1 1 1 23 124 25 29 1 1 0 1 1 1 1 6 2 6 4 1 1 0
query42 9.52 63% 0 125844 1.00 1.00 3 2 PATH 2112 116 1 1 1 198 1 1 187 210 1 1511 0 1 1 1 37 1 1 36 35 1 2 0
query43 3.73 67% 0 76328 1.00 1.00 3 2 STAR 207 24 1 1 1 1 23 124 25 29 1 1 0 1 1 1 1 6 2 6 4 1 1 0
query44 8.88 55% 0 120372 1.00 1.00 3 2 PATH 2112 116 1 1 1 198 1 1 187 210 1 1511 0 1 1 1 36 1 1 37 35 1 2 0
query45 3.67 64% 0 75700 1.00 1.00 3 2 STAR 207 24 1 1 1 1 23 124 25 29 1 1 0 1 1 1 1 7 2 5 4 1 1 0
query46 3.70 64% 0 75780 1.00 1.00 3 2 STAR 207 24 1 1 1 1 23 124 25 29 1 1 0 1 1 1 1 7 2 5 4 1 1 0
query47 3.91 62% 0 76416 1.00 1.00 3 2 STAR 207 24 1 1 1 1 23 124 25 29 1 1 0 1 1 1 1 7 2 5 4 1 1 0
query48 3.95 63% 0 76020 1.00 1.00 3 2 STAR 207 24 1 1 1 1 23 124 25 29 1 1 0 1 1 1 1 7 2 5 4 1 1 0
query49 3.72 66% 0 76512 1.00 1.00 3 2 STAR 207 24 1 1 1 1 23 124 25 29 1 1 0 1 1 1 1 6 2 6 4 1 1 0
query50 9.20 65% 0 121292 1.00 1.00 3 2 PATH 2112 116 1 1 1 198 1 1 187 210 1 1511 0 1 1 1 37 1 1 36 35 1 2 0
query51 3.81 66% 0 76408 1.00 1.00 3 2 STAR 207 24 1 1 1 1 23 124 25 29 1 1 0 1 1 1 1 6 2 6 4 1 1 0
query52 8.99 62% 0 122036 1.00 1.00 3 2 PATH 2112 116 1 1 1 198 1 1 187 210 1 1511 0 1 1 1 36 1 1 37 35 1 2 0
query53 63.36 21% 0 329136 1.00 1.00 6 5 HYBRID 24570 834 1 1 1 1 1 12281 6140 6142 1 1 0 1 1 1 1 1 2 413 412 1 1 0
query54 63.05 21% 0 329788 1.00 1.00 6 5 HYBRID 24570 834 1 1 1 1 1 12281 6140 6142 1 1 0 1 1 1 1 1 2 413 412 1 1 0
query55 62.76 21% 0 329404 1.00 1.00 6 5 HYBRID 24570 834 1 1 1 1 1 12281 6140 6142 1 1 0 1 1 1 1 1 2 413 412 1 1 0
query56 63.06 22% 0 339920 1.00 1.00 6 5 HYBRID 24570 834 1 1 1 1 1 12281 6140 6142 1 1 0 1 1 1 1 1 2 413 412 1 1 0
query57 62.44 21% 0 333492 1.00 1.00 6 5 HYBRID 24570 834 1 1 1 1 1 12281 6140 6142 1 1 0 1 1 1 1 1 2 413 412 1 1 0
query58 62.28 21% 0 333832 1.00 1.00 6 5 HYBRID 24570 834 1 1 1 1 1 12281 6140 6142 1 1 0 1 1 1 1 1 2 413 412 1 1 0
query59 62.46 20% 0 330868 1.00 1.00 6 5 HYBRID 24570 834 1 1 1 1 1 12281 6140 6142 1 1 0 1 1 1 1 1 2 413 412 1 1 0
query60 62.60 22% 0 338456 1.00 1.00 6 5 HYBRID 24570 834 1 1 1 1 1 12281 6140 6142 1 1 0 1 1 1 1 1 2 413 412 1 1 0
query61 62.55 22% 0 324024 1.00 1.00 6 5 HYBRID 24570 834 1 1 1 1 1 12281 6140 6142 1 1 0 1 1 1 1 1 2 413 412 1 1 0
query62 62.25 20% 0 329564 1.00 1.00 6 5 HYBRID 24570 834 1 1 1 1 1 12281 6140 6142 1 1 0 1 1 1 1 1 2 413 412 1 1 0
query63 62.19 21% 0 328868 1.00 1.00 6 5 HYBRID 24570 834 1 1 1 1 1 12281 6140 6142 1 1 0 1 1 1 1 1 2 413 412 1 1 0
query64 62.09 21% 0 335812 1.00 1.00 6 5 HYBRID 24570 834 1 1 1 1 1 12281 6140 6142 1 1 0 1 1 1 1 1 2 413 412 1 1 0
query65 62.22 21% 0 328932 1.00 1.00 6 5 HYBRID 24570 834 1 1 1 1 1 12281 6140 6142 1 1 0 1 1 1 1 1 2 413 412 1 1 0
query66 62.27 21% 0 331660 1.00 1.00 6 5 HYBRID 24570 834 1 1 1 1 1 12281 6140 6142 1 1 0 1 1 1 1 1 2 413 412 1 1 0
query67 62.34 21% 0 329916 1.00 1.00 6 5 HYBRID 24570 834 1 1 1 1 1 12281 6140 6142 1 1 0 1 1 1 1 1 2 413 412 1 1 0
query68 62.27 21% 0 328492 1.00 1.00 6 5 HYBRID 24570 834 1 1 1 1 1 12281 6140 6142 1 1 0 1 1 1 1 1 2 413 412 1 1 0
query69 62.02 22% 0 334096 1.00 1.00 6 5 HYBRID 24570 834 1 1 1 1 1 12281 6140 6142 1 1 0 1 1 1 1 1 2 413 412 1 1 0
query70 62.14 21% 0 333376 1.00 1.00 6 5 HYBRID 24570 834 1 1 1 1 1 12281 6140 6142 1 1 0 1 1 1 1 1 2 413 412 1 1 0
query71 62.34 21% 0 325984 1.00 1.00 6 5 HYBRID 24570 834 1 1 1 1 1 12281 6140 6142 1 1 0 1 1 1 1 1 2 413 412 1 1 0
query72 61.97 21% 0 331692 1.00 1.00 6 5 HYBRID 24570 834 1 1 1 1 1 12281 6140 6142 1 1 0 1 1 1 1 1 2 413 412 1 1 0
query73 61.93 21% 0 344852 1.00 1.00 6 5 HYBRID 24570 834 1 1 1 1 1 12281 6140 6142 1 1 0 1 1 1 1 1 2 413 412 1 1 0
query74 62.29 21% 0 330076 1.00 1.00 6 5 HYBRID 24570 834 1 1 1 1 1 12281 6140 6142 1 1 0 1 1 1 1 1 2 413 412 1 1 0
query75 62.29 21% 0 329648 1.00 1.00 6 5 HYBRID 24570 834 1 1 1 1 1 12281 6140 6142 1 1 0 1 1 1 1 1 2 413 412 1 1 0
query76 12.32 62% 0 140696 1.00 1.00 4 3 HYBRID 3798 153 1 1 1 600 1 2061 534 597 1 1 0 1 1 1 49 1 2 49 47 1 1 0
query77 12.29 60% 0 142280 1.00 1.00 4 3 HYBRID 3798 153 1 1 1 600 1 2061 534 597 1 1 0 1 1 1 49 1 2 49 47 1 1 0
query78 62.19 21% 0 330880 1.00 1.00 6 5 HYBRID 24570 834 1 1 1 1 1 12281 6140 6142 1 1 0 1 1 1 1 1 2 413 412 1 1 0
query79 62.13 20% 0 330720 1.00 1.00 6 5 HYBRID 24570 834 1 1 1 1 1 12281 6140 6142 1 1 0 1 1 1 1 1 2 413 412 1 1 0
query80 62.34 21% 0 334088 1.00 1.00 6 5 HYBRID 24570 834 1 1 1 1 1 12281 6140 6142 1 1 0 1 1 1 1 1 2 413 412 1 1 0
query81 68.81 24% 0 329120 1.00 1.00 6 5 HYBRID 24570 834 1 1 1 1 1 12281 6140 6142 1 1 0 1 1 1 1 1 2 413 412 1 1 0
query82 62.08 21% 0 328556 1.00 1.00 6 5 HYBRID 24570 834 1 1 1 1 1 12281 6140 6142 1 1 0 1 1 1 1 1 2 413 412 1 1 0
query83 62.16 21% 0 332048 1.00 1.00 6 5 HYBRID 24570 834 1 1 1 1 1 12281 6140 6142 1 1 0 1 1 1 1 1 2 413 412 1 1 0
query84 61.58 21% 0 330104 1.00 1.00 6 5 HYBRID 24570 834 1 1 1 1 1 12281 6140 6142 1 1 0 1 1 1 1 1 2 413 412 1 1 0
query85 62.08 22% 0 333616 1.00 1.00 6 5 HYBRID 24570 834 1 1 1 1 1 12281 6140 6142 1 1 0 1 1 1 1 1 2 413 412 1 1 0
query86 62.04 21% 0 327116 1.00 1.00 6 5 HYBRID 24570 834 1 1 1 1 1 12281 6140 6142 1 1 0 1 1 1 1 1 2 413 412 1 1 0
query87 61.89 20% 0 326244 1.00 1.00 6 5 HYBRID 24570 834 1 1 1 1 1 12281 6140 6142 1 1 0 1 1 1 1 1 2 413 412 1 1 0
query88 61.94 21% 0 329612 1.00 1.00 6 5 HYBRID 24570 834 1 1 1 1 1 12281 6140 6142 1 1 0 1 1 1 1 1 2 413 412 1 1 0
query89 62.27 22% 0 337000 1.00 1.00 6 5 HYBRID 24570 834 1 1 1 1 1 12281 6140 6142 1 1 0 1 1 1 1 1 2 413 412 1 1 0
query90 12.59 60% 0 144816 1.00 1.00 4 3 HYBRID 3798 153 1 1 1 600 1 2061 534 597 1 1 0 1 1 1 49 1 2 49 47 1 1 0
query91 61.89 21% 0 328720 1.00 1.00 6 5 HYBRID 24570 834 1 1 1 1 1 12281 6140 6142 1 1 0 1 1 1 1 1 2 413 412 1 1 0
query92 12.61 60% 0 141924 1.00 1.00 4 3 HYBRID 3798 153 1 1 1 600 1 2061 534 597 1 1 0 1 1 1 49 1 2 49 47 1 1 0
query93 6.07 82% 0 97152 1.00 1.00 4 3 STAR 702 60 1 1 1 17 1 663 1 1 15 1 0 1 1 1 28 1 2 1 1 23 1 0
query94 62.27 22% 0 334228 1.00 1.00 6 5 HYBRID 24570 834 1 1 1 1 1 12281 6140 6142 1 1 0 1 1 1 1 1 2 413 412 1 1 0
query95 62.01 21% 0 328180 1.00 1.00 6 5 HYBRID 24570 834 1 1 1 1 1 12281 6140 6142 1 1 0 1 1 1 1 1 2 413 412 1 1 0
query96 11.91 56% 0 142384 1.00 1.00 4 3 HYBRID 3798 153 1 1 1 600 1 2061 534 597 1 1 0 1 1 1 49 1 2 49 47 1 1 0
query97 62.69 23% 0 327360 1.00 1.00 6 5 HYBRID 24570 834 1 1 1 1 1 12281 6140 6142 1 1 0 1 1 1 1 1 2 413 412 1 1 0
query98 61.93 21% 0 326852 1.00 1.00 6 5 HYBRID 24570 834 1 1 1 1 1 12281 6140 6142 1 1 0 1 1 1 1 1 2 413 412 1 1 0
query99 62.01 21% 0 328812 1.00 1.00 6 5 HYBRID 24570 834 1 1 1 1 1 12281 6140 6142 1 1 0 1 1 1 1 1 2 413 412 1 1 0
query100 62.10 21% 0 329828 1.00 1.00 6 5 HYBRID 24570 834 1 1 1 1 1 12281 6140 6142 1 1 0 1 1 1 1 1 2 413 412 1 1 0
