query1 5.71 66% 0 151492 1.00 1.00 3 3 HYBRID 3818 173 1 1 1 1 1 1 1 1 1 1 1 1 1 1 1 1 611 1 522 1 1 1 1 598 1 1 1 1 2061 1 0 1 1 1 1 1 1 1 1 1 1 1 1 1 1 1 1 49 1 48 1 1 1 1 48 1 1 1 1 2 1 0
query3 3.45 72% 0 110108 1.00 1.00 3 3 STAR 940 66 1 1 1 1 1 456 1 1 1 1 1 1 1 1 1 152 152 1 1 1 1 1 1 1 1 1 154 1 1 1 0 1 1 1 1 1 2 1 1 1 1 1 1 1 1 1 14 12 1 1 1 1 1 1 1 1 1 12 1 1 1 0
query4 3.23 76% 0 111956 1.00 1.00 3 3 STAR 940 66 1 1 1 1 1 456 1 1 1 1 1 1 1 1 1 152 152 1 1 1 1 1 1 1 1 1 154 1 1 1 0 1 1 1 1 1 2 1 1 1 1 1 1 1 1 1 14 12 1 1 1 1 1 1 1 1 1 12 1 1 1 0
query6 6.50 81% 0 112812 1.00 1.00 3 3 STAR 940 66 1 1 1 1 1 456 1 1 1 1 1 1 1 1 1 152 151 1 1 1 1 1 1 1 1 1 155 1 1 1 0 1 1 1 1 1 2 1 1 1 1 1 1 1 1 1 14 11 1 1 1 1 1 1 1 1 1 13 1 1 1 0
query7 4.16 75% 0 120864 1.00 1.00 3 3 HYBRID 1168 115 1 1 1 1 1 1 1 1 1 1 1 1 1 204 1 1 529 1 5 11 10 1 1 1 1 1 1 1 190 196 0 1 1 1 1 1 1 1 1 1 1 1 1 1 16 1 1 2 1 19 14 14 1 1 1 1 1 1 1 14 13 0
query8 7.44 86% 0 125108 1.00 1.00 3 3 HYBRID 1168 115 1 1 1 1 1 1 1 1 1 1 1 1 1 203 1 1 529 1 8 9 9 1 1 1 1 1 1 1 190 197 0 1 1 1 1 1 1 1 1 1 1 1 1 1 15 1 1 2 1 19 14 14 1 1 1 1 1 1 1 14 14 0
query9 3.75 73% 0 125404 1.00 1.00 3 3 HYBRID 1168 115 1 1 1 1 1 1 1 1 1 1 1 1 1 203 1 1 529 1 10 6 10 1 1 1 1 1 1 1 190 197 0 1 1 1 1 1 1 1 1 1 1 1 1 1 15 1 1 2 1 18 15 14 1 1 1 1 1 1 1 14 14 0
query10 2.56 49% 0 80304 1.00 1.00 7 2 STAR 69 42 1 1 1 1 1 1 1 1 1 15 1 1 1 1 1 1 1 1 5 2 1 1 1 9 1 8 2 2 4 1 0 1 1 1 1 1 1 1 1 1 2 1 1 1 1 1 1 1 1 6 2 1 1 1 2 1 2 2 2 2 1 0
query11 3.66 80% 0 120344 1.00 1.00 3 3 HYBRID 1168 115 1 1 1 1 1 1 1 1 1 1 1 1 1 204 1 1 529 1 6 12 8 1 1 1 1 1 1 1 190 196 0 1 1 1 1 1 1 1 1 1 1 1 1 1 16 1 1 2 1 19 14 14 1 1 1 1 1 1 1 14 13 0
query12 4.75 80% 0 155404 1.00 1.00 3 3 HYBRID 3818 173 1 1 1 1 1 1 1 1 1 1 1 1 1 1 1 1 611 1 522 1 1 1 1 598 1 1 1 1 2061 1 0 1 1 1 1 1 1 1 1 1 1 1 1 1 1 1 1 50 1 48 1 1 1 1 47 1 1 1 1 2 1 0
query13 3.57 85% 0 131412 1.00 1.00 2 2 PATH 2132 136 1 1 1 1 1 1 1 1 1 1 1 1 1 1 1 1 199 1 186 1 1 1 1 210 1 1 1 1 1 1511 0 1 1 1 1 1 1 1 1 1 1 1 1 1 1 1 1 37 1 36 1 1 1 1 35 1 1 1 1 1 2 0
query14 5.24 82% 0 144460 1.00 1.00 3 3 HYBRID 3818 173 1 1 1 1 1 1 1 1 1 1 1 1 1 1 1 1 611 1 522 1 1 1 1 598 1 1 1 1 2061 1 0 1 1 1 1 1 1 1 1 1 1 1 1 1 1 1 1 50 1 48 1 1 1 1 47 1 1 1 1 2 1 0
query15 7.65 87% 0 126228 1.00 1.00 2 2 STAR 2839 96 1 1 1 1 1 1 1 1 1 1 1 1 1 677 591 1 1 1 1 1 1 1 1 1 644 1 901 1 1 1 0 1 1 1 1 1 1 1 1 1 1 1 1 1 25 22 1 1 1 1 1 1 1 1 1 21 1 2 1 1 1 0
query16 4.00 73% 0 120504 1.00 1.00 2 2 PATH 1731 96 1 1 1 259 1 1 1 1 1 1 1 1 1 1 1 1 1 1 1 1 1 1 901 284 261 1 1 1 1 1 0 1 1 1 26 1 1 1 1 1 1 1 1 1 1 1 1 1 1 1 1 1 1 2 21 21 1 1 1 1 1 0
query17 3.62 84% 0 127932 1.00 1.00 2 2 STAR 2839 96 1 1 1 1 1 1 1 1 1 1 1 1 1 677 591 1 1 1 1 1 1 1 1 1 644 1 901 1 1 1 0 1 1 1 1 1 1 1 1 1 1 1 1 1 26 21 1 1 1 1 1 1 1 1 1 21 1 2 1 1 1 0
query18 6.56 67% 0 150388 1.00 1.00 3 3 HYBRID 3818 173 1 1 1 1 1 1 1 1 1 1 1 1 1 1 1 1 611 1 522 1 1 1 1 598 1 1 1 1 2061 1 0 1 1 1 1 1 1 1 1 1 1 1 1 1 1 1 1 50 1 48 1 1 1 1 47 1 1 1 1 2 1 0
query19 6.34 89% 0 120272 1.00 1.00 2 2 PATH 1731 96 1 1 1 259 1 1 1 1 1 1 1 1 1 1 1 1 1 1 1 1 1 1 901 284 261 1 1 1 1 1 0 1 1 1 25 1 1 1 1 1 1 1 1 1 1 1 1 1 1 1 1 1 1 2 21 22 1 1 1 1 1 0
query20 2.86 56% 0 90276 1.00 1.00 2 2 STAR 266 43 1 1 1 1 1 37 1 1 38 1 1 1 1 1 1 1 1 1 1 1 1 1 1 1 119 1 46 1 1 1 0 1 1 1 1 1 5 1 1 6 1 1 1 1 1 1 1 1 1 1 1 1 1 1 1 2 1 4 1 1 1 0
query21 8.32 81% 0 150304 1.00 1.00 3 3 HYBRID 3818 173 1 1 1 1 1 1 1 1 1 1 1 1 1 1 1 1 611 1 522 1 1 1 1 598 1 1 1 1 2061 1 0 1 1 1 1 1 1 1 1 1 1 1 1 1 1 1 1 49 1 48 1 1 1 1 48 1 1 1 1 2 1 0
query22 8.76 83% 0 152452 1.00 1.00 3 3 HYBRID 3818 173 1 1 1 1 1 1 1 1 1 1 1 1 1 1 1 1 611 1 522 1 1 1 1 598 1 1 1 1 2061 1 0 1 1 1 1 1 1 1 1 1 1 1 1 1 1 1 1 49 1 48 1 1 1 1 48 1 1 1 1 2 1 0
query23 8.19 82% 0 132276 1.00 1.00 2 2 PATH 2132 136 1 1 1 1 1 1 1 1 1 1 1 1 1 1 1 1 199 1 186 1 1 1 1 210 1 1 1 1 1 1511 0 1 1 1 1 1 1 1 1 1 1 1 1 1 1 1 1 37 1 36 1 1 1 1 35 1 1 1 1 1 2 0
query24 9.93 77% 0 146176 1.00 1.00 4 4 HYBRID 1985 171 3 1 1 1 3 1 1 1 1 1 1 1 1 1 1 1 1 1 1 1 1 1 135 1 162 1 1501 1 1 157 0 16 1 1 1 11 1 1 1 1 1 1 1 1 1 1 1 1 1 1 1 1 1 35 1 37 1 2 1 11 36 0
query25 5.32 82% 0 148456 1.00 1.00 4 4 HYBRID 1985 171 5 1 1 1 1 1 1 1 1 1 1 1 1 1 1 1 1 1 1 1 1 1 135 1 162 1 1501 1 1 157 0 15 1 1 1 12 1 1 1 1 1 1 1 1 1 1 1 1 1 1 1 1 1 35 1 37 1 2 1 11 36 0
query26 8.25 81% 0 148808 1.00 1.00 4 4 HYBRID 1985 171 5 1 1 1 1 1 1 1 1 1 1 1 1 1 1 1 1 1 1 1 1 1 135 1 162 1 1501 1 1 157 0 16 1 1 1 11 1 1 1 1 1 1 1 1 1 1 1 1 1 1 1 1 1 35 1 37 1 2 1 11 36 0
query27 4.82 90% 0 151768 1.00 1.00 3 3 HYBRID 3818 173 1 1 1 1 1 1 1 1 1 1 1 1 1 1 1 1 611 1 522 1 1 1 1 598 1 1 1 1 2061 1 0 1 1 1 1 1 1 1 1 1 1 1 1 1 1 1 1 49 1 48 1 1 1 1 48 1 1 1 1 2 1 0
query28 9.76 83% 0 165832 1.00 1.00 3 3 HYBRID 3495 241 1 1 1 1 1 148 1 1 1 1 1 1 1 1 1 608 402 1 1 154 156 1 1 1 1 1 493 1 1 1511 0 1 1 1 1 1 36 1 1 1 1 1 1 1 1 1 36 37 1 1 36 36 1 1 1 1 1 35 1 1 2 0
query29 6.34 66% 0 165292 1.00 1.00 3 3 HYBRID 3495 241 1 1 1 1 1 159 1 1 1 1 1 1 1 1 1 608 402 1 1 155 144 1 1 1 1 1 493 1 1 1511 0 1 1 1 1 1 36 1 1 1 1 1 1 1 1 1 36 37 1 1 36 36 1 1 1 1 1 35 1 1 2 0
query30 9.45 87% 0 161576 1.00 1.00 3 3 HYBRID 3495 241 1 1 1 1 1 154 1 1 1 1 1 1 1 1 1 608 400 1 1 145 159 1 1 1 1 1 495 1 1 1511 0 1 1 1 1 1 36 1 1 1 1 1 1 1 1 1 36 36 1 1 36 36 1 1 1 1 1 36 1 1 2 0
query31 3.82 72% 0 89224 1.00 1.00 2 2 STAR 227 44 1 1 1 1 1 1 1 23 1 1 1 1 27 1 1 1 1 1 1 1 1 1 1 1 1 1 27 1 1 124 0 1 1 1 1 1 1 1 6 1 1 1 1 5 1 1 1 1 1 1 1 1 1 1 1 1 1 5 1 1 2 0
query32 6.39 49% 0 89832 1.00 1.00 2 2 STAR 227 44 1 1 1 1 1 1 1 23 1 1 1 1 27 1 1 1 1 1 1 1 1 1 1 1 1 1 27 1 1 124 0 1 1 1 1 1 1 1 6 1 1 1 1 6 1 1 1 1 1 1 1 1 1 1 1 1 1 4 1 1 2 0
query33 8.51 86% 0 132228 1.00 1.00 2 2 PATH 2132 136 1 1 1 1 1 1 1 1 1 1 1 1 1 1 1 1 199 1 186 1 1 1 1 210 1 1 1 1 1 1511 0 1 1 1 1 1 1 1 1 1 1 1 1 1 1 1 1 36 1 36 1 1 1 1 36 1 1 1 1 1 2 0
query34 6.51 58% 0 100700 1.00 1.00 4 4 STAR 249 54 1 1 1 1 6 5 1 1 1 4 1 1 4 1 1 1 1 1 1 1 1 2 1 1 1 201 4 1 1 1 0 1 1 1 1 8 3 1 1 1 2 1 1 7 1 1 1 1 1 1 1 1 3 1 1 1 2 6 1 1 1 0
query35 5.71 39% 0 90200 1.00 1.00 2 2 STAR 227 44 1 1 1 1 1 1 1 23 1 1 1 1 27 1 1 1 1 1 1 1 1 1 1 1 1 1 27 1 1 124 0 1 1 1 1 1 1 1 6 1 1 1 1 6 1 1 1 1 1 1 1 1 1 1 1 1 1 4 1 1 2 0
query36 6.83 57% 0 90364 1.00 1.00 2 2 STAR 227 44 1 1 1 1 1 1 1 23 1 1 1 1 27 1 1 1 1 1 1 1 1 1 1 1 1 1 27 1 1 124 0 1 1 1 1 1 1 1 6 1 1 1 1 5 1 1 1 1 1 1 1 1 1 1 1 1 1 5 1 1 2 0
query37 3.24 63% 0 88992 1.00 1.00 2 2 STAR 227 44 1 1 1 1 1 1 1 23 1 1 1 1 27 1 1 1 1 1 1 1 1 1 1 1 1 1 27 1 1 124 0 1 1 1 1 1 1 1 6 1 1 1 1 6 1 1 1 1 1 1 1 1 1 1 1 1 1 4 1 1 2 0
query38 2.88 51% 0 89096 1.00 1.00 2 2 STAR 227 44 1 1 1 1 1 1 1 23 1 1 1 1 27 1 1 1 1 1 1 1 1 1 1 1 1 1 27 1 1 124 0 1 1 1 1 1 1 1 6 1 1 1 1 6 1 1 1 1 1 1 1 1 1 1 1 1 1 4 1 1 2 0
query39 3.86 42% 0 90328 1.00 1.00 2 2 STAR 227 44 1 1 1 1 1 1 1 23 1 1 1 1 27 1 1 1 1 1 1 1 1 1 1 1 1 1 27 1 1 124 0 1 1 1 1 1 1 1 6 1 1 1 1 6 1 1 1 1 1 1 1 1 1 1 1 1 1 4 1 1 2 0
query40 2.63 56% 0 89864 1.00 1.00 2 2 STAR 227 44 1 1 1 1 1 1 1 23 1 1 1 1 27 1 1 1 1 1 1 1 1 1 1 1 1 1 27 1 1 124 0 1 1 1 1 1 1 1 6 1 1 1 1 6 1 1 1 1 1 1 1 1 1 1 1 1 1 4 1 1 2 0
query42 7.47 87% 0 133804 1.00 1.00 2 2 PATH 2132 136 1 1 1 1 1 1 1 1 1 1 1 1 1 1 1 1 199 1 186 1 1 1 1 210 1 1 1 1 1 1511 0 1 1 1 1 1 1 1 1 1 1 1 1 1 1 1 1 36 1 37 1 1 1 1 35 1 1 1 1 1 2 0
query43 5.32 59% 0 89680 1.00 1.00 2 2 STAR 227 44 1 1 1 1 1 1 1 23 1 1 1 1 27 1 1 1 1 1 1 1 1 1 1 1 1 1 27 1 1 124 0 1 1 1 1 1 1 1 6 1 1 1 1 6 1 1 1 1 1 1 1 1 1 1 1 1 1 4 1 1 2 0
query44 3.37 92% 0 132564 1.00 1.00 2 2 PATH 2132 136 1 1 1 1 1 1 1 1 1 1 1 1 1 1 1 1 199 1 186 1 1 1 1 210 1 1 1 1 1 1511 0 1 1 1 1 1 1 1 1 1 1 1 1 1 1 1 1 36 1 36 1 1 1 1 36 1 1 1 1 1 2 0
query45 4.57 43% 0 90316 1.00 1.00 2 2 STAR 227 44 1 1 1 1 1 1 1 23 1 1 1 1 27 1 1 1 1 1 1 1 1 1 1 1 1 1 27 1 1 124 0 1 1 1 1 1 1 1 7 1 1 1 1 5 1 1 1 1 1 1 1 1 1 1 1 1 1 4 1 1 2 0
query46 4.52 61% 0 90064 1.00 1.00 2 2 STAR 227 44 1 1 1 1 1 1 1 23 1 1 1 1 27 1 1 1 1 1 1 1 1 1 1 1 1 1 27 1 1 124 0 1 1 1 1 1 1 1 6 1 1 1 1 6 1 1 1 1 1 1 1 1 1 1 1 1 1 4 1 1 2 0
query47 2.60 59% 0 90496 1.00 1.00 2 2 STAR 227 44 1 1 1 1 1 1 1 23 1 1 1 1 27 1 1 1 1 1 1 1 1 1 1 1 1 1 27 1 1 124 0 1 1 1 1 1 1 1 6 1 1 1 1 6 1 1 1 1 1 1 1 1 1 1 1 1 1 4 1 1 2 0
query48 5.10 46% 0 90536 1.00 1.00 2 2 STAR 227 44 1 1 1 1 1 1 1 23 1 1 1 1 27 1 1 1 1 1 1 1 1 1 1 1 1 1 27 1 1 124 0 1 1 1 1 1 1 1 6 1 1 1 1 6 1 1 1 1 1 1 1 1 1 1 1 1 1 4 1 1 2 0
query49 4.45 72% 0 90148 1.00 1.00 2 2 STAR 227 44 1 1 1 1 1 1 1 23 1 1 1 1 27 1 1 1 1 1 1 1 1 1 1 1 1 1 27 1 1 124 0 1 1 1 1 1 1 1 6 1 1 1 1 5 1 1 1 1 1 1 1 1 1 1 1 1 1 5 1 1 2 0
query50 3.84 141% 0 135200 1.00 1.00 2 2 PATH 2132 136 1 1 1 1 1 1 1 1 1 1 1 1 1 1 1 1 199 1 186 1 1 1 1 210 1 1 1 1 1 1511 0 1 1 1 1 1 1 1 1 1 1 1 1 1 1 1 1 37 1 36 1 1 1 1 35 1 1 1 1 1 2 0
query51 3.56 76% 0 89948 1.00 1.00 2 2 STAR 227 44 1 1 1 1 1 1 1 23 1 1 1 1 27 1 1 1 1 1 1 1 1 1 1 1 1 1 27 1 1 124 0 1 1 1 1 1 1 1 6 1 1 1 1 6 1 1 1 1 1 1 1 1 1 1 1 1 1 4 1 1 2 0
query52 4.28 82% 0 133624 1.00 1.00 2 2 PATH 2132 136 1 1 1 1 1 1 1 1 1 1 1 1 1 1 1 1 199 1 186 1 1 1 1 210 1 1 1 1 1 1511 0 1 1 1 1 1 1 1 1 1 1 1 1 1 1 1 1 37 1 36 1 1 1 1 35 1 1 1 1 1 2 0
query53 16.65 98% 0 305908 1.00 1.00 5 5 HYBRID 13821 1315 1 1 1 1 1 1 1 1 1 1 1 543 1 1 1 1 1 1 1 1 1 1 249 1 1 1 12281 1 722 1 0 1 1 1 1 1 1 1 1 1 1 1 13 1 1 1 1 1 1 1 1 1 1 2 1 1 1 1264 1 10 1 0
query54 13.53 84% 0 291744 1.00 1.00 5 5 HYBRID 13821 1315 1 1 1 1 1 1 1 1 1 1 1 543 1 1 1 1 1 1 1 1 1 1 249 1 1 1 12281 1 722 1 0 1 1 1 1 1 1 1 1 1 1 1 13 1 1 1 1 1 1 1 1 1 1 2 1 1 1 1264 1 10 1 0
query55 15.18 96% 0 300540 1.00 1.00 5 5 HYBRID 13821 1315 1 1 1 1 1 1 1 1 1 1 1 534 1 1 1 1 1 1 1 1 1 1 249 1 1 1 12281 1 731 1 0 1 1 1 1 1 1 1 1 1 1 1 12 1 1 1 1 1 1 1 1 1 1 2 1 1 1 1264 1 11 1 0
query56 12.18 71% 0 296632 1.00 1.00 5 5 HYBRID 13821 1315 1 1 1 1 1 1 1 1 1 1 1 543 1 1 1 1 1 1 1 1 1 1 249 1 1 1 12281 1 722 1 0 1 1 1 1 1 1 1 1 1 1 1 13 1 1 1 1 1 1 1 1 1 1 2 1 1 1 1264 1 10 1 0
query57 8.56 125% 0 301260 1.00 1.00 5 5 HYBRID 13821 1315 1 1 1 1 1 1 1 1 1 1 1 543 1 1 1 1 1 1 1 1 1 1 249 1 1 1 12281 1 722 1 0 1 1 1 1 1 1 1 1 1 1 1 13 1 1 1 1 1 1 1 1 1 1 2 1 1 1 1264 1 10 1 0
query58 14.90 99% 0 304616 1.00 1.00 5 5 HYBRID 13821 1315 1 1 1 1 1 1 1 1 1 1 1 534 1 1 1 1 1 1 1 1 1 1 249 1 1 1 12281 1 731 1 0 1 1 1 1 1 1 1 1 1 1 1 12 1 1 1 1 1 1 1 1 1 1 2 1 1 1 1264 1 11 1 0
query59 8.20 116% 0 308352 1.00 1.00 5 5 HYBRID 13821 1315 1 1 1 1 1 1 1 1 1 1 1 543 1 1 1 1 1 1 1 1 1 1 249 1 1 1 12281 1 722 1 0 1 1 1 1 1 1 1 1 1 1 1 13 1 1 1 1 1 1 1 1 1 1 2 1 1 1 1264 1 10 1 0
query60 11.99 86% 0 298048 1.00 1.00 5 5 HYBRID 13821 1315 1 1 1 1 1 1 1 1 1 1 1 543 1 1 1 1 1 1 1 1 1 1 249 1 1 1 12281 1 722 1 0 1 1 1 1 1 1 1 1 1 1 1 13 1 1 1 1 1 1 1 1 1 1 2 1 1 1 1264 1 10 1 0
query61 11.87 120% 0 302468 1.00 1.00 5 5 HYBRID 13821 1315 1 1 1 1 1 1 1 1 1 1 1 543 1 1 1 1 1 1 1 1 1 1 249 1 1 1 12281 1 722 1 0 1 1 1 1 1 1 1 1 1 1 1 13 1 1 1 1 1 1 1 1 1 1 2 1 1 1 1264 1 10 1 0
query62 15.27 106% 0 306364 1.00 1.00 5 5 HYBRID 13821 1315 1 1 1 1 1 1 1 1 1 1 1 534 1 1 1 1 1 1 1 1 1 1 249 1 1 1 12281 1 731 1 0 1 1 1 1 1 1 1 1 1 1 1 12 1 1 1 1 1 1 1 1 1 1 2 1 1 1 1264 1 11 1 0
query63 14.62 99% 0 308436 1.00 1.00 5 5 HYBRID 13821 1315 1 1 1 1 1 1 1 1 1 1 1 534 1 1 1 1 1 1 1 1 1 1 249 1 1 1 12281 1 731 1 0 1 1 1 1 1 1 1 1 1 1 1 12 1 1 1 1 1 1 1 1 1 1 2 1 1 1 1264 1 11 1 0
query64 13.71 99% 0 305164 1.00 1.00 5 5 HYBRID 13821 1315 1 1 1 1 1 1 1 1 1 1 1 543 1 1 1 1 1 1 1 1 1 1 249 1 1 1 12281 1 722 1 0 1 1 1 1 1 1 1 1 1 1 1 13 1 1 1 1 1 1 1 1 1 1 2 1 1 1 1264 1 10 1 0
query65 8.70 113% 0 305764 1.00 1.00 5 5 HYBRID 13821 1315 1 1 1 1 1 1 1 1 1 1 1 543 1 1 1 1 1 1 1 1 1 1 249 1 1 1 12281 1 722 1 0 1 1 1 1 1 1 1 1 1 1 1 13 1 1 1 1 1 1 1 1 1 1 2 1 1 1 1264 1 10 1 0
query66 15.63 95% 0 304432 1.00 1.00 5 5 HYBRID 13821 1315 1 1 1 1 1 1 1 1 1 1 1 543 1 1 1 1 1 1 1 1 1 1 249 1 1 1 12281 1 722 1 0 1 1 1 1 1 1 1 1 1 1 1 13 1 1 1 1 1 1 1 1 1 1 2 1 1 1 1264 1 10 1 0
query67 10.71 114% 0 304952 1.00 1.00 5 5 HYBRID 13821 1315 1 1 1 1 1 1 1 1 1 1 1 534 1 1 1 1 1 1 1 1 1 1 249 1 1 1 12281 1 731 1 0 1 1 1 1 1 1 1 1 1 1 1 12 1 1 1 1 1 1 1 1 1 1 2 1 1 1 1264 1 11 1 0
query68 8.59 113% 0 300500 1.00 1.00 5 5 HYBRID 13821 1315 1 1 1 1 1 1 1 1 1 1 1 543 1 1 1 1 1 1 1 1 1 1 249 1 1 1 12281 1 722 1 0 1 1 1 1 1 1 1 1 1 1 1 13 1 1 1 1 1 1 1 1 1 1 2 1 1 1 1264 1 10 1 0
query69 13.73 94% 0 301468 1.00 1.00 5 5 HYBRID 13821 1315 1 1 1 1 1 1 1 1 1 1 1 543 1 1 1 1 1 1 1 1 1 1 249 1 1 1 12281 1 722 1 0 1 1 1 1 1 1 1 1 1 1 1 13 1 1 1 1 1 1 1 1 1 1 2 1 1 1 1264 1 10 1 0
query70 6.37 126% 0 304860 1.00 1.00 5 5 HYBRID 13821 1315 1 1 1 1 1 1 1 1 1 1 1 543 1 1 1 1 1 1 1 1 1 1 249 1 1 1 12281 1 722 1 0 1 1 1 1 1 1 1 1 1 1 1 13 1 1 1 1 1 1 1 1 1 1 2 1 1 1 1264 1 10 1 0
query71 14.89 101% 0 300932 1.00 1.00 5 5 HYBRID 13821 1315 1 1 1 1 1 1 1 1 1 1 1 543 1 1 1 1 1 1 1 1 1 1 249 1 1 1 12281 1 722 1 0 1 1 1 1 1 1 1 1 1 1 1 13 1 1 1 1 1 1 1 1 1 1 2 1 1 1 1264 1 10 1 0
query72 6.36 119% 0 297400 1.00 1.00 5 5 HYBRID 13821 1315 1 1 1 1 1 1 1 1 1 1 1 543 1 1 1 1 1 1 1 1 1 1 249 1 1 1 12281 1 722 1 0 1 1 1 1 1 1 1 1 1 1 1 13 1 1 1 1 1 1 1 1 1 1 2 1 1 1 1264 1 10 1 0
query73 7.53 109% 0 301012 1.00 1.00 5 5 HYBRID 13821 1315 1 1 1 1 1 1 1 1 1 1 1 543 1 1 1 1 1 1 1 1 1 1 249 1 1 1 12281 1 722 1 0 1 1 1 1 1 1 1 1 1 1 1 13 1 1 1 1 1 1 1 1 1 1 2 1 1 1 1264 1 10 1 0
query74 7.65 97% 0 306488 1.00 1.00 5 5 HYBRID 13821 1315 1 1 1 1 1 1 1 1 1 1 1 543 1 1 1 1 1 1 1 1 1 1 249 1 1 1 12281 1 722 1 0 1 1 1 1 1 1 1 1 1 1 1 13 1 1 1 1 1 1 1 1 1 1 2 1 1 1 1264 1 10 1 0
query75 9.04 87% 0 304792 1.00 1.00 5 5 HYBRID 13821 1315 1 1 1 1 1 1 1 1 1 1 1 543 1 1 1 1 1 1 1 1 1 1 249 1 1 1 12281 1 722 1 0 1 1 1 1 1 1 1 1 1 1 1 13 1 1 1 1 1 1 1 1 1 1 2 1 1 1 1264 1 10 1 0
query76 4.77 90% 0 152944 1.00 1.00 3 3 HYBRID 3818 173 1 1 1 1 1 1 1 1 1 1 1 1 1 1 1 1 611 1 522 1 1 1 1 598 1 1 1 1 2061 1 0 1 1 1 1 1 1 1 1 1 1 1 1 1 1 1 1 49 1 48 1 1 1 1 48 1 1 1 1 2 1 0
query77 8.31 64% 0 150156 1.00 1.00 3 3 HYBRID 3818 173 1 1 1 1 1 1 1 1 1 1 1 1 1 1 1 1 611 1 522 1 1 1 1 598 1 1 1 1 2061 1 0 1 1 1 1 1 1 1 1 1 1 1 1 1 1 1 1 49 1 49 1 1 1 1 47 1 1 1 1 2 1 0
query78 11.57 122% 0 302992 1.00 1.00 5 5 HYBRID 13821 1315 1 1 1 1 1 1 1 1 1 1 1 543 1 1 1 1 1 1 1 1 1 1 249 1 1 1 12281 1 722 1 0 1 1 1 1 1 1 1 1 1 1 1 13 1 1 1 1 1 1 1 1 1 1 2 1 1 1 1264 1 10 1 0
query79 12.22 116% 0 313648 1.00 1.00 5 5 HYBRID 13821 1315 1 1 1 1 1 1 1 1 1 1 1 543 1 1 1 1 1 1 1 1 1 1 249 1 1 1 12281 1 722 1 0 1 1 1 1 1 1 1 1 1 1 1 13 1 1 1 1 1 1 1 1 1 1 2 1 1 1 1264 1 10 1 0
query80 6.36 119% 0 306144 1.00 1.00 5 5 HYBRID 13821 1315 1 1 1 1 1 1 1 1 1 1 1 543 1 1 1 1 1 1 1 1 1 1 249 1 1 1 12281 1 722 1 0 1 1 1 1 1 1 1 1 1 1 1 13 1 1 1 1 1 1 1 1 1 1 2 1 1 1 1264 1 10 1 0
query81 8.91 89% 0 303868 1.00 1.00 5 5 HYBRID 13821 1315 1 1 1 1 1 1 1 1 1 1 1 543 1 1 1 1 1 1 1 1 1 1 249 1 1 1 12281 1 722 1 0 1 1 1 1 1 1 1 1 1 1 1 13 1 1 1 1 1 1 1 1 1 1 2 1 1 1 1264 1 10 1 0
query82 13.63 100% 0 304276 1.00 1.00 5 5 HYBRID 13821 1315 1 1 1 1 1 1 1 1 1 1 1 534 1 1 1 1 1 1 1 1 1 1 249 1 1 1 12281 1 731 1 0 1 1 1 1 1 1 1 1 1 1 1 12 1 1 1 1 1 1 1 1 1 1 2 1 1 1 1264 1 11 1 0
query83 9.04 106% 0 299104 1.00 1.00 5 5 HYBRID 13821 1315 1 1 1 1 1 1 1 1 1 1 1 543 1 1 1 1 1 1 1 1 1 1 249 1 1 1 12281 1 722 1 0 1 1 1 1 1 1 1 1 1 1 1 13 1 1 1 1 1 1 1 1 1 1 2 1 1 1 1264 1 10 1 0
query84 14.09 106% 0 303908 1.00 1.00 5 5 HYBRID 13821 1315 1 1 1 1 1 1 1 1 1 1 1 543 1 1 1 1 1 1 1 1 1 1 249 1 1 1 12281 1 722 1 0 1 1 1 1 1 1 1 1 1 1 1 13 1 1 1 1 1 1 1 1 1 1 2 1 1 1 1264 1 10 1 0
query85 7.46 117% 0 303944 1.00 1.00 5 5 HYBRID 13821 1315 1 1 1 1 1 1 1 1 1 1 1 543 1 1 1 1 1 1 1 1 1 1 249 1 1 1 12281 1 722 1 0 1 1 1 1 1 1 1 1 1 1 1 13 1 1 1 1 1 1 1 1 1 1 2 1 1 1 1264 1 10 1 0
query86 13.73 88% 0 299580 1.00 1.00 5 5 HYBRID 13821 1315 1 1 1 1 1 1 1 1 1 1 1 543 1 1 1 1 1 1 1 1 1 1 249 1 1 1 12281 1 722 1 0 1 1 1 1 1 1 1 1 1 1 1 13 1 1 1 1 1 1 1 1 1 1 2 1 1 1 1264 1 10 1 0
query87 15.33 88% 0 303988 1.00 1.00 5 5 HYBRID 13821 1315 1 1 1 1 1 1 1 1 1 1 1 543 1 1 1 1 1 1 1 1 1 1 249 1 1 1 12281 1 722 1 0 1 1 1 1 1 1 1 1 1 1 1 13 1 1 1 1 1 1 1 1 1 1 2 1 1 1 1264 1 10 1 0
query88 9.83 97% 0 301480 1.00 1.00 5 5 HYBRID 13821 1315 1 1 1 1 1 1 1 1 1 1 1 543 1 1 1 1 1 1 1 1 1 1 249 1 1 1 12281 1 722 1 0 1 1 1 1 1 1 1 1 1 1 1 13 1 1 1 1 1 1 1 1 1 1 2 1 1 1 1264 1 10 1 0
query89 11.99 102% 0 306580 1.00 1.00 5 5 HYBRID 13821 1315 1 1 1 1 1 1 1 1 1 1 1 543 1 1 1 1 1 1 1 1 1 1 249 1 1 1 12281 1 722 1 0 1 1 1 1 1 1 1 1 1 1 1 13 1 1 1 1 1 1 1 1 1 1 2 1 1 1 1264 1 10 1 0
query90 9.52 90% 0 151412 1.00 1.00 3 3 HYBRID 3818 173 1 1 1 1 1 1 1 1 1 1 1 1 1 1 1 1 611 1 522 1 1 1 1 598 1 1 1 1 2061 1 0 1 1 1 1 1 1 1 1 1 1 1 1 1 1 1 1 49 1 48 1 1 1 1 48 1 1 1 1 2 1 0
query91 6.46 113% 0 305728 1.00 1.00 5 5 HYBRID 13821 1315 1 1 1 1 1 1 1 1 1 1 1 543 1 1 1 1 1 1 1 1 1 1 249 1 1 1 12281 1 722 1 0 1 1 1 1 1 1 1 1 1 1 1 13 1 1 1 1 1 1 1 1 1 1 2 1 1 1 1264 1 10 1 0
query92 9.26 90% 0 153256 1.00 1.00 3 3 HYBRID 3818 173 1 1 1 1 1 1 1 1 1 1 1 1 1 1 1 1 611 1 522 1 1 1 1 598 1 1 1 1 2061 1 0 1 1 1 1 1 1 1 1 1 1 1 1 1 1 1 1 49 1 49 1 1 1 1 47 1 1 1 1 2 1 0
query93 4.08 69% 0 127636 1.00 1.00 3 3 STAR 1612 143 1 1 1 1 1 11 1 1 12 10 1 1 1 1 1 1 1 1 1 1 1 12 1 16 1 17 1 1 1 1511 0 1 1 1 1 1 6 1 1 37 2 1 1 1 1 1 1 1 1 1 1 1 2 1 36 1 35 1 1 1 2 0
query94 15.25 102% 0 305024 1.00 1.00 5 5 HYBRID 13821 1315 1 1 1 1 1 1 1 1 1 1 1 543 1 1 1 1 1 1 1 1 1 1 249 1 1 1 12281 1 722 1 0 1 1 1 1 1 1 1 1 1 1 1 13 1 1 1 1 1 1 1 1 1 1 2 1 1 1 1264 1 10 1 0
query95 14.18 113% 0 304672 1.00 1.00 5 5 HYBRID 13821 1315 1 1 1 1 1 1 1 1 1 1 1 543 1 1 1 1 1 1 1 1 1 1 249 1 1 1 12281 1 722 1 0 1 1 1 1 1 1 1 1 1 1 1 13 1 1 1 1 1 1 1 1 1 1 2 1 1 1 1264 1 10 1 0
query96 9.33 89% 0 150204 1.00 1.00 3 3 HYBRID 3818 173 1 1 1 1 1 1 1 1 1 1 1 1 1 1 1 1 611 1 522 1 1 1 1 598 1 1 1 1 2061 1 0 1 1 1 1 1 1 1 1 1 1 1 1 1 1 1 1 49 1 48 1 1 1 1 48 1 1 1 1 2 1 0
query97 13.00 102% 0 302708 1.00 1.00 5 5 HYBRID 13821 1315 1 1 1 1 1 1 1 1 1 1 1 543 1 1 1 1 1 1 1 1 1 1 249 1 1 1 12281 1 722 1 0 1 1 1 1 1 1 1 1 1 1 1 13 1 1 1 1 1 1 1 1 1 1 2 1 1 1 1264 1 10 1 0
query98 11.16 106% 0 304784 1.00 1.00 5 5 HYBRID 13821 1315 1 1 1 1 1 1 1 1 1 1 1 543 1 1 1 1 1 1 1 1 1 1 249 1 1 1 12281 1 722 1 0 1 1 1 1 1 1 1 1 1 1 1 13 1 1 1 1 1 1 1 1 1 1 2 1 1 1 1264 1 10 1 0
query99 14.83 104% 0 300420 1.00 1.00 5 5 HYBRID 13821 1315 1 1 1 1 1 1 1 1 1 1 1 543 1 1 1 1 1 1 1 1 1 1 249 1 1 1 12281 1 722 1 0 1 1 1 1 1 1 1 1 1 1 1 13 1 1 1 1 1 1 1 1 1 1 2 1 1 1 1264 1 10 1 0
query100 13.93 97% 0 300140 1.00 1.00 5 5 HYBRID 13821 1315 1 1 1 1 1 1 1 1 1 1 1 543 1 1 1 1 1 1 1 1 1 1 249 1 1 1 12281 1 722 1 0 1 1 1 1 1 1 1 1 1 1 1 13 1 1 1 1 1 1 1 1 1 1 2 1 1 1 1264 1 10 1 0
