query2 12.19 27% 0 142472 1.00 1.00 3 3 HYBRID 3798 153 1 1 1 1 1 2061 1 1729 1 1 0 1 1 1 1 1 2 1 143 1 1 0
query3 5.00 40% 0 97476 1.00 1.00 3 3 HYBRID 620 55 1 1 1 1 1 1 1 24 1 588 0 1 1 1 1 1 1 1 45 1 2 0
query4 58.18 12% 0 345980 1.00 1.00 5 5 HYBRID 24570 834 1 1 1 1 1 12281 1 12281 1 1 0 1 1 1 1 1 2 1 824 1 1 0
query6 5.23 65% 0 91920 1.00 1.00 5 5 HYBRID 412 47 1 1 1 1 1 201 1 194 10 1 0 1 1 1 1 1 2 1 19 19 1 0
query7 9.60 30% 0 124944 1.00 1.00 3 3 STAR 1965 116 1 1 456 1 1 1501 1 1 1 1 0 1 1 106 1 1 2 1 1 1 1 0
query8 12.68 49% 0 127440 1.00 1.00 3 3 HYBRID 1965 116 1 1 456 1 1 1501 1 1 1 1 0 1 1 106 1 1 2 1 1 1 1 0
query16 215.70 22% 0 433960 1.00 1.00 3 3 STAR 1593065 2935 1 1 1 1 1 1 43785 1549272 1 1 0 1 1 1 1 1 1 2 2925 1 1 0
query21 2.72 43% 0 76440 1.00 1.00 2 2 STAR 207 24 1 1 1 1 1 124 1 75 1 1 0 1 1 1 1 1 2 1 14 1 1 0
query22 6.32 36% 0 111084 1.00 1.00 2 2 PATH 1711 76 1 1 1 1 1 901 1 802 1 1 0 1 1 1 1 1 2 1 66 1 1 0
query26 3.95 54% 0 74516 1.00 1.00 5 5 HYBRID 78 19 1 1 1 1 1 1 1 49 1 21 0 1 1 1 1 1 1 1 2 1 9 0
query35 5.94 34% 0 102248 1.00 1.00 3 3 STAR 808 67 1 1 1 1 1 1 774 1 26 1 0 1 1 1 1 1 1 2 1 57 1 0
query36 11.56 28% 0 142788 1.00 1.00 2 2 PATH 3798 153 1 1 1 1 1 2061 1 1729 1 1 0 1 1 1 1 1 2 1 143 1 1 0
query40 1.94 49% 0 72432 1.00 1.00 4 4 HYBRID 18 13 1 1 1 1 1 5 1 5 1 1 0 1 1 1 1 1 2 1 3 1 1 0
query45 2.29 44% 0 74284 1.00 1.00 3 3 HYBRID 72 18 1 1 1 1 1 1 1 36 1 28 0 1 1 1 1 1 1 1 2 1 8 0
query52 9.03 32% 0 125572 1.00 1.00 2 2 PATH 2112 116 1 1 1 1 1 1 1 593 1 1511 0 1 1 1 1 1 1 1 106 1 2 0
query53 4.55 51% 0 76596 1.00 1.00 4 4 STAR 155 25 1 1 1 1 1 138 1 1 9 1 0 1 1 1 1 1 2 1 1 15 1 0
query54 5.40 74% 0 100684 1.00 1.00 6 6 HYBRID 671 38 1 1 1 1 1 339 1 324 1 1 0 1 1 1 1 1 2 1 28 1 1 0
query56 7.87 64% 0 113516 1.00 1.00 3 3 STAR 2819 76 1 1 1 1 1 901 1910 1 1 1 0 1 1 1 1 1 2 66 1 1 1 0
query59 215.81 22% 0 387944 1.00 1.00 3 3 STAR 1593065 2935 1 1 1 1 1 1 43785 1549272 1 1 0 1 1 1 1 1 1 2 2925 1 1 0
query68 4.12 51% 0 75788 1.00 1.00 3 3 HYBRID 120 23 1 1 108 1 1 1 4 1 1 1 0 1 1 2 1 1 1 13 1 1 1 0
query70 11.55 50% 0 120512 1.00 1.00 2 2 PATH 2112 116 1 1 1 1 1 1 1 593 1 1511 0 1 1 1 1 1 1 1 106 1 2 0
query71 14.09 48% 0 141412 1.00 1.00 3 3 HYBRID 3798 153 1 1 1 1 1 2061 1 1729 1 1 0 1 1 1 1 1 2 1 143 1 1 0
query73 4.21 41% 0 89056 1.00 1.00 3 3 STAR 510 44 1 1 1 1 1 73 429 1 1 1 0 1 1 1 1 1 34 2 1 1 1 0
query75 3.90 54% 0 75016 1.00 1.00 5 5 HYBRID 105 20 1 1 1 1 1 1 1 69 1 28 0 1 1 1 1 1 1 1 2 1 10 0
query78 5.37 39% 0 94696 1.00 1.00 3 3 STAR 702 60 1 1 1 1 1 663 1 1 31 1 0 1 1 1 1 1 2 1 1 50 1 0
query81 2.50 67% 0 85552 1.00 1.00 2 2 PATH 1296 19 1 1 1 1 1 1 1 1237 51 1 0 1 1 1 1 1 1 1 9 2 1 0
query84 14.20 47% 0 137348 1.00 1.00 3 3 STAR 2080 153 1 1 1 1 1 2061 11 1 1 1 0 1 1 1 1 1 2 143 1 1 1 0
query87 4.16 65% 0 119532 1.00 1.00 8 4 HYBRID 680 167 1 1 1 91 50 406 1 41 48 40 0 1 1 1 32 32 2 1 32 32 33 0
query88 2.07 60% 0 81520 1.00 1.00 3 3 STAR 606 15 1 1 1 1 1 1 1 588 10 1 0 1 1 1 1 1 1 1 5 2 1 0
query93 3.19 83% 0 95540 1.00 1.00 3 3 HYBRID 3291 24 1 1 1 1 1 124 1 3159 1 1 0 1 1 1 1 1 2 1 14 1 1 0
query97 6.53 66% 0 101564 1.00 1.00 3 3 STAR 677 55 1 1 1 1 1 1 1 593 76 1 0 1 1 1 1 1 1 1 2 45 1 0
