query1 29.69 24% 0 147812 1.00 1.00 0 3 HYBRID 3818 173 1 1 1 1 1 1 1 1 1 1 1 1 1 1 1 1 1 1 1 1 1 1 1 1729 1 1 1 1 2061 1 0 1 1 1 1 1 1 1 1 1 1 1 1 1 1 1 1 1 1 1 1 1 1 1 143 1 1 1 1 2 1 0
query3 11.59 40% 0 106700 1.00 1.00 0 3 STAR 939 66 1 1 1 1 1 456 1 1 1 1 1 1 1 1 1 1 1 1 1 1 1 1 1 1 1 1 455 1 1 1 0 1 1 1 1 1 2 1 1 1 1 1 1 1 1 1 1 1 1 1 1 1 1 1 1 1 1 36 1 1 1 0
query4 10.57 42% 0 105440 1.00 1.00 0 3 STAR 939 66 1 1 1 1 1 456 1 1 1 1 1 1 1 1 1 1 1 1 1 1 1 1 1 1 1 1 455 1 1 1 0 1 1 1 1 1 2 1 1 1 1 1 1 1 1 1 1 1 1 1 1 1 1 1 1 1 1 36 1 1 1 0
query6 11.47 44% 0 107372 1.00 1.00 0 3 STAR 939 66 1 1 1 1 1 456 1 1 1 1 1 1 1 1 1 1 1 1 1 1 1 1 1 1 1 1 455 1 1 1 0 1 1 1 1 1 2 1 1 1 1 1 1 1 1 1 1 1 1 1 1 1 1 1 1 1 1 36 1 1 1 0
query7 16.65 39% 0 114352 1.00 1.00 0 3 HYBRID 1167 115 1 1 1 1 1 1 1 1 1 1 1 1 1 1 1 1 529 1 1 1 24 1 1 1 1 1 1 1 1 587 0 1 1 1 1 1 1 1 1 1 1 1 1 1 1 1 1 2 1 1 1 45 1 1 1 1 1 1 1 1 41 0
query8 15.38 38% 0 118332 1.00 1.00 0 3 HYBRID 1167 115 1 1 1 1 1 1 1 1 1 1 1 1 1 1 1 1 529 1 1 1 24 1 1 1 1 1 1 1 1 587 0 1 1 1 1 1 1 1 1 1 1 1 1 1 1 1 1 2 1 1 1 45 1 1 1 1 1 1 1 1 41 0
query9 15.70 40% 0 115496 1.00 1.00 0 3 HYBRID 1167 115 1 1 1 1 1 1 1 1 1 1 1 1 1 1 1 1 529 1 1 1 24 1 1 1 1 1 1 1 1 587 0 1 1 1 1 1 1 1 1 1 1 1 1 1 1 1 1 2 1 1 1 45 1 1 1 1 1 1 1 1 41 0
query10 13.12 104% 0 80840 1.00 1.00 0 2 STAR 69 42 1 1 1 1 1 1 1 1 1 15 1 1 1 1 1 1 1 1 1 2 1 1 1 13 1 8 2 2 4 1 0 1 1 1 1 1 1 1 1 1 2 1 1 1 1 1 1 1 1 1 2 1 1 1 7 1 2 2 2 2 1 0
query11 14.86 39% 0 116276 1.00 1.00 0 3 HYBRID 1167 115 1 1 1 1 1 1 1 1 1 1 1 1 1 1 1 1 529 1 1 1 24 1 1 1 1 1 1 1 1 587 0 1 1 1 1 1 1 1 1 1 1 1 1 1 1 1 1 2 1 1 1 45 1 1 1 1 1 1 1 1 41 0
query12 20.28 37% 0 144164 1.00 1.00 0 3 HYBRID 3818 173 1 1 1 1 1 1 1 1 1 1 1 1 1 1 1 1 1 1 1 1 1 1 1 1729 1 1 1 1 2061 1 0 1 1 1 1 1 1 1 1 1 1 1 1 1 1 1 1 1 1 1 1 1 1 1 143 1 1 1 1 2 1 0
query13 16.62 38% 0 135648 1.00 1.00 0 2 PATH 2132 136 1 1 1 1 1 1 1 1 1 1 1 1 1 1 1 1 1 1 1 1 1 1 1 593 1 1 1 1 1 1511 0 1 1 1 1 1 1 1 1 1 1 1 1 1 1 1 1 1 1 1 1 1 1 1 106 1 1 1 1 1 2 0
query14 19.99 40% 0 142964 1.00 1.00 0 3 HYBRID 3818 173 1 1 1 1 1 1 1 1 1 1 1 1 1 1 1 1 1 1 1 1 1 1 1 1729 1 1 1 1 2061 1 0 1 1 1 1 1 1 1 1 1 1 1 1 1 1 1 1 1 1 1 1 1 1 1 143 1 1 1 1 2 1 0
query15 14.55 42% 0 120932 1.00 1.00 0 2 STAR 2839 96 1 1 1 1 1 1 1 1 1 1 1 1 1 1 1 1 1 1 1 1 1 1 1 1 1910 1 901 1 1 1 0 1 1 1 1 1 1 1 1 1 1 1 1 1 1 1 1 1 1 1 1 1 1 1 1 66 1 2 1 1 1 0
query16 14.37 45% 0 120248 1.00 1.00 0 2 PATH 1731 96 1 1 1 1 1 1 1 1 1 1 1 1 1 1 1 1 1 1 1 1 1 1 901 1 802 1 1 1 1 1 0 1 1 1 1 1 1 1 1 1 1 1 1 1 1 1 1 1 1 1 1 1 1 2 1 66 1 1 1 1 1 0
query17 13.72 46% 0 122180 1.00 1.00 0 2 STAR 2839 96 1 1 1 1 1 1 1 1 1 1 1 1 1 1 1 1 1 1 1 1 1 1 1 1 1910 1 901 1 1 1 0 1 1 1 1 1 1 1 1 1 1 1 1 1 1 1 1 1 1 1 1 1 1 1 1 66 1 2 1 1 1 0
query18 19.80 40% 0 144124 1.00 1.00 0 3 HYBRID 3818 173 1 1 1 1 1 1 1 1 1 1 1 1 1 1 1 1 1 1 1 1 1 1 1 1729 1 1 1 1 2061 1 0 1 1 1 1 1 1 1 1 1 1 1 1 1 1 1 1 1 1 1 1 1 1 1 143 1 1 1 1 2 1 0
query19 13.68 43% 0 118072 1.00 1.00 0 2 PATH 1731 96 1 1 1 1 1 1 1 1 1 1 1 1 1 1 1 1 1 1 1 1 1 1 901 1 802 1 1 1 1 1 0 1 1 1 1 1 1 1 1 1 1 1 1 1 1 1 1 1 1 1 1 1 1 2 1 66 1 1 1 1 1 0
query20 9.00 31% 0 85640 1.00 1.00 0 2 STAR 266 43 1 1 1 1 1 1 1 1 1 1 1 1 1 1 1 1 1 1 1 1 1 1 1 1 119 1 119 1 1 1 0 1 1 1 1 1 1 1 1 1 1 1 1 1 1 1 1 1 1 1 1 1 1 1 1 2 1 13 1 1 1 0
query21 19.47 38% 0 145192 1.00 1.00 0 3 HYBRID 3818 173 1 1 1 1 1 1 1 1 1 1 1 1 1 1 1 1 1 1 1 1 1 1 1 1729 1 1 1 1 2061 1 0 1 1 1 1 1 1 1 1 1 1 1 1 1 1 1 1 1 1 1 1 1 1 1 143 1 1 1 1 2 1 0
query22 19.19 38% 0 147008 1.00 1.00 0 3 HYBRID 3818 173 1 1 1 1 1 1 1 1 1 1 1 1 1 1 1 1 1 1 1 1 1 1 1 1729 1 1 1 1 2061 1 0 1 1 1 1 1 1 1 1 1 1 1 1 1 1 1 1 1 1 1 1 1 1 1 143 1 1 1 1 2 1 0
query23 16.55 42% 0 126964 1.00 1.00 0 2 PATH 2132 136 1 1 1 1 1 1 1 1 1 1 1 1 1 1 1 1 1 1 1 1 1 1 1 593 1 1 1 1 1 1511 0 1 1 1 1 1 1 1 1 1 1 1 1 1 1 1 1 1 1 1 1 1 1 1 106 1 1 1 1 1 2 0
query24 20.18 36% 0 142636 1.00 1.00 0 4 HYBRID 1984 171 1 1 1 1 1 1 1 1 1 1 1 1 1 1 1 1 1 1 1 1 1 1 1 1 1 1 1501 1 5 451 0 1 1 1 1 1 1 1 1 1 1 1 1 1 1 1 1 1 1 1 1 1 1 1 1 1 1 2 1 36 106 0
query25 20.01 38% 0 142040 1.00 1.00 0 4 HYBRID 1984 171 1 1 1 1 1 1 1 1 1 1 1 1 1 1 1 1 1 1 1 1 1 1 1 1 1 1 1501 1 5 451 0 1 1 1 1 1 1 1 1 1 1 1 1 1 1 1 1 1 1 1 1 1 1 1 1 1 1 2 1 36 106 0
query26 19.89 38% 0 142048 1.00 1.00 0 4 HYBRID 1984 171 1 1 1 1 1 1 1 1 1 1 1 1 1 1 1 1 1 1 1 1 1 1 1 1 1 1 1501 1 5 451 0 1 1 1 1 1 1 1 1 1 1 1 1 1 1 1 1 1 1 1 1 1 1 1 1 1 1 2 1 36 106 0
query27 15.48 25% 0 152176 1.00 1.00 0 3 HYBRID 3818 173 1 1 1 1 1 1 1 1 1 1 1 1 1 1 1 1 1 1 1 1 1 1 1 1729 1 1 1 1 2061 1 0 1 1 1 1 1 1 1 1 1 1 1 1 1 1 1 1 1 1 1 1 1 1 1 143 1 1 1 1 2 1 0
query28 25.03 23% 0 154908 1.00 1.00 0 3 HYBRID 3495 241 1 1 1 1 1 1 1 1 1 1 1 1 1 1 1 1 1 1 1 1 456 1 1 1 1 1 1501 1 1 1511 0 1 1 1 1 1 1 1 1 1 1 1 1 1 1 1 1 1 1 1 1 106 1 1 1 1 1 106 1 1 2 0
query29 23.64 31% 0 157840 1.00 1.00 0 3 HYBRID 3495 241 1 1 1 1 1 1 1 1 1 1 1 1 1 1 1 1 1 1 1 1 456 1 1 1 1 1 1501 1 1 1511 0 1 1 1 1 1 1 1 1 1 1 1 1 1 1 1 1 1 1 1 1 106 1 1 1 1 1 106 1 1 2 0
query30 24.48 31% 0 159140 1.00 1.00 0 3 HYBRID 3495 241 1 1 1 1 1 1 1 1 1 1 1 1 1 1 1 1 1 1 1 1 456 1 1 1 1 1 1501 1 1 1511 0 1 1 1 1 1 1 1 1 1 1 1 1 1 1 1 1 1 1 1 1 106 1 1 1 1 1 106 1 1 2 0
query31 9.03 32% 0 85448 1.00 1.00 0 2 STAR 227 44 1 1 1 1 1 1 1 1 1 1 1 1 1 1 1 1 1 1 1 1 1 1 1 1 1 1 75 1 1 124 0 1 1 1 1 1 1 1 1 1 1 1 1 1 1 1 1 1 1 1 1 1 1 1 1 1 1 14 1 1 2 0
query32 9.45 37% 0 85112 1.00 1.00 0 2 STAR 227 44 1 1 1 1 1 1 1 1 1 1 1 1 1 1 1 1 1 1 1 1 1 1 1 1 1 1 75 1 1 124 0 1 1 1 1 1 1 1 1 1 1 1 1 1 1 1 1 1 1 1 1 1 1 1 1 1 1 14 1 1 2 0
query33 16.56 41% 0 128120 1.00 1.00 0 2 PATH 2132 136 1 1 1 1 1 1 1 1 1 1 1 1 1 1 1 1 1 1 1 1 1 1 1 593 1 1 1 1 1 1511 0 1 1 1 1 1 1 1 1 1 1 1 1 1 1 1 1 1 1 1 1 1 1 1 106 1 1 1 1 1 2 0
query34 10.10 42% 0 97928 1.00 1.00 0 4 STAR 248 54 1 1 1 1 1 1 1 1 1 1 1 1 1 1 1 1 1 1 1 1 1 8 1 1 1 201 12 1 1 1 0 1 1 1 1 1 1 1 1 1 1 1 1 1 1 1 1 1 1 1 1 1 6 1 1 1 2 19 1 1 1 0
query35 8.98 32% 0 85576 1.00 1.00 0 2 STAR 227 44 1 1 1 1 1 1 1 1 1 1 1 1 1 1 1 1 1 1 1 1 1 1 1 1 1 1 75 1 1 124 0 1 1 1 1 1 1 1 1 1 1 1 1 1 1 1 1 1 1 1 1 1 1 1 1 1 1 14 1 1 2 0
query36 9.19 34% 0 85864 1.00 1.00 0 2 STAR 227 44 1 1 1 1 1 1 1 1 1 1 1 1 1 1 1 1 1 1 1 1 1 1 1 1 1 1 75 1 1 124 0 1 1 1 1 1 1 1 1 1 1 1 1 1 1 1 1 1 1 1 1 1 1 1 1 1 1 14 1 1 2 0
query37 9.07 33% 0 85024 1.00 1.00 0 2 STAR 227 44 1 1 1 1 1 1 1 1 1 1 1 1 1 1 1 1 1 1 1 1 1 1 1 1 1 1 75 1 1 124 0 1 1 1 1 1 1 1 1 1 1 1 1 1 1 1 1 1 1 1 1 1 1 1 1 1 1 14 1 1 2 0
query38 9.01 32% 0 85076 1.00 1.00 0 2 STAR 227 44 1 1 1 1 1 1 1 1 1 1 1 1 1 1 1 1 1 1 1 1 1 1 1 1 1 1 75 1 1 124 0 1 1 1 1 1 1 1 1 1 1 1 1 1 1 1 1 1 1 1 1 1 1 1 1 1 1 14 1 1 2 0
query39 9.10 35% 0 85664 1.00 1.00 0 2 STAR 227 44 1 1 1 1 1 1 1 1 1 1 1 1 1 1 1 1 1 1 1 1 1 1 1 1 1 1 75 1 1 124 0 1 1 1 1 1 1 1 1 1 1 1 1 1 1 1 1 1 1 1 1 1 1 1 1 1 1 14 1 1 2 0
query42 16.40 44% 0 134256 1.00 1.00 0 2 PATH 2132 136 1 1 1 1 1 1 1 1 1 1 1 1 1 1 1 1 1 1 1 1 1 1 1 593 1 1 1 1 1 1511 0 1 1 1 1 1 1 1 1 1 1 1 1 1 1 1 1 1 1 1 1 1 1 1 106 1 1 1 1 1 2 0
query43 9.39 37% 0 85556 1.00 1.00 0 2 STAR 227 44 1 1 1 1 1 1 1 1 1 1 1 1 1 1 1 1 1 1 1 1 1 1 1 1 1 1 75 1 1 124 0 1 1 1 1 1 1 1 1 1 1 1 1 1 1 1 1 1 1 1 1 1 1 1 1 1 1 14 1 1 2 0
query44 16.30 41% 0 128772 1.00 1.00 0 2 PATH 2132 136 1 1 1 1 1 1 1 1 1 1 1 1 1 1 1 1 1 1 1 1 1 1 1 593 1 1 1 1 1 1511 0 1 1 1 1 1 1 1 1 1 1 1 1 1 1 1 1 1 1 1 1 1 1 1 106 1 1 1 1 1 2 0
query45 9.24 35% 0 85080 1.00 1.00 0 2 STAR 227 44 1 1 1 1 1 1 1 1 1 1 1 1 1 1 1 1 1 1 1 1 1 1 1 1 1 1 75 1 1 124 0 1 1 1 1 1 1 1 1 1 1 1 1 1 1 1 1 1 1 1 1 1 1 1 1 1 1 14 1 1 2 0
query46 8.89 32% 0 85520 1.00 1.00 0 2 STAR 227 44 1 1 1 1 1 1 1 1 1 1 1 1 1 1 1 1 1 1 1 1 1 1 1 1 1 1 75 1 1 124 0 1 1 1 1 1 1 1 1 1 1 1 1 1 1 1 1 1 1 1 1 1 1 1 1 1 1 14 1 1 2 0
query47 8.64 34% 0 85744 1.00 1.00 0 2 STAR 227 44 1 1 1 1 1 1 1 1 1 1 1 1 1 1 1 1 1 1 1 1 1 1 1 1 1 1 75 1 1 124 0 1 1 1 1 1 1 1 1 1 1 1 1 1 1 1 1 1 1 1 1 1 1 1 1 1 1 14 1 1 2 0
query48 9.11 33% 0 85608 1.00 1.00 0 2 STAR 227 44 1 1 1 1 1 1 1 1 1 1 1 1 1 1 1 1 1 1 1 1 1 1 1 1 1 1 75 1 1 124 0 1 1 1 1 1 1 1 1 1 1 1 1 1 1 1 1 1 1 1 1 1 1 1 1 1 1 14 1 1 2 0
query49 9.06 34% 0 84792 1.00 1.00 0 2 STAR 227 44 1 1 1 1 1 1 1 1 1 1 1 1 1 1 1 1 1 1 1 1 1 1 1 1 1 1 75 1 1 124 0 1 1 1 1 1 1 1 1 1 1 1 1 1 1 1 1 1 1 1 1 1 1 1 1 1 1 14 1 1 2 0
query50 16.21 40% 0 132676 1.00 1.00 0 2 PATH 2132 136 1 1 1 1 1 1 1 1 1 1 1 1 1 1 1 1 1 1 1 1 1 1 1 593 1 1 1 1 1 1511 0 1 1 1 1 1 1 1 1 1 1 1 1 1 1 1 1 1 1 1 1 1 1 1 106 1 1 1 1 1 2 0
query51 8.96 33% 0 85212 1.00 1.00 0 2 STAR 227 44 1 1 1 1 1 1 1 1 1 1 1 1 1 1 1 1 1 1 1 1 1 1 1 1 1 1 75 1 1 124 0 1 1 1 1 1 1 1 1 1 1 1 1 1 1 1 1 1 1 1 1 1 1 1 1 1 1 14 1 1 2 0
query52 16.20 40% 0 131020 1.00 1.00 0 2 PATH 2132 136 1 1 1 1 1 1 1 1 1 1 1 1 1 1 1 1 1 1 1 1 1 1 1 593 1 1 1 1 1 1511 0 1 1 1 1 1 1 1 1 1 1 1 1 1 1 1 1 1 1 1 1 1 1 1 106 1 1 1 1 1 2 0
query53 95.04 16% 0 303588 1.00 1.00 0 5 HYBRID 13692 1307 1 1 1 1 1 1 1 1 1 1 1 1 1 1 1 1 1 1 1 1 1 1 249 1 1 1 12161 1 1255 1 0 1 1 1 1 1 1 1 1 1 1 1 1 1 1 1 1 1 1 1 1 1 1 2 1 1 1 1256 1 22 1 0
query54 99.59 20% 0 302800 1.00 1.00 0 5 HYBRID 13692 1307 1 1 1 1 1 1 1 1 1 1 1 1 1 1 1 1 1 1 1 1 1 1 249 1 1 1 12161 1 1255 1 0 1 1 1 1 1 1 1 1 1 1 1 1 1 1 1 1 1 1 1 1 1 1 2 1 1 1 1256 1 22 1 0
query56 94.14 20% 0 296608 1.00 1.00 0 5 HYBRID 13692 1307 1 1 1 1 1 1 1 1 1 1 1 1 1 1 1 1 1 1 1 1 1 1 249 1 1 1 12161 1 1255 1 0 1 1 1 1 1 1 1 1 1 1 1 1 1 1 1 1 1 1 1 1 1 1 2 1 1 1 1256 1 22 1 0
query62 98.16 26% 0 296000 1.00 1.00 0 5 HYBRID 13692 1307 1 1 1 1 1 1 1 1 1 1 1 1 1 1 1 1 1 1 1 1 1 1 249 1 1 1 12161 1 1255 1 0 1 1 1 1 1 1 1 1 1 1 1 1 1 1 1 1 1 1 1 1 1 1 2 1 1 1 1256 1 22 1 0
query73 92.79 17% 0 297564 1.00 1.00 0 5 HYBRID 13692 1307 1 1 1 1 1 1 1 1 1 1 1 1 1 1 1 1 1 1 1 1 1 1 249 1 1 1 12161 1 1255 1 0 1 1 1 1 1 1 1 1 1 1 1 1 1 1 1 1 1 1 1 1 1 1 2 1 1 1 1256 1 22 1 0
query76 19.00 37% 0 146536 1.00 1.00 0 3 HYBRID 3818 173 1 1 1 1 1 1 1 1 1 1 1 1 1 1 1 1 1 1 1 1 1 1 1 1729 1 1 1 1 2061 1 0 1 1 1 1 1 1 1 1 1 1 1 1 1 1 1 1 1 1 1 1 1 1 1 143 1 1 1 1 2 1 0
query77 19.12 40% 0 147748 1.00 1.00 0 3 HYBRID 3818 173 1 1 1 1 1 1 1 1 1 1 1 1 1 1 1 1 1 1 1 1 1 1 1 1729 1 1 1 1 2061 1 0 1 1 1 1 1 1 1 1 1 1 1 1 1 1 1 1 1 1 1 1 1 1 1 143 1 1 1 1 2 1 0
query83 93.41 17% 0 295936 1.00 1.00 0 5 HYBRID 13692 1307 1 1 1 1 1 1 1 1 1 1 1 1 1 1 1 1 1 1 1 1 1 1 249 1 1 1 12161 1 1255 1 0 1 1 1 1 1 1 1 1 1 1 1 1 1 1 1 1 1 1 1 1 1 1 2 1 1 1 1256 1 22 1 0
query90 18.80 39% 0 146116 1.00 1.00 0 3 HYBRID 3818 173 1 1 1 1 1 1 1 1 1 1 1 1 1 1 1 1 1 1 1 1 1 1 1 1729 1 1 1 1 2061 1 0 1 1 1 1 1 1 1 1 1 1 1 1 1 1 1 1 1 1 1 1 1 1 1 143 1 1 1 1 2 1 0
query92 18.78 40% 0 144496 1.00 1.00 0 3 HYBRID 3818 173 1 1 1 1 1 1 1 1 1 1 1 1 1 1 1 1 1 1 1 1 1 1 1 1729 1 1 1 1 2061 1 0 1 1 1 1 1 1 1 1 1 1 1 1 1 1 1 1 1 1 1 1 1 1 1 143 1 1 1 1 2 1 0
query93 18.27 36% 0 127396 1.00 1.00 0 3 STAR 1612 143 1 1 1 1 1 1 1 1 1 1 1 1 1 1 1 1 1 1 1 1 1 31 1 1 1 43 1 1 1 1511 0 1 1 1 1 1 1 1 1 1 1 1 1 1 1 1 1 1 1 1 1 1 8 1 1 1 106 1 1 1 2 0
query96 18.79 39% 0 147420 1.00 1.00 0 3 HYBRID 3818 173 1 1 1 1 1 1 1 1 1 1 1 1 1 1 1 1 1 1 1 1 1 1 1 1729 1 1 1 1 2061 1 0 1 1 1 1 1 1 1 1 1 1 1 1 1 1 1 1 1 1 1 1 1 1 1 143 1 1 1 1 2 1 0
