query1 17.31 45% 0 140772 1.00 1.00 4 3 HYBRID 3808 163 1 1 1 1 1 1 1 858 872 1 1 1 1 1 1 1 1 2061 1 1 0 1 1 1 1 1 1 1 72 72 1 1 1 1 1 1 1 1 2 1 1 0
query7 5.80 37% 0 76740 1.00 1.00 4 3 HYBRID 63 27 1 1 8 1 9 1 1 21 1 1 1 1 1 1 1 1 1 9 1 1 0 1 1 4 1 3 1 1 2 1 1 1 1 1 1 1 1 1 2 1 1 0
query8 5.79 37% 0 76664 1.00 1.00 4 3 HYBRID 63 27 1 1 8 1 9 1 1 21 1 1 1 1 1 1 1 1 1 9 1 1 0 1 1 4 1 3 1 1 2 1 1 1 1 1 1 1 1 1 2 1 1 0
query9 5.95 37% 0 75672 1.00 1.00 4 3 HYBRID 63 27 1 1 7 1 10 1 1 21 1 1 1 1 1 1 1 1 1 9 1 1 0 1 1 3 1 4 1 1 2 1 1 1 1 1 1 1 1 1 2 1 1 0
query11 6.07 40% 0 75424 1.00 1.00 4 3 HYBRID 63 27 1 1 8 1 9 1 1 21 1 1 1 1 1 1 1 1 1 9 1 1 0 1 1 4 1 3 1 1 2 1 1 1 1 1 1 1 1 1 2 1 1 0
query12 16.73 42% 0 143788 1.00 1.00 4 3 HYBRID 3808 163 1 1 1 1 1 1 1 858 872 1 1 1 1 1 1 1 1 2061 1 1 0 1 1 1 1 1 1 1 73 71 1 1 1 1 1 1 1 1 2 1 1 0
query14 16.47 46% 0 137672 1.00 1.00 4 3 HYBRID 3808 163 1 1 1 1 1 1 1 858 872 1 1 1 1 1 1 1 1 2061 1 1 0 1 1 1 1 1 1 1 73 71 1 1 1 1 1 1 1 1 2 1 1 0
query18 16.97 47% 0 141776 1.00 1.00 4 3 HYBRID 3808 163 1 1 1 1 1 1 1 858 872 1 1 1 1 1 1 1 1 2061 1 1 0 1 1 1 1 1 1 1 72 72 1 1 1 1 1 1 1 1 2 1 1 0
query21 16.36 42% 0 140628 1.00 1.00 4 3 HYBRID 3808 163 1 1 1 1 1 1 1 858 872 1 1 1 1 1 1 1 1 2061 1 1 0 1 1 1 1 1 1 1 73 71 1 1 1 1 1 1 1 1 2 1 1 0
query22 16.27 42% 0 143516 1.00 1.00 4 3 HYBRID 3808 163 1 1 1 1 1 1 1 858 872 1 1 1 1 1 1 1 1 2061 1 1 0 1 1 1 1 1 1 1 73 71 1 1 1 1 1 1 1 1 2 1 1 0
query24 6.77 47% 0 89296 1.00 1.00 7 4 HYBRID 223 46 1 1 22 27 2 1 4 1 1 124 1 1 28 2 1 1 1 2 1 1 0 1 1 7 5 4 1 2 1 1 2 1 1 4 2 1 1 1 6 1 3 0
query25 6.82 48% 0 89484 1.00 1.00 7 4 HYBRID 223 46 1 1 22 27 1 1 1 1 1 124 1 1 28 5 1 1 1 2 1 2 0 1 1 7 5 4 1 1 1 1 2 1 1 4 3 1 1 1 5 1 4 0
query26 6.68 47% 0 88900 1.00 1.00 7 4 HYBRID 223 46 1 1 22 27 2 1 4 1 1 124 1 1 28 2 1 1 1 2 1 1 0 1 1 7 5 4 1 2 1 1 2 1 1 4 2 1 1 1 6 1 3 0
query27 15.98 46% 0 142928 1.00 1.00 4 3 HYBRID 3808 163 1 1 1 1 1 1 1 858 872 1 1 1 1 1 1 1 1 2061 1 1 0 1 1 1 1 1 1 1 73 71 1 1 1 1 1 1 1 1 2 1 1 0
query28 6.97 70% 0 102500 1.00 1.00 4 3 HYBRID 930 56 1 1 153 1 151 1 1 1 1 1 1 1 1 456 1 1 1 154 1 1 0 1 1 15 1 11 1 1 1 1 1 1 1 1 2 1 1 1 12 1 1 0
query29 7.84 75% 0 103984 1.00 1.00 4 3 HYBRID 930 56 1 1 153 1 151 1 1 1 1 1 1 1 1 456 1 1 1 154 1 1 0 1 1 15 1 11 1 1 1 1 1 1 1 1 2 1 1 1 12 1 1 0
query30 7.27 68% 0 103276 1.00 1.00 4 3 HYBRID 930 56 1 1 152 1 151 1 1 1 1 1 1 1 1 456 1 1 1 155 1 1 0 1 1 14 1 11 1 1 1 1 1 1 1 1 2 1 1 1 13 1 1 0
query31 6.30 45% 0 80352 1.00 1.00 3 2 STAR 217 34 1 1 22 27 1 1 1 1 1 124 1 1 28 1 1 1 1 1 1 1 0 1 1 6 6 1 1 1 1 1 2 1 1 4 1 1 1 1 1 1 1 0
query32 6.35 44% 0 78408 1.00 1.00 3 2 STAR 217 34 1 1 22 27 1 1 1 1 1 124 1 1 28 1 1 1 1 1 1 1 0 1 1 7 5 1 1 1 1 1 2 1 1 4 1 1 1 1 1 1 1 0
query34 6.45 59% 0 97940 1.00 1.00 6 4 STAR 239 44 1 1 1 5 1 4 1 5 1 1 1 1 201 1 4 1 1 1 5 2 0 1 1 1 7 1 7 1 3 1 1 1 1 2 1 2 1 1 1 7 3 0
query35 6.39 45% 0 78852 1.00 1.00 3 2 STAR 217 34 1 1 22 27 1 1 1 1 1 124 1 1 28 1 1 1 1 1 1 1 0 1 1 7 5 1 1 1 1 1 2 1 1 4 1 1 1 1 1 1 1 0
query36 6.00 44% 0 79680 1.00 1.00 3 2 STAR 217 34 1 1 22 27 1 1 1 1 1 124 1 1 28 1 1 1 1 1 1 1 0 1 1 6 5 1 1 1 1 1 2 1 1 5 1 1 1 1 1 1 1 0
query37 6.22 45% 0 79876 1.00 1.00 3 2 STAR 217 34 1 1 22 27 1 1 1 1 1 124 1 1 28 1 1 1 1 1 1 1 0 1 1 6 6 1 1 1 1 1 2 1 1 4 1 1 1 1 1 1 1 0
query38 6.08 44% 0 80148 1.00 1.00 3 2 STAR 217 34 1 1 22 27 1 1 1 1 1 124 1 1 28 1 1 1 1 1 1 1 0 1 1 6 5 1 1 1 1 1 2 1 1 5 1 1 1 1 1 1 1 0
query39 6.34 45% 0 80204 1.00 1.00 3 2 STAR 217 34 1 1 22 27 1 1 1 1 1 124 1 1 28 1 1 1 1 1 1 1 0 1 1 6 5 1 1 1 1 1 2 1 1 5 1 1 1 1 1 1 1 0
query40 6.66 51% 0 78964 1.00 1.00 3 2 STAR 217 34 1 1 22 27 1 1 1 1 1 124 1 1 28 1 1 1 1 1 1 1 0 1 1 6 6 1 1 1 1 1 2 1 1 4 1 1 1 1 1 1 1 0
query43 6.27 45% 0 80108 1.00 1.00 3 2 STAR 217 34 1 1 22 27 1 1 1 1 1 124 1 1 28 1 1 1 1 1 1 1 0 1 1 7 5 1 1 1 1 1 2 1 1 4 1 1 1 1 1 1 1 0
query45 5.78 45% 0 78484 1.00 1.00 3 2 STAR 217 34 1 1 22 27 1 1 1 1 1 124 1 1 28 1 1 1 1 1 1 1 0 1 1 7 5 1 1 1 1 1 2 1 1 4 1 1 1 1 1 1 1 0
query46 6.21 45% 0 79064 1.00 1.00 3 2 STAR 217 34 1 1 22 27 1 1 1 1 1 124 1 1 28 1 1 1 1 1 1 1 0 1 1 6 6 1 1 1 1 1 2 1 1 4 1 1 1 1 1 1 1 0
query47 5.76 46% 0 79408 1.00 1.00 3 2 STAR 217 34 1 1 22 27 1 1 1 1 1 124 1 1 28 1 1 1 1 1 1 1 0 1 1 6 6 1 1 1 1 1 2 1 1 4 1 1 1 1 1 1 1 0
query48 6.02 44% 0 79360 1.00 1.00 3 2 STAR 217 34 1 1 22 27 1 1 1 1 1 124 1 1 28 1 1 1 1 1 1 1 0 1 1 7 5 1 1 1 1 1 2 1 1 4 1 1 1 1 1 1 1 0
query49 5.93 45% 0 79232 1.00 1.00 3 2 STAR 217 34 1 1 22 27 1 1 1 1 1 124 1 1 28 1 1 1 1 1 1 1 0 1 1 6 5 1 1 1 1 1 2 1 1 5 1 1 1 1 1 1 1 0
query51 6.29 46% 0 79256 1.00 1.00 3 2 STAR 217 34 1 1 22 27 1 1 1 1 1 124 1 1 28 1 1 1 1 1 1 1 0 1 1 7 5 1 1 1 1 1 2 1 1 4 1 1 1 1 1 1 1 0
query53 123.36 14% 0 324500 1.00 1.00 6 5 HYBRID 15211 1758 1 1 1 1 1 1 3117 1 1264 1 5042 1 1649 4124 1 1 1 1 1 1 0 1 1 1 1 1 1 33 1 1649 1 29 1 2 30 1 1 1 1 1 1 0
query54 114.72 8% 0 323392 1.00 1.00 6 5 HYBRID 15211 1758 1 1 1 1 1 1 3077 1 1264 1 5049 1 1649 4157 1 1 1 1 1 1 0 1 1 1 1 1 1 33 1 1649 1 30 1 2 29 1 1 1 1 1 1 0
query55 122.30 15% 0 315616 1.00 1.00 6 5 HYBRID 15211 1758 1 1 1 1 1 1 3150 1 1264 1 5042 1 1649 4091 1 1 1 1 1 1 0 1 1 1 1 1 1 34 1 1649 1 29 1 2 29 1 1 1 1 1 1 0
query56 122.36 16% 0 311656 1.00 1.00 6 5 HYBRID 15211 1758 1 1 1 1 1 1 3150 1 1264 1 5042 1 1649 4091 1 1 1 1 1 1 0 1 1 1 1 1 1 34 1 1649 1 29 1 2 29 1 1 1 1 1 1 0
query57 113.48 9% 0 320976 1.00 1.00 6 5 HYBRID 15211 1758 1 1 1 1 1 1 3143 1 1264 1 5049 1 1649 4091 1 1 1 1 1 1 0 1 1 1 1 1 1 33 1 1649 1 30 1 2 29 1 1 1 1 1 1 0
query58 121.27 15% 0 322956 1.00 1.00 6 5 HYBRID 15211 1758 1 1 1 1 1 1 3117 1 1264 1 5042 1 1649 4124 1 1 1 1 1 1 0 1 1 1 1 1 1 33 1 1649 1 29 1 2 30 1 1 1 1 1 1 0
query59 122.06 16% 0 317444 1.00 1.00 6 5 HYBRID 15211 1758 1 1 1 1 1 1 3143 1 1264 1 5049 1 1649 4091 1 1 1 1 1 1 0 1 1 1 1 1 1 33 1 1649 1 30 1 2 29 1 1 1 1 1 1 0
query60 113.63 9% 0 321244 1.00 1.00 6 5 HYBRID 15211 1758 1 1 1 1 1 1 3143 1 1264 1 5042 1 1649 4098 1 1 1 1 1 1 0 1 1 1 1 1 1 33 1 1649 1 29 1 2 30 1 1 1 1 1 1 0
query61 112.83 8% 0 323260 1.00 1.00 6 5 HYBRID 15211 1758 1 1 1 1 1 1 3143 1 1264 1 5049 1 1649 4091 1 1 1 1 1 1 0 1 1 1 1 1 1 33 1 1649 1 30 1 2 29 1 1 1 1 1 1 0
query62 121.57 15% 0 315504 1.00 1.00 6 5 HYBRID 15211 1758 1 1 1 1 1 1 3143 1 1264 1 5049 1 1649 4091 1 1 1 1 1 1 0 1 1 1 1 1 1 33 1 1649 1 30 1 2 29 1 1 1 1 1 1 0
query63 121.44 16% 0 314104 1.00 1.00 6 5 HYBRID 15211 1758 1 1 1 1 1 1 3117 1 1264 1 5042 1 1649 4124 1 1 1 1 1 1 0 1 1 1 1 1 1 33 1 1649 1 29 1 2 30 1 1 1 1 1 1 0
query64 121.32 15% 0 318296 1.00 1.00 6 5 HYBRID 15211 1758 1 1 1 1 1 1 3143 1 1264 1 5049 1 1649 4091 1 1 1 1 1 1 0 1 1 1 1 1 1 33 1 1649 1 30 1 2 29 1 1 1 1 1 1 0
query65 120.90 15% 0 327172 1.00 1.00 6 5 HYBRID 15211 1758 1 1 1 1 1 1 3084 1 1264 1 5042 1 1649 4157 1 1 1 1 1 1 0 1 1 1 1 1 1 34 1 1649 1 29 1 2 29 1 1 1 1 1 1 0
query66 120.46 14% 0 322580 1.00 1.00 6 5 HYBRID 15211 1758 1 1 1 1 1 1 3150 1 1264 1 5042 1 1649 4091 1 1 1 1 1 1 0 1 1 1 1 1 1 34 1 1649 1 29 1 2 29 1 1 1 1 1 1 0
query67 118.24 12% 0 317896 1.00 1.00 6 5 HYBRID 15211 1758 1 1 1 1 1 1 3117 1 1264 1 5042 1 1649 4124 1 1 1 1 1 1 0 1 1 1 1 1 1 33 1 1649 1 29 1 2 30 1 1 1 1 1 1 0
query68 121.10 15% 0 324752 1.00 1.00 6 5 HYBRID 15211 1758 1 1 1 1 1 1 3150 1 1264 1 5042 1 1649 4091 1 1 1 1 1 1 0 1 1 1 1 1 1 34 1 1649 1 29 1 2 29 1 1 1 1 1 1 0
query69 120.00 11% 0 328312 1.00 1.00 6 5 HYBRID 15211 1758 1 1 1 1 1 1 3077 1 1264 1 5042 1 1649 4164 1 1 1 1 1 1 0 1 1 1 1 1 1 34 1 1649 1 29 1 2 29 1 1 1 1 1 1 0
query70 121.22 16% 0 314344 1.00 1.00 6 5 HYBRID 15211 1758 1 1 1 1 1 1 3084 1 1264 1 5042 1 1649 4157 1 1 1 1 1 1 0 1 1 1 1 1 1 34 1 1649 1 29 1 2 29 1 1 1 1 1 1 0
query71 120.56 14% 0 315592 1.00 1.00 6 5 HYBRID 15211 1758 1 1 1 1 1 1 3150 1 1264 1 5042 1 1649 4091 1 1 1 1 1 1 0 1 1 1 1 1 1 34 1 1649 1 29 1 2 29 1 1 1 1 1 1 0
query72 121.56 15% 0 321388 1.00 1.00 6 5 HYBRID 15211 1758 1 1 1 1 1 1 3150 1 1264 1 5042 1 1649 4091 1 1 1 1 1 1 0 1 1 1 1 1 1 34 1 1649 1 29 1 2 29 1 1 1 1 1 1 0
query73 121.17 15% 0 317124 1.00 1.00 6 5 HYBRID 15211 1758 1 1 1 1 1 1 3143 1 1264 1 5049 1 1649 4091 1 1 1 1 1 1 0 1 1 1 1 1 1 33 1 1649 1 30 1 2 29 1 1 1 1 1 1 0
query74 121.25 15% 0 317924 1.00 1.00 6 5 HYBRID 15211 1758 1 1 1 1 1 1 3117 1 1264 1 5075 1 1649 4091 1 1 1 1 1 1 0 1 1 1 1 1 1 33 1 1649 1 30 1 2 29 1 1 1 1 1 1 0
query75 121.37 15% 0 324404 1.00 1.00 6 5 HYBRID 15211 1758 1 1 1 1 1 1 3147 1 1264 1 5042 1 1649 4094 1 1 1 1 1 1 0 1 1 1 1 1 1 33 1 1649 1 29 1 2 30 1 1 1 1 1 1 0
query76 16.00 48% 0 144304 1.00 1.00 4 3 HYBRID 3808 163 1 1 1 1 1 1 1 858 872 1 1 1 1 1 1 1 1 2061 1 1 0 1 1 1 1 1 1 1 73 71 1 1 1 1 1 1 1 1 2 1 1 0
query77 15.62 46% 0 140988 1.00 1.00 4 3 HYBRID 3808 163 1 1 1 1 1 1 1 858 872 1 1 1 1 1 1 1 1 2061 1 1 0 1 1 1 1 1 1 1 73 71 1 1 1 1 1 1 1 1 2 1 1 0
query78 121.18 15% 0 314796 1.00 1.00 6 5 HYBRID 15211 1758 1 1 1 1 1 1 3150 1 1264 1 5042 1 1649 4091 1 1 1 1 1 1 0 1 1 1 1 1 1 34 1 1649 1 29 1 2 29 1 1 1 1 1 1 0
query79 121.40 16% 0 313876 1.00 1.00 6 5 HYBRID 15211 1758 1 1 1 1 1 1 3117 1 1264 1 5075 1 1649 4091 1 1 1 1 1 1 0 1 1 1 1 1 1 33 1 1649 1 30 1 2 29 1 1 1 1 1 1 0
query80 121.29 15% 0 312272 1.00 1.00 6 5 HYBRID 15211 1758 1 1 1 1 1 1 3143 1 1264 1 5049 1 1649 4091 1 1 1 1 1 1 0 1 1 1 1 1 1 33 1 1649 1 30 1 2 29 1 1 1 1 1 1 0
query81 114.92 13% 0 317816 1.00 1.00 6 5 HYBRID 15211 1758 1 1 1 1 1 1 3117 1 1264 1 5075 1 1649 4091 1 1 1 1 1 1 0 1 1 1 1 1 1 33 1 1649 1 30 1 2 29 1 1 1 1 1 1 0
query82 113.41 8% 0 313368 1.00 1.00 6 5 HYBRID 15211 1758 1 1 1 1 1 1 3117 1 1264 1 5042 1 1649 4124 1 1 1 1 1 1 0 1 1 1 1 1 1 33 1 1649 1 29 1 2 30 1 1 1 1 1 1 0
query83 117.35 11% 0 324480 1.00 1.00 6 5 HYBRID 15211 1758 1 1 1 1 1 1 3143 1 1264 1 5042 1 1649 4098 1 1 1 1 1 1 0 1 1 1 1 1 1 33 1 1649 1 29 1 2 30 1 1 1 1 1 1 0
query84 120.92 15% 0 324592 1.00 1.00 6 5 HYBRID 15211 1758 1 1 1 1 1 1 3081 1 1264 1 5042 1 1649 4160 1 1 1 1 1 1 0 1 1 1 1 1 1 33 1 1649 1 29 1 2 30 1 1 1 1 1 1 0
query85 121.22 15% 0 315432 1.00 1.00 6 5 HYBRID 15211 1758 1 1 1 1 1 1 3143 1 1264 1 5049 1 1649 4091 1 1 1 1 1 1 0 1 1 1 1 1 1 33 1 1649 1 30 1 2 29 1 1 1 1 1 1 0
query86 121.37 15% 0 314800 1.00 1.00 6 5 HYBRID 15211 1758 1 1 1 1 1 1 3117 1 1264 1 5042 1 1649 4124 1 1 1 1 1 1 0 1 1 1 1 1 1 33 1 1649 1 29 1 2 30 1 1 1 1 1 1 0
query87 121.46 15% 0 313944 1.00 1.00 6 5 HYBRID 15211 1758 1 1 1 1 1 1 3150 1 1264 1 5042 1 1649 4091 1 1 1 1 1 1 0 1 1 1 1 1 1 34 1 1649 1 29 1 2 29 1 1 1 1 1 1 0
query88 119.86 14% 0 314520 1.00 1.00 6 5 HYBRID 15211 1758 1 1 1 1 1 1 3150 1 1264 1 5042 1 1649 4091 1 1 1 1 1 1 0 1 1 1 1 1 1 34 1 1649 1 29 1 2 29 1 1 1 1 1 1 0
query89 115.09 9% 0 321176 1.00 1.00 6 5 HYBRID 15211 1758 1 1 1 1 1 1 3117 1 1264 1 5075 1 1649 4091 1 1 1 1 1 1 0 1 1 1 1 1 1 33 1 1649 1 30 1 2 29 1 1 1 1 1 1 0
query90 21.70 22% 0 139056 1.00 1.00 4 3 HYBRID 3808 163 1 1 1 1 1 1 1 858 872 1 1 1 1 1 1 1 1 2061 1 1 0 1 1 1 1 1 1 1 73 71 1 1 1 1 1 1 1 1 2 1 1 0
query91 133.88 13% 0 325404 1.00 1.00 6 5 HYBRID 15211 1758 1 1 1 1 1 1 3143 1 1264 1 5042 1 1649 4098 1 1 1 1 1 1 0 1 1 1 1 1 1 33 1 1649 1 29 1 2 30 1 1 1 1 1 1 0
query92 21.64 36% 0 140884 1.00 1.00 4 3 HYBRID 3808 163 1 1 1 1 1 1 1 858 872 1 1 1 1 1 1 1 1 2061 1 1 0 1 1 1 1 1 1 1 73 71 1 1 1 1 1 1 1 1 2 1 1 0
query93 11.98 19% 0 75880 1.00 1.00 4 3 STAR 79 28 1 1 1 1 14 1 1 1 1 1 1 1 1 1 1 1 1 18 1 30 0 1 1 1 1 6 1 1 1 1 1 1 1 1 1 1 1 1 3 1 2 0
query94 127.00 8% 0 321536 1.00 1.00 6 5 HYBRID 15211 1758 1 1 1 1 1 1 3117 1 1264 1 5075 1 1649 4091 1 1 1 1 1 1 0 1 1 1 1 1 1 33 1 1649 1 30 1 2 29 1 1 1 1 1 1 0
query95 242.43 9% 0 316664 1.00 1.00 6 5 HYBRID 15211 1758 1 1 1 1 1 1 3143 1 1264 1 5042 1 1649 4098 1 1 1 1 1 1 0 1 1 1 1 1 1 33 1 1649 1 29 1 2 30 1 1 1 1 1 1 0
query96 20.58 34% 0 140216 1.00 1.00 4 3 HYBRID 3808 163 1 1 1 1 1 1 1 858 872 1 1 1 1 1 1 1 1 2061 1 1 0 1 1 1 1 1 1 1 72 72 1 1 1 1 1 1 1 1 2 1 1 0
query97 127.05 14% 0 322816 1.00 1.00 6 5 HYBRID 15211 1758 1 1 1 1 1 1 3084 1 1264 1 5042 1 1649 4157 1 1 1 1 1 1 0 1 1 1 1 1 1 34 1 1649 1 29 1 2 29 1 1 1 1 1 1 0
query98 126.16 14% 0 316152 1.00 1.00 6 5 HYBRID 15211 1758 1 1 1 1 1 1 3143 1 1264 1 5042 1 1649 4098 1 1 1 1 1 1 0 1 1 1 1 1 1 33 1 1649 1 29 1 2 30 1 1 1 1 1 1 0
query99 126.55 14% 0 323480 1.00 1.00 6 5 HYBRID 15211 1758 1 1 1 1 1 1 3051 1 1264 1 5075 1 1649 4157 1 1 1 1 1 1 0 1 1 1 1 1 1 33 1 1649 1 30 1 2 29 1 1 1 1 1 1 0
query100 125.20 14% 0 314124 1.00 1.00 6 5 HYBRID 15211 1758 1 1 1 1 1 1 3150 1 1264 1 5042 1 1649 4091 1 1 1 1 1 1 0 1 1 1 1 1 1 34 1 1649 1 29 1 2 29 1 1 1 1 1 1 0
