query1 5.00 29% 0 86356 1.00 1.00 8 5 HYBRID 63 43 1 1 1 1 1 1 1 1 1 1 1 3 2 1 5 2 2 1 3 1 1 1 3 1 1 1 4 1 4 15 0 1 1 1 1 1 1 1 1 1 1 1 2 2 1 3 2 4 1 2 1 1 1 2 1 1 1 2 1 2 2 0
query2 8.06 47% 0 147692 1.00 1.00 4 3 HYBRID 3818 173 1 1 1 1 1 1 1 1 1 1 1 1 1 1 1 1 534 1 611 1 1 1 1 586 1 1 1 1 2061 1 0 1 1 1 1 1 1 1 1 1 1 1 1 1 1 1 1 48 1 49 1 1 1 1 48 1 1 1 1 2 1 0
query3 6.31 43% 0 117352 1.00 1.00 5 3 HYBRID 1168 115 1 1 1 1 1 1 1 1 1 1 1 1 1 191 1 1 529 1 6 8 12 1 1 1 1 1 1 1 199 200 0 1 1 1 1 1 1 1 1 1 1 1 1 1 14 1 1 2 1 16 15 16 1 1 1 1 1 1 1 14 15 0
query4 85.95 9% 0 296028 1.00 1.00 6 5 HYBRID 13821 1315 1 1 1 1 1 1 1 1 1 1 1 577 1 1 1 1 1 1 1 1 1 1 249 1 1 1 12281 1 688 1 0 1 1 1 1 1 1 1 1 1 1 1 12 1 1 1 1 1 1 1 1 1 1 2 1 1 1 1264 1 11 1 0
query5 5.28 42% 0 96244 1.00 1.00 5 3 HYBRID 690 54 1 1 1 1 1 1 1 1 1 1 1 1 3 53 1 1 1 1 1 1 1 241 1 1 367 1 1 1 1 1 0 1 1 1 1 1 1 1 1 1 1 1 1 7 2 1 1 1 1 1 1 1 2 1 1 2 1 9 8 1 1 0
query6 5.98 25% 0 90452 1.00 1.00 6 5 HYBRID 65 55 1 1 1 1 1 1 1 1 1 4 1 1 1 1 1 1 1 4 1 1 6 1 16 10 1 1 1 1 1 1 0 1 1 1 1 1 1 1 1 1 2 1 1 1 1 1 1 1 2 1 1 2 1 2 22 1 1 1 1 1 1 0
query7 5.55 42% 0 106952 1.00 1.00 4 3 STAR 940 66 1 1 1 1 1 456 1 1 1 1 1 1 1 1 1 154 154 1 1 1 1 1 1 1 1 1 150 1 1 1 0 1 1 1 1 1 2 1 1 1 1 1 1 1 1 1 12 12 1 1 1 1 1 1 1 1 1 14 1 1 1 0
query8 9.09 41% 0 161876 1.00 1.00 5 3 HYBRID 3495 241 1 1 1 1 1 157 1 1 1 1 1 1 1 1 1 390 493 1 1 156 145 1 1 1 1 1 620 1 1 1511 0 1 1 1 1 1 36 1 1 1 1 1 1 1 1 1 36 36 1 1 36 36 1 1 1 1 1 36 1 1 2 0
query9 9.74 40% 0 162480 1.00 1.00 9 6 HYBRID 3107 227 1 1 347 1 1 1 1 1 1 109 123 1 1 111 1 1 1 1 1 1 1 1 170 1 1726 1 1 172 327 1 0 1 1 61 1 1 1 1 1 1 17 17 1 1 18 1 1 1 1 1 1 1 1 15 1 2 1 1 14 61 1 0
query10 13.31 20% 0 123220 1.00 1.00 6 5 HYBRID 273 171 1 1 1 11 1 1 1 1 1 1 1 1 1 1 1 22 1 75 1 1 9 1 1 1 1 1 1 1 1 131 0 1 1 1 4 1 1 1 1 1 1 1 1 1 1 1 5 1 131 1 1 4 1 1 1 1 1 1 1 1 2 0
query11 5.49 42% 0 108380 1.00 1.00 3 2 STAR 1145 71 1 1 1 1 1 1 1 1 1 1 1 1 1 191 1 1 529 1 1 1 1 1 1 1 1 1 1 1 200 199 0 1 1 1 1 1 1 1 1 1 1 1 1 1 14 1 1 2 1 1 1 1 1 1 1 1 1 1 1 15 14 0
query12 6.00 47% 0 121660 1.00 1.00 8 5 HYBRID 957 104 1 1 1 101 105 1 1 11 1 1 1 1 1 1 95 1 1 142 1 1 1 1 11 158 1 1 312 1 1 1 0 1 1 1 10 9 1 1 12 1 1 1 1 1 1 9 1 1 12 1 1 1 1 14 14 1 1 2 1 1 1 0
query13 4.54 30% 0 83136 1.00 1.00 2 2 STAR 324 31 1 1 1 1 1 1 1 1 1 1 1 1 1 1 1 1 1 1 1 1 1 1 1 1 1 1 1 1 295 1 0 1 1 1 1 1 1 1 1 1 1 1 1 1 1 1 1 1 1 1 1 1 1 1 1 1 1 1 1 2 1 0
query14 298.66 6% 0 509568 1.00 1.00 7 7 HYBRID 64763 4502 1 1 1 1 1 1 1 1 1 1 1 1 665 1 1 1 1 1 1 1 1 1 1 210 1 1 1 1 63861 1 0 1 1 1 1 1 1 1 1 1 1 1 1 210 1 1 1 1 1 1 1 1 1 1 4263 1 1 1 1 2 1 0
query15 5.86 42% 0 113464 1.00 1.00 3 2 STAR 1745 82 1 1 319 1 1 1 1 1 1 1 1 1 1 1 1 1 1 1 1 1 1 306 1 1 1 1 1 1 700 394 0 1 1 17 1 1 1 1 1 1 1 1 1 1 1 1 1 1 1 1 1 1 18 1 1 1 1 1 1 2 19 0
query16 14.45 144% 0 385772 1.00 1.00 4 3 STAR 1554371 374 1 1 1 1 5071 1 1 1 1 1 1 1 1 516879 514942 1 1 1 1 1 1 1 1 1 517453 1 1 1 1 1 0 1 1 1 1 2 1 1 1 1 1 1 1 1 115 115 1 1 1 1 1 1 1 1 1 116 1 1 1 1 1 0
query17 5.16 43% 0 105940 1.00 1.00 7 5 STAR 617 75 1 1 1 26 24 1 16 1 1 251 1 1 1 87 1 1 1 1 1 1 1 1 1 1 1 1 1 1 100 90 0 1 1 1 8 8 1 10 1 1 2 1 1 1 8 1 1 1 1 1 1 1 1 1 1 1 1 1 1 8 8 0
query18 5.14 34% 0 96632 1.00 1.00 3 2 PATH 272 52 1 1 1 1 1 1 1 1 1 1 1 1 3 1 1 1 1 1 1 1 1 241 1 1 1 1 1 1 1 1 0 1 1 1 1 1 1 1 1 1 1 1 1 7 1 1 1 1 1 1 1 1 2 1 1 1 1 8 9 1 1 0
query19 4.95 35% 0 94736 1.00 1.00 6 4 STAR 195 51 1 1 1 1 1 1 1 81 1 1 1 1 1 27 1 1 1 1 1 1 5 2 1 1 1 1 1 1 34 22 0 1 1 1 1 1 1 1 2 1 1 1 1 1 5 1 1 4 1 1 1 4 5 1 1 1 1 1 1 4 4 0
query20 47.92 20% 0 362524 1.00 1.00 7 6 HYBRID 20571 1302 1 1 1 1 737 1 1 1 1 1 1 1 1 1 806 1 1 1 1 1 1 1 1 1 1 1 1 1 19001 1 0 1 1 1 1 637 1 1 1 1 1 1 1 1 1 636 1 1 1 1 1 1 1 1 1 1 1 1 1 2 1 0
query21 4.85 32% 0 91228 1.00 1.00 3 2 STAR 227 44 1 1 1 1 1 1 1 26 1 1 1 1 30 1 1 1 1 1 1 1 1 1 1 1 1 1 21 1 1 124 0 1 1 1 1 1 1 1 6 1 1 1 1 5 1 1 1 1 1 1 1 1 1 1 1 1 1 5 1 1 2 0
query22 6.37 47% 0 119188 1.00 1.00 3 2 PATH 1731 96 1 1 1 288 1 1 1 1 1 1 1 1 1 1 1 1 1 1 1 1 1 1 901 259 257 1 1 1 1 1 0 1 1 1 23 1 1 1 1 1 1 1 1 1 1 1 1 1 1 1 1 1 1 2 22 23 1 1 1 1 1 0
query23 4.44 27% 0 77768 1.00 1.00 2 2 STAR 103 31 1 1 1 1 1 1 1 1 1 1 1 1 1 1 1 1 1 1 1 1 1 1 1 1 1 1 1 1 1 74 0 1 1 1 1 1 1 1 1 1 1 1 1 1 1 1 1 1 1 1 1 1 1 1 1 1 1 1 1 1 2 0
query25 4.66 41% 0 100184 1.00 1.00 2 2 PATH 1459 31 1 1 1 1430 1 1 1 1 1 1 1 1 1 1 1 1 1 1 1 1 1 1 1 1 1 1 1 1 1 1 0 1 1 1 2 1 1 1 1 1 1 1 1 1 1 1 1 1 1 1 1 1 1 1 1 1 1 1 1 1 1 0
query26 9.11 24% 0 106632 1.00 1.00 6 5 HYBRID 192 109 1 1 1 1 34 1 1 75 1 1 1 1 1 1 36 1 1 1 1 1 1 1 1 1 1 1 21 1 1 1 0 1 1 1 1 6 1 1 2 1 1 1 1 1 1 6 1 1 1 1 1 1 1 1 1 1 1 69 1 1 1 0
query27 17.43 32% 0 269408 1.00 1.00 6 4 HYBRID 13012 597 1 1 1 1571 1 1 1 1 1 1 1 3768 1 1 1 1531 1 1 1 1 1536 1 1 1 1 1 1 1 3528 1054 0 1 1 1 165 1 1 1 1 1 1 1 39 1 1 1 164 1 1 1 1 165 1 1 1 1 1 1 1 38 2 0
query28 4.76 29% 0 79744 1.00 1.00 4 3 STAR 62 38 1 1 1 1 1 1 1 1 1 1 1 1 1 1 1 1 1 1 1 1 2 1 1 1 1 1 1 1 32 1 0 1 1 1 1 1 1 1 1 1 1 1 1 1 1 1 1 3 1 1 1 3 4 1 1 1 1 1 1 2 1 0
query29 8.84 47% 0 177692 1.00 1.00 8 5 HYBRID 3960 268 1 1 1 212 247 204 1 1 1 1 1 1 1 1 130 929 1081 1 1 187 192 1 1 1 1 1 627 1 1 131 0 1 1 1 5 6 60 1 1 1 1 1 1 1 1 5 15 15 1 1 61 62 1 1 1 1 1 17 1 1 2 0
query30 5.10 38% 0 100340 1.00 1.00 6 4 STAR 411 59 1 1 1 1 1 34 1 1 1 34 1 1 1 1 1 1 1 1 1 1 1 35 1 1 1 135 1 1 76 73 0 1 1 1 1 1 5 1 1 1 6 1 1 1 1 1 1 1 1 1 1 1 6 1 1 1 2 1 1 8 8 0
query32 7.14 48% 0 134052 1.00 1.00 3 2 PATH 3030 136 1 1 1 1 1 1 1 1 1 1 1 1 1 1 1 499 501 1 1 1 1 1 1 1 1 1 503 1 1 1501 0 1 1 1 1 1 1 1 1 1 1 1 1 1 1 1 35 36 1 1 1 1 1 1 1 1 1 37 1 1 2 0
query33 4.66 35% 0 86176 1.00 1.00 2 2 PATH 537 31 1 1 1 1 1 1 1 1 1 1 1 1 1 1 1 1 508 1 1 1 1 1 1 1 1 1 1 1 1 1 0 1 1 1 1 1 1 1 1 1 1 1 1 1 1 1 1 2 1 1 1 1 1 1 1 1 1 1 1 1 1 0
query34 4.76 29% 0 81276 1.00 1.00 8 2 STAR 69 42 1 1 1 1 1 1 1 1 1 15 1 1 1 1 1 1 1 1 1 2 1 1 1 13 1 8 2 2 4 1 0 1 1 1 1 1 1 1 1 1 2 1 1 1 1 1 1 1 1 4 2 1 1 1 4 1 2 2 2 2 1 0
query35 4.83 32% 0 89276 1.00 1.00 5 3 STAR 150 47 20 1 1 1 1 14 1 1 1 14 1 1 1 1 1 7 1 1 1 1 1 9 1 1 1 1 62 1 1 1 0 4 1 1 1 1 3 1 1 1 5 1 1 1 1 1 3 1 1 1 1 1 4 3 1 1 1 2 1 1 1 0
query36 7.88 46% 0 149520 1.00 1.00 3 2 PATH 3818 173 1 1 1 1 1 1 1 1 1 1 1 1 1 1 1 1 534 1 611 1 1 1 1 586 1 1 1 1 2061 1 0 1 1 1 1 1 1 1 1 1 1 1 1 1 1 1 1 49 1 48 1 1 1 1 48 1 1 1 1 2 1 0
query37 5.21 41% 0 104824 1.00 1.00 8 5 HYBRID 520 73 1 38 1 1 13 1 1 7 1 13 1 17 1 1 1 1 19 19 45 1 1 1 1 14 1 1 1 1 1 315 0 1 9 1 1 9 1 1 3 1 5 1 4 1 1 1 1 3 11 4 1 1 1 1 3 1 1 1 1 1 2 0
query38 33.56 12% 0 185088 1.00 1.00 8 6 HYBRID 992 505 1 1 1 1 1 1 1 97 1 1 1 124 211 1 1 199 1 1 1 103 1 1 1 1 1 1 1 1 111 124 0 1 1 1 1 1 1 1 9 1 1 1 5 5 1 1 444 1 1 1 11 1 1 1 1 1 1 1 1 6 2 0
query39 272.81 5% 0 339404 1.00 1.00 8 7 HYBRID 4472 4250 1 1 1 1 1 1 33 1 1 1 1 1 1 1 1430 1 1 18 1 1 1 167 1 1 1 1 2775 1 25 1 0 1 1 1 1 1 1 6 1 1 1 1 1 1 1 2 1 1 6 1 1 1 2775 1 1 1 1 1430 1 7 1 0
query40 7.35 47% 0 144304 1.00 1.00 6 4 HYBRID 1985 171 5 1 1 1 1 1 1 1 1 1 1 1 1 1 1 1 1 1 1 1 1 1 159 1 162 1 1501 1 1 133 0 13 1 1 1 12 1 1 1 1 1 1 1 1 1 1 1 1 1 1 1 1 1 35 1 37 1 2 1 13 36 0
query41 7.21 30% 0 77832 1.00 1.00 3 3 STAR 72 31 1 1 1 1 1 1 1 1 1 1 1 1 1 1 1 1 1 1 1 1 1 1 1 1 1 1 1 1 43 1 0 1 1 1 1 1 1 1 1 1 1 1 1 1 1 1 1 1 1 1 1 1 1 1 1 1 1 1 1 2 1 0
query42 252.57 6% 0 426492 1.00 1.00 7 7 HYBRID 44335 3816 1 1 1 891 1 1 1 1 1 1 1 1 1 1 1 1 1 1 1 1 1 1 1 54 1 1 1 1 43363 1 0 1 1 1 2 1 1 1 1 1 1 1 1 1 1 1 1 1 1 1 1 1 1 1 2896 1 1 1 1 891 1 0
query44 5.36 44% 0 110012 1.00 1.00 4 3 HYBRID 886 64 1 1 1 139 149 1 1 1 1 1 1 1 429 1 1 1 1 1 1 1 1 143 1 1 1 1 1 1 1 1 0 1 1 1 11 12 1 1 1 1 1 1 1 2 1 1 1 1 1 1 1 1 13 1 1 1 1 1 1 1 1 0
query45 5.70 40% 0 104540 1.00 1.00 5 3 HYBRID 605 77 1 1 1 1 1 1 1 1 1 1 1 1 1 1 1 6 529 1 11 3 9 1 23 1 1 1 1 1 1 1 0 3 1 1 1 1 1 1 1 1 1 1 1 1 1 1 3 2 1 15 14 14 1 3 1 1 1 1 1 1 1 0
query46 7.93 27% 0 101308 1.00 1.00 8 7 HYBRID 138 86 1 1 1 1 1 1 1 1 1 1 1 1 1 1 1 1 1 1 1 7 9 48 1 1 1 1 48 1 1 1 0 1 1 1 1 1 1 1 1 1 1 1 1 1 1 1 1 1 1 1 5 5 2 1 1 1 1 48 1 1 1 0
query47 5.06 53% 0 102660 1.00 1.00 3 3 HYBRID 2090 31 1 1 1 1 1 1 1 1 1 1 1 1 1 1 1 1 1 1 1 1 1 1 1 1 1 1 1 1 2061 1 0 1 1 1 1 1 1 1 1 1 1 1 1 1 1 1 1 1 1 1 1 1 1 1 1 1 1 1 1 2 1 0
query48 4.82 48% 0 100576 1.00 1.00 2 2 STAR 2090 31 1 1 1 1 1 1 1 1 1 1 1 1 1 1 1 1 1 1 1 1 1 1 1 1 1 1 1 1 2061 1 0 1 1 1 1 1 1 1 1 1 1 1 1 1 1 1 1 1 1 1 1 1 1 1 1 1 1 1 1 2 1 0
query49 7.16 51% 0 139660 1.00 1.00 5 4 HYBRID 3030 136 1 1 1 1 1 1 1 1 1 1 1 1 1 1 1 499 502 1 1 1 1 1501 1 1 1 1 502 1 1 1 0 1 1 1 1 1 1 1 1 1 1 1 1 1 1 1 35 37 1 1 1 1 2 1 1 1 1 36 1 1 1 0
query51 4.65 36% 0 85584 1.00 1.00 2 2 STAR 473 31 1 1 1 1 1 1 1 1 1 1 1 1 444 1 1 1 1 1 1 1 1 1 1 1 1 1 1 1 1 1 0 1 1 1 1 1 1 1 1 1 1 1 1 2 1 1 1 1 1 1 1 1 1 1 1 1 1 1 1 1 1 0
query52 7.15 51% 0 129932 1.00 1.00 3 2 PATH 2132 136 1 1 1 1 1 1 1 1 1 1 1 1 1 1 1 1 187 1 210 1 1 1 1 198 1 1 1 1 1 1511 0 1 1 1 1 1 1 1 1 1 1 1 1 1 1 1 1 35 1 36 1 1 1 1 37 1 1 1 1 1 2 0
query53 5.29 39% 0 101336 1.00 1.00 6 4 STAR 249 54 1 1 1 1 4 4 1 1 1 3 1 1 4 1 1 1 1 1 1 1 1 4 1 1 1 201 6 1 1 1 0 1 1 1 1 6 2 1 1 1 3 1 1 7 1 1 1 1 1 1 1 1 3 1 1 1 2 8 1 1 1 0
query54 63.14 11% 0 268328 1.00 1.00 7 6 HYBRID 1578 957 1 1 1 1 1 901 1 1 1 1 1 1 1 1 1 1 1 1 1 1 1 1 158 325 1 1 1 168 1 1 0 1 1 1 1 1 2 1 1 1 1 1 1 1 1 1 1 1 1 1 1 1 1 14 901 1 1 1 14 1 1 0
query55 5.79 44% 0 99552 1.00 1.00 6 4 HYBRID 389 59 1 1 1 1 9 1 1 1 1 1 1 1 12 1 19 1 27 1 37 1 1 1 249 13 1 1 1 1 1 1 0 1 1 1 1 7 1 1 1 1 1 1 1 8 1 9 1 4 1 3 1 1 1 2 3 1 1 1 1 1 1 0
query56 7.39 51% 0 140552 1.00 1.00 5 3 STAR 3739 161 1 1 1 305 1 1 1 1 1 1 1 1 1 671 591 1 1 1 1 1 1 1 304 1 650 1 901 294 1 1 0 1 1 1 23 1 1 1 1 1 1 1 1 1 22 22 1 1 1 1 1 1 1 22 1 24 1 2 23 1 1 0
query57 7.61 46% 0 122808 1.00 1.00 4 3 HYBRID 1109 106 1 1 1 1 1 1 1 1 1 1 1 1 1 1 1 1 12 1 1 1 1 16 1 1 1 1 1 1 1 1054 0 1 1 1 1 1 1 1 1 1 1 1 1 1 1 1 1 38 1 1 1 1 39 1 1 1 1 1 1 1 2 0
query58 67.54 11% 0 274564 1.00 1.00 6 6 HYBRID 1013 1007 1 1 1 1 1 1 1 1 1 901 1 1 1 1 1 1 1 1 1 1 1 1 1 1 1 1 1 1 77 8 0 1 1 1 1 1 1 1 1 1 2 1 1 1 1 1 1 1 1 1 1 1 1 1 1 1 1 1 1 901 77 0
query59 15.17 156% 0 382004 1.00 1.00 4 3 STAR 1554371 374 1 1 1 1 5071 1 1 1 1 1 1 1 1 517245 514942 1 1 1 1 1 1 1 1 1 517087 1 1 1 1 1 0 1 1 1 1 2 1 1 1 1 1 1 1 1 116 115 1 1 1 1 1 1 1 1 1 115 1 1 1 1 1 0
query60 5.71 50% 0 117256 1.00 1.00 5 3 HYBRID 906 97 1 1 1 140 149 1 1 1 7 1 1 1 429 1 1 1 1 1 1 1 1 142 1 9 1 7 1 1 1 1 0 1 1 1 12 12 1 1 1 11 1 1 1 2 1 1 1 1 1 1 1 1 12 1 13 1 12 1 1 1 1 0
query61 4.84 32% 0 90392 1.00 1.00 4 3 STAR 163 44 1 1 1 1 1 1 1 1 1 1 1 1 1 1 1 1 2 1 1 1 2 2 1 1 1 1 1 1 1 131 0 1 1 1 1 1 1 1 1 1 1 1 1 1 1 1 1 6 1 1 1 5 5 1 1 1 1 1 1 1 2 0
query62 4.54 29% 0 77292 1.00 1.00 2 2 STAR 160 31 1 1 1 1 1 1 1 1 1 1 1 1 1 1 1 1 1 1 1 1 1 1 1 1 1 1 1 1 1 131 0 1 1 1 1 1 1 1 1 1 1 1 1 1 1 1 1 1 1 1 1 1 1 1 1 1 1 1 1 1 2 0
query63 4.53 28% 0 77808 1.00 1.00 2 2 STAR 103 31 1 1 1 1 1 1 1 1 1 1 1 1 1 1 1 1 1 1 1 1 1 1 1 1 1 1 1 1 74 1 0 1 1 1 1 1 1 1 1 1 1 1 1 1 1 1 1 1 1 1 1 1 1 1 1 1 1 1 1 2 1 0
query64 7.52 31% 0 111572 1.00 1.00 7 7 HYBRID 600 83 1 1 1 1 11 1 1 1 1 1 1 1 1 1 1 1 1 1 1 1 1 1 1 4 1 1 1 1 558 1 0 1 1 1 1 2 1 1 1 1 1 1 1 1 1 1 1 1 1 1 1 1 1 1 43 1 1 1 1 11 1 0
query65 4.66 27% 0 78480 1.00 1.00 3 2 PATH 82 37 1 4 1 1 17 1 1 1 1 1 1 1 1 1 1 1 1 1 1 8 1 1 1 27 1 1 1 1 1 1 0 1 2 1 1 3 1 1 1 1 1 1 1 1 1 1 1 1 1 1 4 1 1 1 2 1 1 1 1 1 1 0
query66 1800.00 0% 0 1432 0.00 1.00 8 7 HYBRID 227070 28495 1 1 1 1 1 1 1 1 1 1 1 227041 1 1 1 1 1 1 1 1 1 1 1 1 1 1 1 1 1 1 0 1 1 1 28465 1 1 1 1 1 1 1 2 1 1 1 1 1 1 1 1 1 1 1 1 1 1 1 1 1 1 0
query67 1800.00 0% 0 1428 1.00 0.00 6 4 HYBRID 2713254 77643 1 1 1 1 5071 1 1 1 1 386300 1 1 1 517245 514942 1 1 386299 1 1 1 1 386287 1 517087 1 1 1 1 1 0 1 1 1 1 2 1 1 1 1 25758 1 1 1 116 115 1 1 25757 1 1 1 1 25757 1 115 1 1 1 1 1 0
query68 5.64 40% 0 105588 1.00 1.00 5 3 HYBRID 668 83 1 37 1 1 1 1 1 1 1 1 1 1 1 1 1 1 529 1 1 1 1 1 35 4 1 38 1 1 1 1 0 1 14 5 1 1 1 1 1 1 1 1 1 1 1 1 1 2 1 1 1 1 5 14 5 1 15 1 1 1 1 0
query70 7.07 46% 0 130248 1.00 1.00 3 2 PATH 2132 136 1 1 1 1 1 1 1 1 1 1 1 1 1 1 1 1 187 1 210 1 1 1 1 198 1 1 1 1 1 1511 0 1 1 1 1 1 1 1 1 1 1 1 1 1 1 1 1 35 1 37 1 1 1 1 36 1 1 1 1 1 2 0
query71 7.98 46% 0 151124 1.00 1.00 4 3 HYBRID 3818 173 1 1 1 1 1 1 1 1 1 1 1 1 1 1 1 1 534 1 611 1 1 1 1 586 1 1 1 1 2061 1 0 1 1 1 1 1 1 1 1 1 1 1 1 1 1 1 1 48 1 48 1 1 1 1 49 1 1 1 1 2 1 0
query72 223.93 5% 0 333392 1.00 1.00 6 5 HYBRID 6566 3589 1 1 1 1 1 202 1 1 1 1 1 1 1 1 1 1 3391 1 1 233 256 1 1 1 1 1 1 1 2459 1 0 1 1 1 1 1 56 1 1 1 1 1 1 1 1 1 1 2 1 1 58 57 1 1 1 1 1 1 1 3391 1 0
query73 5.02 38% 0 98080 1.00 1.00 4 3 STAR 302 49 1 201 1 1 1 1 1 1 1 24 1 23 28 1 1 1 1 1 1 1 1 1 1 1 1 1 1 1 1 1 0 1 2 1 1 1 1 1 1 1 6 1 8 7 1 1 1 1 1 1 1 1 1 1 1 1 1 1 1 1 1 0
query74 9.64 42% 0 164460 1.00 1.00 10 7 HYBRID 3244 243 1 1 1 435 1 75 1 420 1 1 1 1 1 1 1 1 1 1 1 90 84 1 1 1 1 412 427 1 1 1279 0 1 1 1 45 1 21 1 32 1 1 1 1 1 1 1 1 1 1 1 22 21 1 1 1 1 47 31 1 1 2 0
query75 7.55 44% 0 138784 1.00 1.00 7 5 HYBRID 1900 163 1 1 1 1430 1 1 1 1 1 1 1 137 1 1 1 1 1 1 143 1 1 13 16 1 1 1 137 1 1 1 0 1 1 1 2 1 1 1 1 1 1 1 35 1 1 1 1 1 1 34 1 1 17 17 1 1 1 34 1 1 1 0
query76 6.11 46% 0 117864 1.00 1.00 3 2 STAR 1487 96 1 1 1 1 1 174 1 1 1 179 1 1 1 1 1 1 1 1 1 1 1 194 1 1 1 1 914 1 1 1 0 1 1 1 1 1 22 1 1 1 23 1 1 1 1 1 1 1 1 1 1 1 23 1 1 1 1 2 1 1 1 0
query77 7.13 41% 0 123888 1.00 1.00 4 3 HYBRID 2020 102 1 1 1 1 1 1 1 495 1 1 502 1 1 1 996 1 1 1 1 1 1 1 1 1 1 1 1 1 1 1 0 1 1 1 1 1 1 1 37 1 1 36 1 1 1 2 1 1 1 1 1 1 1 1 1 1 1 1 1 1 1 0
query78 7.20 44% 0 134904 1.00 1.00 5 3 STAR 1612 143 1 1 1 1 1 12 1 1 16 14 1 1 1 1 1 1 1 1 1 1 1 7 1 17 1 12 1 1 1 1511 0 1 1 1 1 1 3 1 1 35 3 1 1 1 1 1 1 1 1 1 1 1 4 1 37 1 36 1 1 1 2 0
query81 4.81 40% 0 94620 1.00 1.00 3 2 PATH 1342 39 472 1 1 1 1 1 1 1 1 1 1 1 1 1 1 437 1 1 1 51 1 1 356 1 1 1 1 1 1 1 0 3 1 1 1 1 1 1 1 1 1 1 1 1 1 1 3 1 1 1 2 1 1 5 1 1 1 1 1 1 1 0
query82 7.07 44% 0 131172 1.00 1.00 3 2 STAR 1766 136 1 67 1 1 1 1 1 1 1 1 1 1 1 1 1 1 1 1 1 1 1 1 77 1 1 85 1 1 1 1511 0 1 35 1 1 1 1 1 1 1 1 1 1 1 1 1 1 1 1 1 1 1 1 37 1 1 36 1 1 1 2 0
query83 4.45 28% 0 77800 1.00 1.00 2 2 PATH 167 31 1 1 1 1 1 1 1 1 1 1 1 1 1 1 1 1 1 1 1 1 138 1 1 1 1 1 1 1 1 1 0 1 1 1 1 1 1 1 1 1 1 1 1 1 1 1 1 1 1 1 1 2 1 1 1 1 1 1 1 1 1 0
query84 9.47 36% 0 143004 1.00 1.00 4 3 STAR 2100 173 1 1 1 1 1 1 7 1 1 1 1 1 1 1 1 1 1 1 1 1 1 1 1 5 1 1 1 1 2061 1 0 1 1 1 1 1 1 72 1 1 1 1 1 1 1 1 1 1 1 1 1 1 1 1 72 1 1 1 1 2 1 0
query85 5.22 36% 0 99060 1.00 1.00 4 3 STAR 380 51 1 1 1 1 1 57 1 1 1 1 1 226 1 1 1 1 1 1 1 1 1 70 1 1 1 1 1 1 1 1 0 1 1 1 1 1 11 1 1 1 1 1 2 1 1 1 1 1 1 1 1 1 11 1 1 1 1 1 1 1 1 0
query86 6.94 51% 0 137816 1.00 1.00 3 2 STAR 4713 131 1 1 1 1 1 1 1 1 1 1 1 1 1 1 1430 1 1091 1 1095 1 1 1 1 1071 1 1 1 1 1 1 0 1 1 1 1 1 1 1 1 1 1 1 1 1 1 2 1 34 1 34 1 1 1 1 35 1 1 1 1 1 1 0
query87 7.08 56% 0 154876 1.00 1.00 16 4 HYBRID 933 270 1 1 17 124 1 7 23 1 1 58 1 1 5 1 1 1 14 1 1 127 1 1 1 104 14 7 1 1 10 406 0 1 1 12 12 1 12 21 11 1 31 1 1 21 1 1 1 11 11 1 22 1 1 1 32 13 11 11 12 12 2 0
query88 5.84 42% 0 111572 1.00 1.00 4 3 STAR 1300 78 1 1 1 1 1 1 1 1 1 1 1 1 1 1 214 1 214 1 1 1 1 1 1 1 636 1 1 1 210 1 0 1 1 1 1 1 1 1 1 1 1 1 1 1 1 16 1 16 1 1 1 1 1 1 1 2 1 1 1 18 1 0
query89 4.96 37% 0 97008 1.00 1.00 6 4 HYBRID 265 55 1 1 1 118 1 1 1 1 1 1 1 1 35 1 1 1 1 1 48 1 1 2 1 1 1 1 1 1 37 1 0 1 1 4 2 1 1 1 1 1 1 1 1 5 1 1 1 1 1 5 1 1 6 1 5 1 1 1 1 5 1 0
query90 13.00 19% 0 119200 1.00 1.00 4 4 HYBRID 257 161 1 1 1 1 1 1 1 1 1 98 1 1 1 1 1 1 1 1 1 1 1 1 1 1 1 1 1 1 1 131 0 1 1 1 1 1 1 1 1 1 131 1 1 1 1 1 1 1 1 1 1 1 1 1 1 1 1 1 1 1 2 0
query91 5.54 43% 0 105908 1.00 1.00 3 2 STAR 1185 71 1 1 1 1 1 1 1 1 1 1 1 1 218 1 1 1 529 1 1 1 204 1 1 1 1 1 1 1 1 208 0 1 1 1 1 1 1 1 1 1 1 1 1 14 1 1 1 2 1 1 1 14 1 1 1 1 1 1 1 1 15 0
query92 4.86 32% 0 88784 1.00 1.00 3 2 STAR 157 44 1 1 1 1 2 1 1 1 1 1 1 1 1 1 1 1 1 1 1 1 1 1 1 1 1 1 4 1 1 124 0 1 1 1 1 5 1 1 1 1 1 1 1 5 1 1 1 1 1 1 1 1 1 1 1 1 1 6 1 1 2 0
query93 9.70 42% 0 174328 1.00 1.00 4 3 HYBRID 6396 248 1 1 1 1059 1 1 1 1070 1 1 1 1 1 1 1 1 1 1 1 1057 1 1 3184 1 1 1 1 1 1 1 0 1 1 1 73 1 1 1 74 1 1 1 1 1 1 1 1 1 1 1 73 1 1 2 1 1 1 1 1 1 1 0
query94 4.76 48% 0 99544 1.00 1.00 2 2 STAR 2090 31 1 1 1 1 1 1 1 1 1 1 1 1 1 1 1 1 1 1 1 1 1 1 1 1 1 1 1 1 2061 1 0 1 1 1 1 1 1 1 1 1 1 1 1 1 1 1 1 1 1 1 1 1 1 1 1 1 1 1 1 2 1 0
query95 4.51 33% 0 82884 1.00 1.00 4 4 HYBRID 270 31 1 1 1 1 1 1 1 1 1 1 1 1 1 1 1 1 1 1 1 1 1 1 1 1 1 1 1 1 241 1 0 1 1 1 1 1 1 1 1 1 1 1 1 1 1 1 1 1 1 1 1 1 1 1 1 1 1 1 1 2 1 0
query96 8.30 23% 0 96696 1.00 1.00 4 4 HYBRID 88 87 1 1 1 1 1 1 1 1 1 1 1 1 1 1 1 1 1 1 3 1 1 1 1 1 1 1 57 1 1 1 0 1 1 1 1 1 1 1 1 1 1 1 1 1 1 1 1 1 1 57 1 1 1 1 1 1 1 2 1 1 1 0
query97 5.15 38% 0 100724 1.00 1.00 5 3 STAR 386 59 11 1 1 1 14 1 1 1 1 1 1 1 1 1 1 1 19 1 43 1 1 1 1 16 1 1 251 1 9 1 0 8 1 1 1 8 1 1 1 1 1 1 1 1 1 1 1 3 1 4 1 1 1 1 3 1 1 2 1 8 1 0
query98 7.18 47% 0 139172 1.00 1.00 6 4 HYBRID 2730 161 1 1 1 1 1 304 1 1 304 1 1 1 1 304 1 1 1 1 1 1 1 1 901 1 1 1 295 1 304 295 0 1 1 1 1 1 22 1 1 22 1 1 1 1 22 1 1 1 1 1 1 1 1 2 1 1 1 24 1 22 24 0
query99 1116.11 3% 0 369736 1.00 1.00 6 6 HYBRID 21231 17551 1 1 1 17521 1 1 1 1 1 1 1 1 1 1 3682 1 1 1 1 1 1 1 1 1 1 1 1 1 1 1 0 1 1 1 2 1 1 1 1 1 1 1 1 1 1 17521 1 1 1 1 1 1 1 1 1 1 1 1 1 1 1 0
query100 68.50 9% 0 271112 1.00 1.00 6 6 HYBRID 1082 1031 1 1 1 1 1 1 1 1 1 354 1 1 1 1 1 1 1 1 1 1 1 1 1 1 648 1 1 1 53 1 0 1 1 1 1 1 1 1 1 1 2 1 1 1 1 1 1 1 1 1 1 1 1 1 1 354 1 1 1 648 1 0
