query1 43.71 20% 0 318096 1.00 1.00 31 5 HYBRID 9279 1822 74 1 1 1 1 1 137 137 56 1 1 529 1342 216 529 756 529 1 1342 1 55 1 755 1 1 137 827 1 1557 288 0 280 6 6 6 6 6 7 7 25 24 6 25 162 24 25 62 7 6 162 6 24 24 61 6 6 25 334 24 162 298 0
query2 127.95 21% 0 350828 1.00 1.00 22 3 HYBRID 76236 9723 1 1 1 1 1 1 4 1 397 1 1 2061 2496 6189 73 1 16381 1 16456 1 397 436 1 16384 1 73 1 436 8249 6189 0 4 4 4 4 4 4 5 4 420 420 4 421 421 420 420 4 1400 4 1817 4 420 420 4 1401 4 420 4 420 422 420 0
query3 55.96 32% 0 354132 1.00 1.00 28 3 HYBRID 11976 5523 2 1 1 1 1 1 137 137 2 1 1 1705 1153 2220 529 2 553 1 307 307 307 1 1 25 1 137 1 1 2220 2220 0 5 4 4 4 4 4 5 5 142 141 4 744 141 141 142 5 607 4 743 606 743 141 4 606 4 142 4 141 142 141 0
query4 685.75 13% 0 451620 1.00 1.00 28 5 HYBRID 3356115 31739 1 1 7 1 1 1 1 38026 4 825 1 12675 50698 1 4 1067041 1067043 825 1 1 4 3 948 4 124 1 1105070 1 12678 124 0 6 6 7 6 6 6 174 2546 7 37 6 174 2713 6 7 7615 7616 37 174 6 7 7 38 175 7 6 10155 6 176 7 0
query5 9.33 62% 0 243472 1.00 1.00 24 3 HYBRID 21903 507 1 19 1 241 241 24 4 19 1 3 19 1 7 7005 7005 1 1 19 1 19 6 241 1 1 7005 1 7 7 1 1 0 9 9 4 5 5 63 57 9 4 5 9 4 57 9 9 4 4 9 4 9 58 5 4 4 10 10 57 63 4 4 0
query6 97.39 16% 0 346944 1.00 1.00 16 5 HYBRID 22638 4493 1 1 2980 3160 451 1 1 1 1 901 1 1 1 1 1 757 1 901 1 1 1207 451 901 5383 2404 1 145 1 2980 1 0 6 6 501 286 606 6 6 6 6 7 6 6 6 6 6 101 6 7 6 6 701 606 7 686 191 6 191 6 501 6 0
query7 56.77 24% 0 330776 1.00 1.00 11 3 STAR 23631 3380 1 4 1 1 1 3766 1 1 1 2401 1 1 1 1 1 4101 4101 1 1 1366 1366 2401 1 1 1 4 4101 1 1 1 0 4 489 4 4 4 490 4 4 4 5 4 4 4 4 4 281 281 4 4 489 489 5 4 4 4 489 282 4 4 4 0
query8 99.90 21% 0 367452 1.00 1.00 21 3 HYBRID 35733 6536 1 10 1 1 1 4747 1 1 16 2 1 600 629 1511 8 5195 5195 1 8 4747 4762 29 1 1 1 17 5195 29 1511 1511 0 4 1047 4 4 4 1047 4 4 5 5 4 5 5 5 5 400 400 4 5 1047 1048 5 4 4 4 1048 400 5 5 5 0
query9 322.06 19% 0 362600 1.00 1.00 29 6 HYBRID 334949 38026 3646 1 3064 16212 1 1702 1 1702 1 4321 7966 1 1 86941 82621 1 1 1 1 1 1 1 12961 6315 85872 1702 240 16606 3064 1 0 2604 2604 514 1044 7 2604 7 2604 7 624 3221 7 7 3221 2604 7 7 2604 7 2604 7 7 876 682 2773 2604 175 3473 514 7 0
query10 132.14 20% 0 354276 1.00 1.00 35 5 HYBRID 38382 7322 1 1 7 5095 1 1 3808 3 265 825 1 1 280 2473 4 5095 3 4632 1 1 5359 282 948 4 124 1 7 280 6283 2596 0 6 6 7 596 6 6 1029 7 176 206 6 175 175 175 176 596 7 1060 175 6 766 176 38 7 7 175 7 175 1199 176 0
query11 14.07 66% 0 325900 1.00 1.00 22 2 STAR 10986 1881 2 1 1 1 1 1 137 137 2 1 1 1681 1153 2220 529 2 529 1 1 1 1 1 1 1 1 137 1 1 2220 2220 0 4 3 3 3 3 3 4 4 141 140 3 141 140 140 141 4 4 3 140 3 140 140 3 3 3 141 3 140 140 141 0
query12 305.82 14% 0 356572 1.00 1.00 31 5 HYBRID 73226 22701 2 2 1 1439 1430 1 1 1621 1 1 1 8065 10 2 10400 1 10 4296 12361 1 10 10592 1621 4306 1 10 17035 2 2 1 0 7 1809 6 871 7 6 6 1623 6 6 6 1808 870 7 871 6 2672 297 2100 6 870 2488 1623 1162 6 870 2672 7 7 6 0
query13 33.02 58% 0 343680 1.00 1.00 19 2 STAR 27099 5517 1 1 1 1 1 1 4 1 397 1 1 2061 2496 6190 73 1 1 1 76 1 397 436 1 4 1 73 1 436 8250 6190 0 3 3 3 3 3 3 4 3 420 420 3 421 421 420 420 3 3 3 421 3 420 420 3 4 3 420 3 420 421 420 0
query14 1800.00 0% 0 1432 0.00 1.00 40 7 HYBRID 742983 96710 21907 1 1 1 21872 1 21 147421 1189 1 1 8249 156974 18616 217 1 49141 1 49377 1 1189 1306 1 49161 1 217 147421 1306 48772 18616 0 11916 8 8 8 11902 8 425 9841 1253 1253 8 1670 11503 1253 1253 8 4198 8 5860 8 1253 1253 8 4616 8 1253 9841 1254 13580 1253 0
query15 14.68 34% 0 229236 1.00 1.00 6 2 STAR 11271 525 1 1 3049 1 1 1 1 1 1 1 1 1 700 1 1 1 1 1 700 1 1 3049 1 1 1 1 1 1 700 3049 0 3 3 147 3 3 3 3 3 3 3 3 3 4 3 3 3 3 3 4 3 3 147 3 3 3 3 3 3 4 147 0
query16 1786.76 44% 0 852336 1.00 1.00 23 3 STAR 42576174 134187 1045 418 1 14030566 14030566 453 14030326 451 1 3 1396 1 42121 131491 131491 1 1 42538 1 418 3 241 1 1 131491 100 1 1045 1 1 0 57 57 4 26690 26690 58 26689 57 4 5 57 4 26689 57 57 4 4 26742 4 57 5 5 4 4 57 57 4 57 4 4 0
query17 153.07 19% 0 358944 1.00 1.00 33 5 STAR 54945 12208 1 1 1 3457 3457 7138 3457 1 1 8852 1 4073 4190 4343 1 1 7 118 1 7 1 7138 1 1 1 1 1 1 4349 4343 0 6 6 6 1193 1193 717 1193 6 269 1070 6 359 1546 269 269 6 96 1193 269 96 269 980 6 6 6 269 6 269 360 269 0
query18 8.41 51% 0 182432 1.00 1.00 12 2 PATH 783 414 1 1 1 241 241 6 4 1 1 3 1 1 7 1 1 1 1 1 1 1 6 241 1 1 1 1 7 7 1 1 0 3 3 3 4 4 57 56 3 3 4 3 3 56 3 3 3 3 3 3 3 57 4 3 3 3 3 56 56 3 3 0
query19 21.72 36% 0 302968 1.00 1.00 22 4 STAR 4122 1462 1 1 1 1 1 1 1 404 46 157 1 154 338 750 1 1 97 1 1 1 142 181 1 1 1 1 251 85 750 750 0 5 5 5 5 5 5 5 30 59 83 5 83 60 59 59 5 183 5 59 5 237 237 5 5 5 59 6 59 60 59 0
query20 1800.00 0% 0 1432 0.00 1.00 40 6 HYBRID 1709060 166680 1 1 1 1 1 1 1785 1 170 1 1 564330 564752 2998 88 1 1 1 1872 1 170 243 1 1785 1 88 1 243 567522 2998 0 7 7 7 7 7 7 27313 7 210 210 7 27505 27516 210 210 7 7 7 27517 7 210 210 7 27314 7 210 7 210 27520 210 0
query21 6.90 48% 0 121196 1.00 1.00 16 2 STAR 1167 196 1 1 7 1 1 1 1 248 4 1 1 1 246 1 4 1 3 1 1 1 4 3 124 4 124 1 252 1 4 124 0 3 3 4 3 3 3 3 35 4 3 3 3 34 3 4 3 4 3 3 3 4 4 4 4 4 3 35 3 4 4 0
query22 17.43 37% 0 273808 1.00 1.00 7 2 PATH 10083 833 1 1 1 2404 1 1 1 1 1 901 1 1 1 1 1 1 1 901 1 1 1 1 901 2404 2404 1 145 1 1 1 0 3 3 3 188 3 3 3 3 3 4 3 3 3 3 3 3 3 4 3 3 3 3 4 188 188 3 188 3 3 3 0
query23 6.94 52% 0 148292 1.00 1.00 19 2 STAR 1161 289 1 10 7 1 1 1 1 3 4 1 1 1 235 1 4 1 3 10 1 1 238 3 124 4 124 1 7 1 13 358 0 3 34 4 3 3 3 3 4 4 3 3 3 34 3 4 3 4 34 3 3 35 4 4 4 4 3 4 3 35 35 0
query25 24.49 41% 0 326288 1.00 1.00 17 2 PATH 17252 1845 2 2 1 5724 1430 1 1 4295 16 1 4295 1 1 2 1430 1 1 1 2 16 1 17 1 2 1 1 1 2 2 1 0 4 4 3 294 4 3 3 293 294 3 294 3 3 4 4 3 3 3 4 294 3 295 3 4 3 3 3 4 4 3 0
query26 304.91 14% 0 355868 1.00 1.00 34 5 HYBRID 73460 23649 2 2 1 5733 1430 1 1 5915 16 1 4295 8086 10 2 10443 1 10 1 8087 16 10 10650 1621 11 1 10 17099 2 2 1 0 7 1818 6 1163 7 6 6 1918 296 6 297 1817 872 7 873 6 2683 6 1818 297 872 2786 1628 873 6 872 2683 7 7 6 0
query27 248.14 18% 0 357308 1.00 1.00 28 4 HYBRID 475539 21167 1 1 1 9487 1 1 4 1 397 1 1 2061 142491 6189 73 9487 1 1 76 1 149878 436 1 4 1 73 1 436 8249 146184 0 5 1907 5 1401 5 5 6 5 421 421 5 422 2324 421 421 1401 5 1907 422 5 3719 422 5 6 5 421 5 422 2325 2323 0
query28 32.35 26% 0 317908 1.00 1.00 19 3 STAR 6219 1393 100 1 1 1 100 1 1 1 16 2 1 600 629 1511 8 1 10 1 8 1 25 38 1 1 1 8 1 29 1610 1511 0 400 4 4 4 400 4 4 4 5 5 4 5 5 5 5 4 28 4 5 4 29 29 4 4 4 5 4 5 401 5 0
query29 1151.35 11% 0 552376 1.00 1.00 45 5 HYBRID 436741 87246 10 1 7 6118 6118 57025 1 3 24 4 1 82 106 423 6121 81775 81777 1 10 57025 57048 24 124 4 124 1 81781 31 426 546 0 113 16472 7 113 113 16365 6 7 37 36 6 36 36 143 144 1236 1237 6 143 16365 16396 144 7 114 7 16395 1237 143 145 37 0
query30 81.23 21% 0 339280 1.00 1.00 25 4 STAR 28629 5099 1 1867 1 700 1 3780 2 1 1 3780 1 1274 1273 3040 1 1 1 1 1 1 1 3780 1868 1 1 2566 1 1 2341 2341 0 5 647 5 6 5 382 6 5 150 527 5 151 150 151 150 5 5 5 150 5 150 528 648 5 5 793 5 150 150 150 0
query32 24.94 28% 0 305452 1.00 1.00 6 2 PATH 18027 1006 1 1 1501 1 1 1 1 1 1 1 1 1 1 1 1 4500 4500 1 1 1 1 1501 1 1 1 1 4500 1 1 1501 0 3 3 4 3 3 3 3 3 3 3 3 3 3 3 3 307 307 3 3 3 3 4 3 3 3 3 308 3 3 4 0
query33 13.11 39% 0 257836 1.00 1.00 6 2 PATH 32313 460 1 1 1 1 1 1 1 1 1 1 1 1 1 1 1 10170 10762 1 593 1 1 1 1 593 1 1 10170 1 1 1 0 3 3 3 3 3 3 3 3 3 3 3 3 3 3 3 125 126 3 4 3 3 3 3 4 3 3 126 3 3 3 0
query34 5.42 42% 0 98460 1.00 1.00 18 2 STAR 216 135 1 1 10 1 1 5 14 2 1 15 1 1 3 1 1 1 40 2 37 2 1 1 1 48 8 8 2 2 4 1 0 3 3 4 3 3 4 4 4 3 4 3 3 4 3 3 3 14 4 13 4 3 3 3 14 4 4 4 4 4 3 0
query35 7.43 51% 0 156380 1.00 1.00 13 3 STAR 1290 347 226 1 1 1 62 102 1 28 1 102 28 1 62 1 1 226 1 1 1 1 37 102 226 1 10 1 62 1 1 1 0 29 4 4 4 5 20 4 29 4 20 29 4 5 4 4 29 4 4 4 4 29 21 29 4 29 4 5 4 4 4 0
query36 32.29 26% 0 323148 1.00 1.00 9 2 PATH 21771 1347 1 1 1 1 1 1 4 1 1 1 1 2061 2061 1 1 1 5185 1 5188 1 1 1 1 5188 1 1 1 1 2061 1 0 3 3 3 3 3 3 4 3 3 3 3 4 4 3 3 3 420 3 421 3 3 3 3 421 3 3 3 3 4 3 0
query37 20.17 40% 0 313484 1.00 1.00 30 5 HYBRID 24573 1543 1 69 7 1 69 1 1 132 4 130 1 130 7000 1 4 1 855 69 856 1 7000 3 124 856 124 1 7 1 4 7120 0 6 212 7 6 37 6 6 26 7 25 6 25 212 6 7 6 36 212 66 6 182 7 7 37 7 6 7 6 182 182 0
query38 407.42 11% 0 390728 1.00 1.00 41 6 HYBRID 261361 19352 1 1 18811 62581 1 1 1 56337 22 1 1 5163 5163 1 22 25033 15 18775 1 56323 6276 15 525 18 525 1 37 1 5184 525 0 7 7 1294 4803 7 7 104 3797 38 7 7 104 104 7 38 2300 38 1263 104 3766 1076 38 38 135 38 7 38 7 135 38 0
query39 383.39 12% 0 357212 1.00 1.00 39 7 HYBRID 245722 21587 8 17 53217 5724 5724 1 730 730 1 1 1 3739 1 8 5724 17740 17749 730 3746 1 1 53951 730 8 1 1 21478 8 735 53217 0 299 1165 3559 299 299 8 158 761 8 8 8 874 8 299 299 158 1024 158 1165 8 8 4603 761 300 8 8 1024 300 450 3560 0
query40 10.60 40% 0 174724 1.00 1.00 22 4 HYBRID 1545 442 19 1 7 1 19 1 1 248 4 1 1 1 246 1 4 109 111 1 1 1 4 3 124 4 124 1 360 1 22 124 0 59 5 6 5 59 5 5 37 6 5 5 5 36 5 6 13 14 5 5 5 6 6 6 6 6 5 45 5 60 6 0
query41 124.16 21% 0 347408 1.00 1.00 22 3 STAR 40491 9738 1 1 1 1 1 1 4468 1 397 1 1 2061 2496 6190 73 1 1 4465 76 1 397 436 1 4 1 73 1 436 12714 6190 0 4 4 4 4 4 4 1402 4 421 421 4 422 422 421 421 4 4 1401 422 4 421 421 4 5 4 421 4 421 1819 421 0
query42 1800.00 0% 0 1428 0.00 1.00 48 7 HYBRID 544181 87139 1 1 1 1 1 1 340 1 1 1 1 179928 179928 1 1 1 1118 1 1458 1 1 1 1 1458 1 1 1 1 179928 1 0 8 8 8 8 8 8 1671 8 8 8 8 1671 1671 8 8 8 25644 8 27313 8 8 8 8 27313 8 8 8 8 1672 8 0
query44 28.34 38% 0 329876 1.00 1.00 18 3 HYBRID 16836 2235 1 1 1 3874 3874 10 1 1 1 1724 1 1715 1715 1 1 1 7 1 1 7 10 3874 1 1 1 1 1 1 7 1 0 4 4 4 266 266 266 4 4 4 356 4 94 94 4 4 4 94 4 4 94 267 267 4 4 4 4 4 4 95 4 0
query45 15.59 47% 0 285328 1.00 1.00 22 3 HYBRID 3663 1104 416 1 1 1 1 1 137 155 2 1 19 532 1 1 529 416 532 1 82 82 145 1 415 4 46 137 1 1 1 1 0 26 4 4 4 4 4 5 26 5 4 25 143 4 4 5 26 143 4 142 142 163 4 25 142 25 5 4 4 4 4 0
query46 882.79 8% 0 403480 1.00 1.00 23 7 HYBRID 233193 42371 1 1 17308 1 1 13003 1 1 1 9601 1 1 1 1 1 47413 10207 1 1 3403 3403 26908 37207 3808 1 1 47413 1 1 13501 0 8 774 8899 8 8 1260 8 8 8 494 8 8 8 8 8 3398 693 8 8 774 774 9385 2713 7454 8 774 3398 8 8 1453 0
query47 778.42 28% 0 468740 1.00 1.00 25 3 HYBRID 757440 151335 1 1 1 1 1 1 94 1 11026 1 1 59142 71472 171514 2044 1 1 1 2137 1 11026 12331 1 94 1 2044 1 12331 230655 171514 0 4 4 4 4 4 4 422 4 11443 11443 4 11861 11861 11443 11443 4 4 4 11861 4 11443 11443 4 422 4 11443 4 11443 11861 11443 0
query48 32.85 46% 0 336000 1.00 1.00 12 2 STAR 177699 2593 1 1 1 1 1 1 93 1 1 1 1 59132 59132 1 1 1 1 1 93 1 1 1 1 93 1 1 1 1 59132 1 0 3 3 3 3 3 3 420 3 3 3 3 420 420 3 3 3 3 3 420 3 3 3 3 420 3 3 3 3 421 3 0
query49 307.19 12% 0 374840 1.00 1.00 12 4 HYBRID 190821 14053 1 1 13500 1 1 9601 1 1 1 9601 1 1 1 1 1 40499 40499 1 1 1 1 23100 1 1 1 1 40499 1 1 13500 0 5 5 1449 5 5 491 5 5 5 491 5 5 5 5 5 2709 2709 5 5 5 5 1935 5 5 5 5 2709 5 5 1450 0
query51 10.79 50% 0 228212 1.00 1.00 12 2 STAR 5313 636 1 4 1 1 1 1 1 1 1 429 1 429 1758 1 1 1 2 4 1 2 1330 1 1 1 1 1 1 1 5 1330 0 3 93 3 3 3 3 3 3 3 4 3 4 94 3 3 3 4 93 3 4 93 3 3 3 3 3 3 3 94 93 0
query52 31.30 31% 0 328260 1.00 1.00 16 2 PATH 11502 1291 1 1 1 1 1 1 1 1 16 2 1 600 629 1511 8 1 1870 1 1877 1 16 29 1 1870 1 8 1 29 1511 1511 0 3 3 3 3 3 3 3 3 4 4 3 4 4 4 4 3 399 3 400 3 4 4 3 399 3 4 3 4 4 4 0
query53 17.40 34% 0 240712 1.00 1.00 12 4 STAR 3372 733 1 801 1 1 100 216 1 1 1 216 1 1 100 1 1 1 1 1 1 1 1 216 801 1 1 801 100 1 1 1 0 5 51 5 5 130 28 5 5 5 28 5 5 130 5 5 5 5 5 5 5 5 29 51 5 5 51 130 5 5 5 0
query54 784.70 9% 0 375536 1.00 1.00 19 6 HYBRID 419802 35977 1 1 26812 81235 1 31864 1 1 22060 9805 1 1 1 1 1 1 1 1 1 1 1 9805 80434 27613 802 1 22108 80434 26812 1 0 7 7 4423 5375 7 2145 7 7 1482 670 7 7 7 7 7 7 7 7 7 7 7 670 5374 4424 8 7 1483 5374 4423 7 0
query55 22.47 34% 0 283724 1.00 1.00 22 4 HYBRID 9891 974 1 1 7 1 334 1 1 3 4 825 1 1 334 1 337 1 1999 825 1997 1 4 3 948 2000 124 1 7 1 4 124 0 5 5 6 5 174 5 5 6 6 36 5 5 174 5 175 5 76 36 75 5 6 6 37 77 6 5 6 5 6 6 0
query56 55.64 51% 0 337260 1.00 1.00 18 3 STAR 65073 7218 523 46 1 2701 1 1234 1 334 901 1 559 1 1 17182 17182 1 1 46 1 46 1 1 2701 1 17182 298 901 3223 1 1 0 549 549 4 189 4 550 4 549 5 4 549 4 4 549 549 4 4 549 4 549 4 4 189 4 549 549 5 734 4 4 0
query57 32.60 32% 0 309228 1.00 1.00 22 3 HYBRID 6729 1387 1 1 1 1 1 1 1 1 16 2 1 600 875 1511 8 1 33 1 8 1 294 61 1 1 1 8 1 29 1511 1757 0 4 15 4 4 4 4 4 4 5 5 4 5 16 5 5 4 400 15 5 4 412 401 4 4 4 5 4 5 16 16 0
query58 132.22 21% 0 333504 1.00 1.00 28 6 HYBRID 33885 6995 514 1864 3043 1 1 2701 1 1 1 3601 1 487 487 1944 1 1 1 901 1 1 1864 2701 901 3043 1 1 514 1 6849 2457 0 620 465 552 7 7 192 7 7 113 299 7 113 113 113 113 7 7 8 113 7 571 298 8 552 7 113 620 113 1116 727 0
query59 1800.00 0% 0 1432 .99 1.00 23 3 STAR 42540385 133980 1045 418 1 14011356 14022831 453 14022591 451 1 3 1396 1 41601 131468 131468 1 1 42018 1 418 3 241 1 1 131468 100 1 1045 1 1 0 56 56 4 26640 26653 57 26652 56 4 5 56 4 26653 56 56 4 4 26705 4 56 5 5 4 4 57 56 4 56 4 4 0
query60 28.03 30% 0 308152 1.00 1.00 15 3 HYBRID 5724 1448 1 1 1 1287 1287 4 1 1 181 432 1 429 429 1 1 1 2 1 1 2 4 1287 1 181 1 181 1 1 2 1 0 4 4 4 93 93 93 4 4 266 94 4 5 5 4 4 4 5 4 4 5 94 94 4 266 4 266 4 4 5 4 0
query61 14.29 44% 0 240216 1.00 1.00 29 3 STAR 2071 857 1 1 7 1 1 1 1 3 24 4 1 82 106 424 4 1 36 1 1 1 57 57 124 4 124 1 7 22 427 547 0 4 4 5 4 4 4 4 5 36 35 4 35 35 35 36 4 112 4 35 4 143 143 5 5 5 35 5 35 36 36 0
query62 7.00 74% 0 189192 1.00 1.00 26 2 STAR 1972 506 1 1 7 1 1 1 1 3 24 4 1 82 106 424 4 1 3 1 1 1 24 24 124 4 124 1 7 22 427 547 0 3 3 4 3 3 3 3 4 35 34 3 34 34 34 35 3 4 3 34 3 35 35 4 4 4 34 4 34 35 35 0
query63 30.92 27% 0 307652 1.00 1.00 16 2 STAR 6657 1291 1 1 1 1 1 1 255 1 16 2 1 600 629 1511 8 1 1 255 8 1 16 29 1 1 1 8 1 29 1765 1511 0 3 3 3 3 3 3 399 3 4 4 3 4 4 4 4 3 3 399 4 3 4 4 3 3 3 4 3 4 400 4 0
query64 1800.00 0% 0 1432 0.00 1.00 42 7 HYBRID 696018 118141 1 1 1 1 1 1 633 1 1 1 1 230654 230654 1 1 1 712 1 1344 1 1 1 1 1344 1 1 1 1 230654 1 0 8 8 8 8 8 8 11864 8 8 8 8 11864 11864 8 8 8 15587 8 27456 8 8 8 8 27457 8 8 8 8 11865 8 0
query65 5.31 39% 0 96516 1.00 1.00 6 2 PATH 342 123 1 79 27 1 79 1 1 1 1 1 1 1 1 1 1 1 1 1 1 79 1 27 1 27 1 1 1 1 1 1 0 3 13 4 3 13 3 3 3 3 3 3 3 3 3 3 3 3 3 3 13 3 4 3 4 3 3 3 3 3 3 0
query66 1800.00 0% 0 1432 0.00 1.00 56 7 HYBRID 1198906 172726 38 82 1 266413 1 1 5849 272261 3278 1 266413 86549 21709 44735 10968 38 11049 1 53874 3241 1 3241 1 1 1 5849 53839 1 44735 44735 0 713 12053 8 11854 8 8 713 12559 15238 2687 11854 15440 2687 2687 3392 713 12764 8 14736 11854 2687 14533 8 8 8 3394 12051 2687 2687 2687 0
query67 1800.00 0% 0 1428 1.00 0.00 26 4 HYBRID 1546548 77185 1045 418 1 657 657 453 417 451 1 381405 1396 1 1 131491 131491 1 1 381895 1 418 3 241 381463 1 131491 100 1 1045 1 1 0 58 58 5 24 24 59 23 58 5 25437 58 5 23 58 58 5 5 25512 5 58 6 6 25441 5 58 58 5 58 5 5 0
query68 19.05 30% 0 244680 1.00 1.00 15 3 HYBRID 3267 783 2 379 37 1 1 1 137 137 2 1 1 529 1 1 529 2 529 1 1 1 1 37 379 37 1 515 1 1 1 1 0 5 142 84 4 4 4 5 5 5 4 4 5 4 4 5 5 5 4 4 4 4 84 142 84 4 143 4 4 4 4 0
query70 30.87 28% 0 316096 1.00 1.00 16 2 PATH 11502 1291 1 1 1 1 1 1 1 1 16 2 1 600 629 1511 8 1 1870 1 1877 1 16 29 1 1870 1 8 1 29 1511 1511 0 3 3 3 3 3 3 3 3 4 4 3 4 4 4 4 3 399 3 400 3 4 4 3 399 3 4 3 4 4 4 0
query71 123.59 22% 0 353252 1.00 1.00 22 3 HYBRID 76239 9738 1 1 1 1 1 1 4 1 397 1 1 2061 2496 6190 73 1 16381 1 16456 1 397 436 1 16384 1 73 1 436 8250 6190 0 4 4 4 4 4 4 5 4 421 421 4 422 422 421 421 4 1401 4 1819 4 421 421 4 1402 4 421 4 421 422 421 0
query72 1013.81 11% 0 439592 1.00 1.00 20 5 HYBRID 402309 73815 1 1 1 1 1 55729 4756 1 1 1 1 2061 2061 1 1 66367 71551 4753 5188 55729 55729 1 1 5188 1 1 66367 1 6813 1 0 6 13284 6 6 6 13284 1048 6 6 6 6 7 7 6 6 961 1378 1047 424 13284 13284 6 6 424 6 13284 961 6 1048 6 0
query73 14.11 33% 0 202540 1.00 1.00 12 3 STAR 3909 540 1 865 1 1 649 1 1 1 1 429 1 429 429 1 1 1 2 1 1 650 1 1 217 1 1 217 1 1 2 1 0 4 142 4 4 52 4 4 4 4 5 4 5 5 4 4 4 5 4 4 53 4 4 94 4 4 94 4 4 5 4 0
query74 1800.00 0% 0 1432 .29 1.00 39 7 HYBRID 1132903 106508 1 10 325188 700 1 18523 2 6895 1432 82 1 2 11587 21381 1 1 1 10 1 18534 22269 327510 2 1 1 700 6895 2323 20691 348158 0 8 4719 21078 9 8 4567 9 472 1390 1390 8 1391 1999 1391 1390 8 8 153 1390 4571 6102 22460 9 8 8 5958 472 1390 1536 22606 0
query75 395.26 13% 0 350752 1.00 1.00 36 5 HYBRID 96534 28349 8 34 1 18649 5724 1 1 15113 46 1 12926 11254 1 7 5724 1 28 1 11261 46 1 2239 2188 7 1 1 11254 8 7 1 0 297 2896 6 1162 297 6 6 3130 871 6 872 2605 6 297 297 6 2605 6 2896 872 6 3423 2265 298 6 6 2605 297 298 6 0
query76 17.25 32% 0 246952 1.00 1.00 6 2 STAR 7665 654 1 1 1 1 1 1633 1 1 1 1633 1 1 1 1 1 914 1 1 1 1 1 1633 914 1 1 1 914 1 1 1 0 3 3 3 3 3 190 3 3 3 190 3 3 3 3 3 4 3 3 3 3 3 190 4 3 3 3 4 3 3 3 0
query77 80.80 31% 0 334748 1.00 1.00 26 3 HYBRID 44354 9680 2 2 1 5734 1430 1 1 4296 16 1 4296 1 10 2 10445 1 10 1 2 16 10 9032 1 11 1 10 9016 2 2 1 0 5 5 4 1163 5 4 4 295 295 4 295 4 871 5 872 4 871 4 5 295 871 1163 4 872 4 871 871 5 5 4 0
query78 33.44 26% 0 317100 1.00 1.00 19 3 STAR 7503 1438 1 1 1 1 1 367 1 1 186 368 1 600 629 1511 8 1 1 1 8 1 16 395 1 171 1 178 1 29 1511 1511 0 4 4 4 4 4 43 4 4 401 44 4 5 5 5 5 4 4 4 5 4 5 44 4 400 4 401 4 5 5 5 0
query81 5.79 79% 0 163588 1.00 1.00 10 2 PATH 11847 194 3761 1 1 51 1 1 1 114 1 1 64 1 1 1 1 3761 1 1 1 51 163 1 3761 1 100 1 1 1 1 1 0 17 3 3 4 3 3 3 18 3 3 17 3 3 3 3 17 3 3 3 4 18 3 18 3 18 3 3 3 3 3 0
query82 30.88 27% 0 315712 1.00 1.00 16 2 STAR 8691 1291 1 933 1 1 1 1 1 1 16 2 1 600 629 1511 8 1 1 1 8 1 16 29 933 1 1 940 1 29 1511 1511 0 3 399 3 3 3 3 3 3 4 4 3 4 4 4 4 3 3 3 4 3 4 4 399 3 3 400 3 4 4 4 0
query83 6.99 59% 0 166724 1.00 1.00 9 2 PATH 6483 286 1 16 1 144 1 1 1 1 1 1 1 1 1994 1 1 144 1 16 1 1 2137 1 1 1 1 1 1 1 16 1994 0 3 35 3 4 3 3 3 3 3 3 3 3 35 3 3 4 3 35 3 3 37 3 3 3 3 3 3 3 35 35 0
query84 5.67 59% 0 128200 1.00 1.00 22 3 STAR 390 266 1 1 1 1 1 1 2 1 1 1 1 31 31 91 1 1 1 1 1 1 1 1 1 2 1 1 1 1 120 90 0 4 4 4 4 4 4 7 4 14 14 4 16 16 15 14 4 4 4 16 4 14 14 4 7 4 14 4 14 16 15 0
query85 22.43 36% 0 304444 1.00 1.00 18 3 STAR 8229 1458 1 1 1 1 1 1459 172 172 1 1887 1 1104 429 1 676 1 677 1 1 2 1 1459 1 1 1 172 1 1 2 1 0 94 4 4 4 4 178 94 94 94 179 4 95 5 4 94 94 95 4 4 5 4 178 4 4 4 94 4 4 5 4 0
query86 24.13 31% 0 298724 1.00 1.00 14 2 STAR 33653 972 2 2 1 1430 1430 1 1 1 1 1 1 1 1 2 1430 1 9777 1 9778 1 1 2 1 9778 1 1 1 2 2 1 0 4 4 3 4 4 3 3 3 3 3 3 3 3 4 4 3 293 3 294 3 3 4 3 295 3 3 3 4 4 3 0
query87 44.92 42% 0 337784 1.00 1.00 44 4 HYBRID 20052 6110 1 1 628 3727 1 55 496 3753 58 505 1 1 19 1 58 1 396 1 1 3736 49 27 1468 787 1828 361 196 1 427 1468 0 5 5 356 258 5 324 324 609 37 324 5 5 324 5 37 5 356 324 5 577 37 37 37 356 356 324 356 324 356 37 0
query88 37.37 24% 0 328764 1.00 1.00 10 3 STAR 24231 1594 1 1 1 2356 1 1 1 1 1 1 1 1 1 1 13 1 13 1 1 1 1 1 5669 2356 8024 1 97 5669 13 1 0 4 4 4 10 4 4 4 4 4 4 4 4 4 4 5 4 5 4 4 4 4 4 486 10 492 4 11 486 5 4 0
query89 44.40 24% 0 335516 1.00 1.00 17 4 HYBRID 8994 2477 1 1 163 2125 28 1 31 1 1 1 1 4 700 2098 1 1 1 1 700 1 1 163 4 163 1 2098 1 1 700 1 0 5 5 430 186 42 5 186 5 5 5 5 149 43 149 5 5 5 42 6 5 5 430 149 430 5 149 5 5 6 5 0
query90 56.82 26% 0 340864 1.00 1.00 32 4 HYBRID 22044 4208 1 1 7 1 1 1 1 3459 265 4281 1 3457 280 2472 4 1 3 825 1 1 265 282 948 4 124 1 7 280 2475 2595 0 5 5 6 5 5 5 5 595 174 793 5 762 173 173 174 5 6 36 173 5 174 174 37 6 6 173 6 173 174 175 0
query91 14.08 49% 0 277972 1.00 1.00 15 2 STAR 9081 927 2 19 1 1 1 1 137 137 2 1 1 529 2335 1 529 2 529 19 1 1 2335 1 1 1 1 137 1 1 19 2335 0 4 141 3 3 3 3 4 4 4 3 3 4 141 3 4 4 4 141 3 3 141 3 3 3 3 4 3 3 141 141 0
query92 6.86 46% 0 121480 1.00 1.00 16 2 STAR 468 196 1 1 7 1 13 1 1 3 4 1 1 1 13 1 4 1 3 1 1 1 4 3 124 4 124 1 19 1 4 124 0 3 3 4 3 34 3 3 4 4 3 3 3 34 3 4 3 4 3 3 3 4 4 4 4 4 3 35 3 4 4 0
query93 12.55 57% 0 332080 1.00 1.00 23 3 HYBRID 95334 816 30657 1 7 403 1 1 1 783 4 1 379 1 1 1 4 30657 3 1 1 403 679 3 30780 4 421 1 7 1 4 124 0 88 4 5 35 4 4 4 120 5 4 88 4 4 4 5 88 5 4 4 35 89 5 90 5 90 4 5 4 5 5 0
query94 32.57 57% 0 352032 1.00 1.00 19 2 STAR 27094 5506 1 1 1 1 1 1 4 1 396 1 1 2061 2496 6189 73 1 1 1 76 1 396 436 1 4 1 73 1 436 8249 6189 0 3 3 3 3 3 3 4 3 419 419 3 420 420 419 419 3 3 3 420 3 419 419 3 4 3 419 3 420 420 420 0
query95 1800.00 0% 0 1428 .97 1.00 21 4 HYBRID 678737 89133 45944 1 1 1 45919 1 346 1 1 1 1 179957 179957 1 1 1 1 1 346 1 1 1 1 346 1 1 1 1 225900 1 0 26344 5 5 5 26334 5 1667 5 5 5 5 1667 1667 5 5 5 5 5 1667 5 5 5 5 1667 5 5 5 5 28010 5 0
query96 18.04 39% 0 285516 1.00 1.00 15 4 HYBRID 3045 1179 1 1 1 1 82 1 1 1 1 1 1 4 781 1 1 163 4 1 760 61 61 1 163 4 1 1 244 1 700 1 0 5 5 5 5 42 5 5 5 5 5 5 149 43 5 5 22 149 5 150 149 149 5 22 149 5 5 59 5 6 5 0
query97 9.76 41% 0 164368 1.00 1.00 9 3 STAR 3078 355 94 1 1 1 94 1 1 251 1 1 1 1 251 1 1 1 674 1 674 1 1 1 1 674 1 1 251 1 94 1 0 59 4 4 4 59 4 4 5 4 4 4 4 5 4 4 4 26 4 26 4 4 4 4 27 4 4 5 4 59 4 0
query98 158.30 27% 0 350056 1.00 1.00 22 4 HYBRID 118563 23438 1 1 1 1 1 8099 1 1 9665 3600 1 1 2478 24294 1 1 1 3600 1 1 1567 2478 3600 1 1 1 8099 2478 24294 24294 0 5 5 5 5 5 549 5 5 2172 1813 5 1628 1628 1628 1628 5 5 190 1628 5 1628 1628 191 5 5 1628 549 1628 1628 1629 0
query99 1800.00 0% 0 1428 0.00 1.00 31 6 HYBRID 1577487 110844 1045 418 1 369502 241 453 1 451 1 3 1396 1 1 131491 147659 1 16169 418 1 418 3 241 1 369262 500752 100 20242 1045 16169 1 0 60 60 7 26693 8 61 7 60 7 8 60 7 7 60 1144 7 1091 60 7 60 8 8 7 26692 26745 60 26692 60 1091 7 0
query100 424.69 11% 0 360756 1.00 1.00 28 6 HYBRID 138444 26668 649 13852 3871 802 1 3370 1 3928 1 5461 973 1 1 23584 20575 1 1 1 1 1 13852 2452 1 4672 21376 595 49 649 17722 1 0 786 5219 613 8 7 954 7 1281 7 670 786 7 7 1281 786 7 7 786 7 786 4440 175 7 614 787 786 8 786 5046 7 0
