query1 5.12 26% 0 86832 1.00 1.00 5 5 HYBRID 63 43 1 1 1 1 1 1 1 1 1 1 1 1 1 1 1 1 8 1 1 1 1 1 1 1 1 1 7 1 7 15 0 1 1 1 1 1 1 1 1 1 1 1 1 1 1 1 1 7 1 1 1 1 1 1 1 1 1 4 1 4 2 0
query2 14.48 26% 0 147800 1.00 1.00 3 3 HYBRID 3818 173 1 1 1 1 1 1 1 1 1 1 1 1 1 1 1 1 1 1 1 1 1 1 1 1729 1 1 1 1 2061 1 0 1 1 1 1 1 1 1 1 1 1 1 1 1 1 1 1 1 1 1 1 1 1 1 143 1 1 1 1 2 1 0
query3 9.13 31% 0 122732 1.00 1.00 3 3 HYBRID 1167 115 1 1 1 1 1 1 1 1 1 1 1 1 1 1 1 1 529 1 1 1 24 1 1 1 1 1 1 1 1 587 0 1 1 1 1 1 1 1 1 1 1 1 1 1 1 1 1 2 1 1 1 45 1 1 1 1 1 1 1 1 41 0
query4 85.97 8% 0 294428 1.00 1.00 5 5 HYBRID 13814 1309 1 1 1 1 1 1 1 1 1 1 1 1 1 1 1 1 1 1 1 1 1 1 249 1 1 1 12281 1 1257 1 0 1 1 1 1 1 1 1 1 1 1 1 1 1 1 1 1 1 1 1 1 1 1 2 1 1 1 1258 1 22 1 0
query5 6.15 29% 0 94724 1.00 1.00 3 3 HYBRID 272 54 1 1 1 1 1 1 1 1 1 1 1 1 1 1 1 1 1 1 1 1 1 241 1 1 1 1 1 3 1 1 0 1 1 1 1 1 1 1 1 1 1 1 1 1 1 1 1 1 1 1 1 1 2 1 1 3 1 1 22 1 1 0
query6 6.05 26% 0 90984 1.00 1.00 5 5 HYBRID 65 55 1 1 1 1 1 1 1 1 1 1 1 1 1 1 1 1 1 1 1 1 6 1 22 10 1 1 1 1 1 1 0 1 1 1 1 1 1 1 1 1 1 1 1 1 1 1 1 1 1 1 1 2 1 4 22 1 1 1 1 1 1 0
query7 7.07 33% 0 109912 1.00 1.00 3 3 STAR 939 66 1 1 1 1 1 456 1 1 1 1 1 1 1 1 1 1 1 1 1 1 1 1 1 1 1 1 455 1 1 1 0 1 1 1 1 1 2 1 1 1 1 1 1 1 1 1 1 1 1 1 1 1 1 1 1 1 1 36 1 1 1 0
query8 17.56 21% 0 159136 1.00 1.00 3 3 HYBRID 3495 241 1 1 1 1 1 1 1 1 1 1 1 1 1 1 1 1 1 1 1 1 456 1 1 1 1 1 1501 1 1 1511 0 1 1 1 1 1 1 1 1 1 1 1 1 1 1 1 1 1 1 1 1 106 1 1 1 1 1 106 1 1 2 0
query9 14.91 26% 0 156356 1.00 1.00 6 6 HYBRID 3107 227 1 1 1 1 1 1 1 1 1 1 1 1 1 341 1 1 1 1 1 1 1 1 1 1 1726 1 1 341 673 1 0 1 1 1 1 1 1 1 1 1 1 1 1 1 50 1 1 1 1 1 1 1 1 1 1 2 1 1 28 121 1 0
query10 13.41 20% 0 120392 1.00 1.00 5 5 HYBRID 273 171 1 1 1 1 1 1 1 1 1 1 1 1 1 1 1 1 1 75 1 1 40 1 1 1 1 1 1 1 1 131 0 1 1 1 1 1 1 1 1 1 1 1 1 1 1 1 1 1 131 1 1 11 1 1 1 1 1 1 1 1 2 0
query11 7.21 34% 0 106588 1.00 1.00 2 2 STAR 1144 71 1 1 1 1 1 1 1 1 1 1 1 1 1 1 1 1 529 1 1 1 1 1 1 1 1 1 1 1 1 587 0 1 1 1 1 1 1 1 1 1 1 1 1 1 1 1 1 2 1 1 1 1 1 1 1 1 1 1 1 1 41 0
query12 6.91 38% 0 115088 1.00 1.00 5 5 HYBRID 957 104 1 1 1 1 1 1 1 1 1 1 1 1 1 1 299 1 1 1 1 1 1 1 21 299 1 1 312 1 1 1 0 1 1 1 1 1 1 1 1 1 1 1 1 1 1 26 1 1 1 1 1 1 1 25 25 1 1 2 1 1 1 0
query13 4.48 31% 0 82208 1.00 1.00 2 2 STAR 324 31 1 1 1 1 1 1 1 1 1 1 1 1 1 1 1 1 1 1 1 1 1 1 1 1 1 1 1 1 295 1 0 1 1 1 1 1 1 1 1 1 1 1 1 1 1 1 1 1 1 1 1 1 1 1 1 1 1 1 1 2 1 0
query14 299.75 6% 0 483232 1.00 1.00 7 7 HYBRID 64763 4502 1 1 1 1 1 1 1 1 1 1 1 1 665 1 1 1 1 1 1 1 1 1 1 210 1 1 1 1 63861 1 0 1 1 1 1 1 1 1 1 1 1 1 1 210 1 1 1 1 1 1 1 1 1 1 4263 1 1 1 1 2 1 0
query15 8.06 30% 0 111896 1.00 1.00 2 2 STAR 1745 82 1 1 1 1 1 1 1 1 1 1 1 1 1 1 1 1 1 1 1 1 1 1 1 1 1 1 1 1 700 1017 0 1 1 1 1 1 1 1 1 1 1 1 1 1 1 1 1 1 1 1 1 1 1 1 1 1 1 1 1 2 52 0
query16 32.36 60% 0 370848 1.00 1.00 3 3 STAR 1554371 374 1 1 1 1 5071 1 1 1 1 1 1 1 1 1 1 1 1 1 1 1 1 1 1 1 1549272 1 1 1 1 1 0 1 1 1 1 2 1 1 1 1 1 1 1 1 1 1 1 1 1 1 1 1 1 1 1 344 1 1 1 1 1 0
query17 6.35 36% 0 107564 1.00 1.00 5 5 STAR 617 75 1 1 1 1 1 1 64 1 1 251 1 1 1 1 1 1 1 1 1 1 1 1 1 1 1 1 1 1 1 275 0 1 1 1 1 1 1 24 1 1 2 1 1 1 1 1 1 1 1 1 1 1 1 1 1 1 1 1 1 1 22 0
query18 5.89 28% 0 97224 1.00 1.00 2 2 PATH 272 52 1 1 1 1 1 1 1 1 1 1 1 1 1 1 1 1 1 1 1 1 1 241 1 1 1 1 1 3 1 1 0 1 1 1 1 1 1 1 1 1 1 1 1 1 1 1 1 1 1 1 1 1 2 1 1 1 1 1 22 1 1 0
query19 5.26 32% 0 93640 1.00 1.00 4 4 STAR 194 51 1 1 1 1 1 1 1 81 1 1 1 1 1 1 1 1 1 1 1 1 1 6 1 1 1 1 1 1 1 80 0 1 1 1 1 1 1 1 2 1 1 1 1 1 1 1 1 1 1 1 1 1 11 1 1 1 1 1 1 1 11 0
query20 89.71 11% 0 367408 1.00 1.00 6 6 HYBRID 20571 1302 1 1 1 1 1 1 1 1 1 1 1 1 1 1 1542 1 1 1 1 1 1 1 1 1 1 1 1 1 19001 1 0 1 1 1 1 1 1 1 1 1 1 1 1 1 1 1272 1 1 1 1 1 1 1 1 1 1 1 1 1 2 1 0
query21 5.47 27% 0 84512 1.00 1.00 2 2 STAR 227 44 1 1 1 1 1 1 1 1 1 1 1 1 1 1 1 1 1 1 1 1 1 1 1 1 1 1 75 1 1 124 0 1 1 1 1 1 1 1 1 1 1 1 1 1 1 1 1 1 1 1 1 1 1 1 1 1 1 14 1 1 2 0
query22 9.14 31% 0 117812 1.00 1.00 2 2 PATH 1731 96 1 1 1 1 1 1 1 1 1 1 1 1 1 1 1 1 1 1 1 1 1 1 901 1 802 1 1 1 1 1 0 1 1 1 1 1 1 1 1 1 1 1 1 1 1 1 1 1 1 1 1 1 1 2 1 66 1 1 1 1 1 0
query23 4.49 27% 0 78084 1.00 1.00 2 2 STAR 103 31 1 1 1 1 1 1 1 1 1 1 1 1 1 1 1 1 1 1 1 1 1 1 1 1 1 1 1 1 1 74 0 1 1 1 1 1 1 1 1 1 1 1 1 1 1 1 1 1 1 1 1 1 1 1 1 1 1 1 1 1 2 0
query25 4.71 44% 0 101972 1.00 1.00 2 2 PATH 1459 31 1 1 1 1430 1 1 1 1 1 1 1 1 1 1 1 1 1 1 1 1 1 1 1 1 1 1 1 1 1 1 0 1 1 1 2 1 1 1 1 1 1 1 1 1 1 1 1 1 1 1 1 1 1 1 1 1 1 1 1 1 1 0
query26 9.04 23% 0 107476 1.00 1.00 5 5 HYBRID 192 109 1 1 1 1 1 1 1 75 1 1 1 1 1 1 69 1 1 1 1 1 1 1 1 1 1 1 21 1 1 1 0 1 1 1 1 1 1 1 2 1 1 1 1 1 1 11 1 1 1 1 1 1 1 1 1 1 1 69 1 1 1 0
query27 40.50 15% 0 268396 1.00 1.00 4 4 HYBRID 13012 597 1 1 1 1 1 1 1 1 1 1 1 1 1 1 1 1 1 1 1 1 4636 1 1 1 1 1 1 1 7295 1054 0 1 1 1 1 1 1 1 1 1 1 1 1 1 1 1 1 1 1 1 1 492 1 1 1 1 1 1 1 76 2 0
query28 5.04 26% 0 79224 1.00 1.00 3 3 STAR 62 38 1 1 1 1 1 1 1 1 1 1 1 1 1 1 1 1 1 1 1 1 1 2 1 1 1 1 1 1 32 1 0 1 1 1 1 1 1 1 1 1 1 1 1 1 1 1 1 1 1 1 1 1 8 1 1 1 1 1 1 2 1 0
query29 16.68 22% 0 168828 1.00 1.00 5 5 HYBRID 3960 268 1 1 1 1 1 1 1 1 1 1 1 1 1 1 587 1 1 1 1 1 581 1 1 1 1 1 2635 1 1 131 0 1 1 1 1 1 1 1 1 1 1 1 1 1 1 14 1 1 1 1 1 181 1 1 1 1 1 45 1 1 2 0
query30 5.71 35% 0 101268 1.00 1.00 4 4 STAR 410 59 1 1 1 1 1 1 1 1 1 1 1 1 1 1 1 1 1 1 1 1 1 100 1 1 1 135 1 1 1 148 0 1 1 1 1 1 1 1 1 1 1 1 1 1 1 1 1 1 1 1 1 1 15 1 1 1 2 1 1 1 15 0
query32 11.73 29% 0 132900 1.00 1.00 2 2 PATH 3029 136 1 1 1 1 1 1 1 1 1 1 1 1 1 1 1 1 1 1 1 1 1 1 1 1 1 1 1500 1 1 1501 0 1 1 1 1 1 1 1 1 1 1 1 1 1 1 1 1 1 1 1 1 1 1 1 1 1 1 106 1 1 2 0
query33 4.57 33% 0 86632 1.00 1.00 2 2 PATH 537 31 1 1 1 1 1 1 1 1 1 1 1 1 1 1 1 1 508 1 1 1 1 1 1 1 1 1 1 1 1 1 0 1 1 1 1 1 1 1 1 1 1 1 1 1 1 1 1 2 1 1 1 1 1 1 1 1 1 1 1 1 1 0
query34 4.96 29% 0 82364 1.00 1.00 7 2 STAR 69 42 1 1 1 1 1 1 1 1 1 15 1 1 1 1 1 1 1 1 1 2 1 1 1 13 1 8 2 2 4 1 0 1 1 1 1 1 1 1 1 1 2 1 1 1 1 1 1 1 1 1 2 1 1 1 7 1 2 2 2 2 1 0
query35 5.22 31% 0 88208 1.00 1.00 3 3 STAR 149 47 1 1 1 1 1 1 1 1 1 1 1 1 1 1 1 1 1 1 1 1 1 34 26 1 1 1 62 1 1 1 0 1 1 1 1 1 1 1 1 1 1 1 1 1 1 1 1 1 1 1 1 1 10 8 1 1 1 2 1 1 1 0
query36 14.20 26% 0 149460 1.00 1.00 2 2 PATH 3818 173 1 1 1 1 1 1 1 1 1 1 1 1 1 1 1 1 1 1 1 1 1 1 1 1729 1 1 1 1 2061 1 0 1 1 1 1 1 1 1 1 1 1 1 1 1 1 1 1 1 1 1 1 1 1 1 143 1 1 1 1 2 1 0
query37 6.36 36% 0 106848 1.00 1.00 5 5 HYBRID 517 73 1 1 1 1 1 1 1 1 1 1 1 35 1 1 1 1 1 68 1 1 1 1 1 73 1 1 1 1 1 315 0 1 1 1 1 1 1 1 1 1 1 1 10 1 1 1 1 1 27 1 1 1 1 1 8 1 1 1 1 1 2 0
query38 33.66 12% 0 184176 1.00 1.00 6 6 HYBRID 992 505 1 1 1 1 1 1 1 1 1 1 1 1 1 1 1 199 1 1 1 199 1 1 1 1 1 1 1 1 444 124 0 1 1 1 1 1 1 1 1 1 1 1 1 1 1 1 444 1 1 1 19 1 1 1 1 1 1 1 1 14 2 0
query39 272.53 5% 0 333864 1.00 1.00 7 7 HYBRID 4472 4250 1 1 1 1 1 1 1 1 1 1 1 1 1 1 1430 1 1 1 1 1 1 167 1 1 1 1 2775 1 74 1 0 1 1 1 1 1 1 1 1 1 1 1 1 1 1 2 1 1 1 1 1 1 2775 1 1 1 1 1430 1 17 1 0
query40 12.87 27% 0 142656 1.00 1.00 4 4 HYBRID 1984 171 1 1 1 1 1 1 1 1 1 1 1 1 1 1 1 1 1 1 1 1 1 1 1 1 1 1 1501 1 5 451 0 1 1 1 1 1 1 1 1 1 1 1 1 1 1 1 1 1 1 1 1 1 1 1 1 1 1 2 1 36 106 0
query41 4.59 28% 0 77288 1.00 1.00 3 3 STAR 72 31 1 1 1 1 1 1 1 1 1 1 1 1 1 1 1 1 1 1 1 1 1 1 1 1 1 1 1 1 43 1 0 1 1 1 1 1 1 1 1 1 1 1 1 1 1 1 1 1 1 1 1 1 1 1 1 1 1 1 1 2 1 0
query42 251.37 6% 0 420180 1.00 1.00 7 7 HYBRID 44335 3816 1 1 1 891 1 1 1 1 1 1 1 1 1 1 1 1 1 1 1 1 1 1 1 54 1 1 1 1 43363 1 0 1 1 1 2 1 1 1 1 1 1 1 1 1 1 1 1 1 1 1 1 1 1 1 2896 1 1 1 1 891 1 0
query44 6.98 35% 0 107052 1.00 1.00 3 3 HYBRID 885 64 1 1 1 1 1 1 1 1 1 1 1 1 429 1 1 1 1 1 1 1 1 428 1 1 1 1 1 1 1 1 0 1 1 1 1 1 1 1 1 1 1 1 1 2 1 1 1 1 1 1 1 1 34 1 1 1 1 1 1 1 1 0
query45 7.46 32% 0 107456 1.00 1.00 3 3 HYBRID 605 77 1 1 1 1 1 1 1 1 1 1 1 1 1 1 1 1 529 1 1 1 21 1 28 1 1 1 1 1 1 1 0 1 1 1 1 1 1 1 1 1 1 1 1 1 1 1 1 2 1 1 1 41 1 7 1 1 1 1 1 1 1 0
query46 7.90 26% 0 104404 1.00 1.00 7 7 HYBRID 138 86 1 1 1 1 1 1 1 1 1 1 1 1 1 1 1 1 1 1 1 1 15 48 1 1 1 1 48 1 1 1 0 1 1 1 1 1 1 1 1 1 1 1 1 1 1 1 1 1 1 1 1 9 2 1 1 1 1 48 1 1 1 0
query47 5.13 52% 0 100488 1.00 1.00 3 3 HYBRID 2090 31 1 1 1 1 1 1 1 1 1 1 1 1 1 1 1 1 1 1 1 1 1 1 1 1 1 1 1 1 2061 1 0 1 1 1 1 1 1 1 1 1 1 1 1 1 1 1 1 1 1 1 1 1 1 1 1 1 1 1 1 2 1 0
query48 4.95 49% 0 99944 1.00 1.00 2 2 STAR 2090 31 1 1 1 1 1 1 1 1 1 1 1 1 1 1 1 1 1 1 1 1 1 1 1 1 1 1 1 1 2061 1 0 1 1 1 1 1 1 1 1 1 1 1 1 1 1 1 1 1 1 1 1 1 1 1 1 1 1 1 1 2 1 0
query49 11.83 31% 0 140604 1.00 1.00 4 4 HYBRID 3030 136 1 1 1 1 1 1 1 1 1 1 1 1 1 1 1 1 1 1 1 1 1 1501 1 1 1 1 1501 1 1 1 0 1 1 1 1 1 1 1 1 1 1 1 1 1 1 1 1 1 1 1 1 1 2 1 1 1 1 106 1 1 1 0
query51 4.66 33% 0 87404 1.00 1.00 2 2 STAR 473 31 1 1 1 1 1 1 1 1 1 1 1 1 444 1 1 1 1 1 1 1 1 1 1 1 1 1 1 1 1 1 0 1 1 1 1 1 1 1 1 1 1 1 1 2 1 1 1 1 1 1 1 1 1 1 1 1 1 1 1 1 1 0
query52 11.80 29% 0 130124 1.00 1.00 2 2 PATH 2132 136 1 1 1 1 1 1 1 1 1 1 1 1 1 1 1 1 1 1 1 1 1 1 1 593 1 1 1 1 1 1511 0 1 1 1 1 1 1 1 1 1 1 1 1 1 1 1 1 1 1 1 1 1 1 1 106 1 1 1 1 1 2 0
query53 5.93 35% 0 99608 1.00 1.00 4 4 STAR 248 54 1 1 1 1 1 1 1 1 1 1 1 1 1 1 1 1 1 1 1 1 1 8 1 1 1 201 12 1 1 1 0 1 1 1 1 1 1 1 1 1 1 1 1 1 1 1 1 1 1 1 1 1 6 1 1 1 2 19 1 1 1 0
query54 63.72 11% 0 264816 1.00 1.00 6 6 HYBRID 1578 957 1 1 1 1 1 901 1 1 1 1 1 1 1 1 1 1 1 1 1 1 1 1 1 325 1 1 1 325 1 1 0 1 1 1 1 1 2 1 1 1 1 1 1 1 1 1 1 1 1 1 1 1 1 1 901 1 1 1 27 1 1 0
query55 6.23 34% 0 103160 1.00 1.00 4 4 HYBRID 387 59 1 1 1 1 1 1 1 1 1 1 1 1 1 1 38 1 1 1 1 1 1 1 249 73 1 1 1 1 1 1 0 1 1 1 1 1 1 1 1 1 1 1 1 1 1 22 1 1 1 1 1 1 1 2 8 1 1 1 1 1 1 0
query56 12.83 33% 0 138584 1.00 1.00 3 3 STAR 3739 161 1 1 1 1 1 1 1 1 1 1 1 1 1 1 1 1 1 1 1 1 1 1 1 1 1910 1 901 901 1 1 0 1 1 1 1 1 1 1 1 1 1 1 1 1 1 1 1 1 1 1 1 1 1 1 1 66 1 2 66 1 1 0
query57 9.96 31% 0 124116 1.00 1.00 3 3 HYBRID 1109 106 1 1 1 1 1 1 1 1 1 1 1 1 1 1 1 1 1 1 1 1 1 27 1 1 1 1 1 1 1 1054 0 1 1 1 1 1 1 1 1 1 1 1 1 1 1 1 1 1 1 1 1 1 76 1 1 1 1 1 1 1 2 0
query58 68.83 12% 0 268440 1.00 1.00 6 6 HYBRID 1013 1007 1 1 1 1 1 1 1 1 1 901 1 1 1 1 1 1 1 1 1 1 1 1 1 1 1 1 1 1 77 8 0 1 1 1 1 1 1 1 1 1 2 1 1 1 1 1 1 1 1 1 1 1 1 1 1 1 1 1 1 901 77 0
query59 33.01 64% 0 334548 1.00 1.00 3 3 STAR 1554005 374 1 1 1 1 5071 1 1 1 1 1 1 1 1 1 1 1 1 1 1 1 1 1 1 1 1548906 1 1 1 1 1 0 1 1 1 1 2 1 1 1 1 1 1 1 1 1 1 1 1 1 1 1 1 1 1 1 344 1 1 1 1 1 0
query60 7.78 38% 0 115600 1.00 1.00 3 3 HYBRID 905 97 1 1 1 1 1 1 1 1 1 1 1 1 429 1 1 1 1 1 1 1 1 428 1 1 1 21 1 1 1 1 0 1 1 1 1 1 1 1 1 1 1 1 1 2 1 1 1 1 1 1 1 1 34 1 1 1 34 1 1 1 1 0
query61 5.46 28% 0 84524 1.00 1.00 3 3 STAR 163 44 1 1 1 1 1 1 1 1 1 1 1 1 1 1 1 1 1 1 1 1 1 4 1 1 1 1 1 1 1 131 0 1 1 1 1 1 1 1 1 1 1 1 1 1 1 1 1 1 1 1 1 1 14 1 1 1 1 1 1 1 2 0
query62 4.55 29% 0 78256 1.00 1.00 2 2 STAR 160 31 1 1 1 1 1 1 1 1 1 1 1 1 1 1 1 1 1 1 1 1 1 1 1 1 1 1 1 1 1 131 0 1 1 1 1 1 1 1 1 1 1 1 1 1 1 1 1 1 1 1 1 1 1 1 1 1 1 1 1 1 2 0
query63 4.47 27% 0 77460 1.00 1.00 2 2 STAR 103 31 1 1 1 1 1 1 1 1 1 1 1 1 1 1 1 1 1 1 1 1 1 1 1 1 1 1 1 1 74 1 0 1 1 1 1 1 1 1 1 1 1 1 1 1 1 1 1 1 1 1 1 1 1 1 1 1 1 1 1 2 1 0
query64 7.64 32% 0 105304 1.00 1.00 7 7 HYBRID 600 83 1 1 1 1 11 1 1 1 1 1 1 1 1 1 1 1 1 1 1 1 1 1 1 4 1 1 1 1 558 1 0 1 1 1 1 2 1 1 1 1 1 1 1 1 1 1 1 1 1 1 1 1 1 1 43 1 1 1 1 11 1 0
query65 5.07 28% 0 78208 1.00 1.00 2 2 PATH 82 37 1 1 1 1 1 1 1 1 1 1 1 1 1 1 1 1 1 1 1 27 1 1 1 27 1 1 1 1 1 1 0 1 1 1 1 1 1 1 1 1 1 1 1 1 1 1 1 1 1 1 7 1 1 1 2 1 1 1 1 1 1 0
query66 1800.00 0% 0 1428 0.00 1.00 7 7 HYBRID 227070 28408 1 1 1 1 1 1 1 1 1 1 1 227041 1 1 1 1 1 1 1 1 1 1 1 1 1 1 1 1 1 1 0 1 1 1 28378 1 1 1 1 1 1 1 2 1 1 1 1 1 1 1 1 1 1 1 1 1 1 1 1 1 1 0
query67 1800.00 0% 0 1432 1.00 0.00 4 4 HYBRID 1967228 27904 1 1 1 1 5071 1 1 1 1 1 1 1 1 1 1 1 1 1 1 1 1 1 412858 1 1549272 1 1 1 1 1 0 1 1 1 1 2 1 1 1 1 1 1 1 1 1 1 1 1 1 1 1 1 1 27531 1 344 1 1 1 1 1 0
query68 7.37 29% 0 108444 1.00 1.00 3 3 HYBRID 668 83 1 1 1 1 1 1 1 1 1 1 1 1 1 1 1 1 529 1 1 1 1 1 1 4 1 108 1 1 1 1 0 1 1 1 1 1 1 1 1 1 1 1 1 1 1 1 1 2 1 1 1 1 1 1 13 1 41 1 1 1 1 0
query70 11.71 27% 0 128004 1.00 1.00 2 2 PATH 2132 136 1 1 1 1 1 1 1 1 1 1 1 1 1 1 1 1 1 1 1 1 1 1 1 593 1 1 1 1 1 1511 0 1 1 1 1 1 1 1 1 1 1 1 1 1 1 1 1 1 1 1 1 1 1 1 106 1 1 1 1 1 2 0
query71 14.29 27% 0 146640 1.00 1.00 3 3 HYBRID 3818 173 1 1 1 1 1 1 1 1 1 1 1 1 1 1 1 1 1 1 1 1 1 1 1 1729 1 1 1 1 2061 1 0 1 1 1 1 1 1 1 1 1 1 1 1 1 1 1 1 1 1 1 1 1 1 1 143 1 1 1 1 2 1 0
query72 228.40 6% 0 336668 1.00 1.00 5 5 HYBRID 6566 3589 1 1 1 1 1 1 1 1 1 1 1 1 1 1 1 1 3391 1 1 1 689 1 1 1 1 1 1 1 2459 1 0 1 1 1 1 1 1 1 1 1 1 1 1 1 1 1 1 2 1 1 1 169 1 1 1 1 1 1 1 3391 1 0
query73 5.76 33% 0 99828 1.00 1.00 3 3 STAR 302 49 1 201 1 1 1 1 1 1 1 1 1 1 73 1 1 1 1 1 1 1 1 1 1 1 1 1 1 1 1 1 0 1 2 1 1 1 1 1 1 1 1 1 1 19 1 1 1 1 1 1 1 1 1 1 1 1 1 1 1 1 1 0
query74 15.58 26% 0 167728 1.00 1.00 7 7 HYBRID 3244 243 1 1 1 1 1 1 1 1 1 1 1 1 1 1 1 1 1 1 1 1 247 1 1 1 1 846 846 1 1 1279 0 1 1 1 1 1 1 1 1 1 1 1 1 1 1 1 1 1 1 1 1 62 1 1 1 1 91 62 1 1 2 0
query75 12.33 27% 0 140568 1.00 1.00 5 5 HYBRID 1900 163 1 1 1 1430 1 1 1 1 1 1 1 1 1 1 1 1 1 1 1 1 1 1 28 1 1 1 415 1 1 1 0 1 1 1 2 1 1 1 1 1 1 1 1 1 1 1 1 1 1 1 1 1 1 33 1 1 1 101 1 1 1 0
query76 9.04 30% 0 119896 1.00 1.00 2 2 STAR 1487 96 1 1 1 1 1 1 1 1 1 1 1 1 1 1 1 1 1 1 1 1 1 545 1 1 1 1 914 1 1 1 0 1 1 1 1 1 1 1 1 1 1 1 1 1 1 1 1 1 1 1 1 1 66 1 1 1 1 2 1 1 1 0
query77 9.42 29% 0 125348 1.00 1.00 3 3 HYBRID 2020 102 1 1 1 1 1 1 1 1 1 1 996 1 1 1 996 1 1 1 1 1 1 1 1 1 1 1 1 1 1 1 0 1 1 1 1 1 1 1 1 1 1 72 1 1 1 2 1 1 1 1 1 1 1 1 1 1 1 1 1 1 1 0
query78 11.83 27% 0 130136 1.00 1.00 3 3 STAR 1612 143 1 1 1 1 1 1 1 1 1 1 1 1 1 1 1 1 1 1 1 1 1 31 1 1 1 43 1 1 1 1511 0 1 1 1 1 1 1 1 1 1 1 1 1 1 1 1 1 1 1 1 1 1 8 1 1 1 106 1 1 1 2 0
query81 5.11 37% 0 93284 1.00 1.00 2 2 PATH 1316 39 1 1 1 1 1 1 1 1 1 1 1 1 1 1 1 1 1 1 1 51 1 1 1237 1 1 1 1 1 1 1 0 1 1 1 1 1 1 1 1 1 1 1 1 1 1 1 1 1 1 1 2 1 1 9 1 1 1 1 1 1 1 0
query82 11.57 25% 0 128372 1.00 1.00 2 2 STAR 1766 136 1 1 1 1 1 1 1 1 1 1 1 1 1 1 1 1 1 1 1 1 1 1 1 1 1 227 1 1 1 1511 0 1 1 1 1 1 1 1 1 1 1 1 1 1 1 1 1 1 1 1 1 1 1 1 1 1 106 1 1 1 2 0
query83 4.48 28% 0 78768 1.00 1.00 2 2 PATH 167 31 1 1 1 1 1 1 1 1 1 1 1 1 1 1 1 1 1 1 1 1 138 1 1 1 1 1 1 1 1 1 0 1 1 1 1 1 1 1 1 1 1 1 1 1 1 1 1 1 1 1 1 2 1 1 1 1 1 1 1 1 1 0
query84 14.15 25% 0 145616 1.00 1.00 3 3 STAR 2100 173 1 1 1 1 1 1 1 1 1 1 1 1 1 1 1 1 1 1 1 1 1 1 1 11 1 1 1 1 2061 1 0 1 1 1 1 1 1 1 1 1 1 1 1 1 1 1 1 1 1 1 1 1 1 1 143 1 1 1 1 2 1 0
query85 5.75 31% 0 98860 1.00 1.00 3 3 STAR 380 51 1 1 1 1 1 1 1 1 1 1 1 226 1 1 1 1 1 1 1 1 1 126 1 1 1 1 1 1 1 1 0 1 1 1 1 1 1 1 1 1 1 1 2 1 1 1 1 1 1 1 1 1 21 1 1 1 1 1 1 1 1 0
query86 11.42 31% 0 133300 1.00 1.00 2 2 STAR 4711 131 1 1 1 1 1 1 1 1 1 1 1 1 1 1 1430 1 1 1 1 1 1 1 1 3253 1 1 1 1 1 1 0 1 1 1 1 1 1 1 1 1 1 1 1 1 1 2 1 1 1 1 1 1 1 1 101 1 1 1 1 1 1 0
query87 7.63 46% 0 143032 1.00 1.00 9 4 HYBRID 712 235 1 1 1 1 1 1 1 1 1 57 1 1 1 1 1 1 1 1 1 141 1 1 1 1 1 40 2 1 42 406 0 1 1 1 1 1 1 1 1 1 32 1 1 1 1 1 1 1 1 1 46 1 1 1 1 1 33 33 33 33 2 0
query88 7.84 32% 0 111308 1.00 1.00 3 3 STAR 1300 78 1 1 1 1 1 1 1 1 1 1 1 1 1 1 1 1 1 1 1 1 1 1 1 1 636 1 1 1 636 1 0 1 1 1 1 1 1 1 1 1 1 1 1 1 1 1 1 1 1 1 1 1 1 1 1 2 1 1 1 48 1 0
query89 5.36 31% 0 96504 1.00 1.00 4 4 HYBRID 265 55 1 1 1 118 1 1 1 1 1 1 1 1 1 1 1 1 1 1 1 1 1 1 1 2 1 1 1 1 118 1 0 1 1 1 2 1 1 1 1 1 1 1 1 1 1 1 1 1 1 1 1 1 1 1 13 1 1 1 1 13 1 0
query90 13.06 19% 0 117372 1.00 1.00 4 4 HYBRID 257 161 1 1 1 1 1 1 1 1 1 98 1 1 1 1 1 1 1 1 1 1 1 1 1 1 1 1 1 1 1 131 0 1 1 1 1 1 1 1 1 1 131 1 1 1 1 1 1 1 1 1 1 1 1 1 1 1 1 1 1 1 2 0
query91 7.22 33% 0 108744 1.00 1.00 2 2 STAR 1184 71 1 1 1 1 1 1 1 1 1 1 1 1 1 1 1 1 529 1 1 1 1 1 1 1 1 1 1 1 1 627 0 1 1 1 1 1 1 1 1 1 1 1 1 1 1 1 1 2 1 1 1 1 1 1 1 1 1 1 1 1 41 0
query92 5.34 27% 0 81632 1.00 1.00 2 2 STAR 157 44 1 1 1 1 1 1 1 1 1 1 1 1 1 1 1 1 1 1 1 1 1 1 1 1 1 1 5 1 1 124 0 1 1 1 1 1 1 1 1 1 1 1 1 1 1 1 1 1 1 1 1 1 1 1 1 1 1 14 1 1 2 0
query93 18.96 21% 0 174720 1.00 1.00 3 3 HYBRID 6396 248 1 1 1 1 1 1 1 1 1 1 1 1 1 1 1 1 1 1 1 3184 1 1 3184 1 1 1 1 1 1 1 0 1 1 1 1 1 1 1 1 1 1 1 1 1 1 1 1 1 1 1 218 1 1 2 1 1 1 1 1 1 1 0
query94 4.88 49% 0 101240 1.00 1.00 2 2 STAR 2090 31 1 1 1 1 1 1 1 1 1 1 1 1 1 1 1 1 1 1 1 1 1 1 1 1 1 1 1 1 2061 1 0 1 1 1 1 1 1 1 1 1 1 1 1 1 1 1 1 1 1 1 1 1 1 1 1 1 1 1 1 2 1 0
query95 4.61 31% 0 82996 1.00 1.00 4 4 HYBRID 270 31 1 1 1 1 1 1 1 1 1 1 1 1 1 1 1 1 1 1 1 1 1 1 1 1 1 1 1 1 241 1 0 1 1 1 1 1 1 1 1 1 1 1 1 1 1 1 1 1 1 1 1 1 1 1 1 1 1 1 1 2 1 0
query96 8.27 22% 0 98672 1.00 1.00 4 4 HYBRID 88 87 1 1 1 1 1 1 1 1 1 1 1 1 1 1 1 1 1 1 3 1 1 1 1 1 1 1 57 1 1 1 0 1 1 1 1 1 1 1 1 1 1 1 1 1 1 1 1 1 1 57 1 1 1 1 1 1 1 2 1 1 1 0
query97 5.85 31% 0 105304 1.00 1.00 3 3 STAR 384 59 1 1 1 1 1 1 1 1 1 1 1 1 1 1 1 1 1 1 1 1 1 1 1 74 1 1 251 1 32 1 0 1 1 1 1 1 1 1 1 1 1 1 1 1 1 1 1 1 1 1 1 1 1 1 8 1 1 2 1 22 1 0
query98 12.00 28% 0 136800 1.00 1.00 4 4 HYBRID 2729 161 1 1 1 1 1 1 1 1 1 1 1 1 1 1 1 1 1 1 1 1 1 1 901 1 1 1 901 1 1 900 0 1 1 1 1 1 1 1 1 1 1 1 1 1 1 1 1 1 1 1 1 1 1 2 1 1 1 66 1 1 66 0
query99 1115.64 3% 0 371780 1.00 1.00 6 6 HYBRID 21231 17551 1 1 1 17521 1 1 1 1 1 1 1 1 1 1 3682 1 1 1 1 1 1 1 1 1 1 1 1 1 1 1 0 1 1 1 2 1 1 1 1 1 1 1 1 1 1 17521 1 1 1 1 1 1 1 1 1 1 1 1 1 1 1 0
query100 68.51 9% 0 274200 1.00 1.00 6 6 HYBRID 1082 1031 1 1 1 1 1 1 1 1 1 354 1 1 1 1 1 1 1 1 1 1 1 1 1 1 648 1 1 1 53 1 0 1 1 1 1 1 1 1 1 1 2 1 1 1 1 1 1 1 1 1 1 1 1 1 1 354 1 1 1 648 1 0
