query1 5.30 30% 0 76280 1.00 1.00 7 5 HYBRID 43 29 1 1 1 1 1 1 1 1 2 1 3 5 1 1 3 4 1 1 1 12 0 1 1 1 1 1 1 1 1 2 1 2 3 1 1 2 4 1 1 1 2 0
query2 10.76 59% 0 169768 1.00 1.00 5 3 HYBRID 5868 305 1 1 1 1 1 687 1 1 1 580 1 1 1 694 596 1 2061 1 555 682 0 1 1 1 1 1 49 1 1 1 49 1 1 1 48 48 1 2 1 48 48 0
query3 4.19 39% 0 76272 1.00 1.00 4 3 HYBRID 63 27 1 1 1 1 1 6 1 1 1 1 1 1 1 12 1 21 1 1 1 8 0 1 1 1 1 1 3 1 1 1 1 1 1 1 3 1 2 1 1 1 3 0
query4 122.48 13% 0 329408 1.00 1.00 6 5 HYBRID 15211 1758 1 1 1 5145 1 1 1 1 1649 1264 1 1 1 4080 1 1 1 1 1 3058 0 1 1 1 30 1 1 1 1 2 1649 1 1 1 30 1 1 1 1 1 32 0
query5 23.77 25% 0 195008 1.00 1.00 3 3 HYBRID 4256 280 1 1 1 1 1 1 1 1 1 1 1 1 419 1 1 1 1 1 1 3819 0 1 1 1 1 1 1 1 1 1 1 1 1 260 1 1 1 1 1 1 2 0
query6 17.78 23% 0 123228 1.00 1.00 5 5 HYBRID 229 221 1 1 1 1 1 1 1 1 1 201 1 10 1 1 1 1 1 1 1 1 0 1 1 1 1 1 1 1 1 1 2 1 201 1 1 1 1 1 1 1 1 0
query7 6.92 68% 0 126348 1.00 1.00 4 3 STAR 1975 126 1 1 159 1 165 1 1 1 1 1 1 1 1 1 1 1 134 1 1 1501 0 1 1 35 1 36 1 1 1 1 1 1 1 1 1 1 1 37 1 1 2 0
query8 7.05 63% 0 123808 1.00 1.00 4 3 HYBRID 1975 126 1 1 161 1 155 1 1 1 1 1 1 1 1 1 1 1 142 1 1 1501 0 1 1 36 1 36 1 1 1 1 1 1 1 1 1 1 1 36 1 1 2 0
query9 16.17 30% 0 125628 1.00 1.00 7 6 HYBRID 912 212 1 1 1 1 1 1 1 1 1 76 1 393 1 1 1 1 86 341 1 1 0 1 1 1 1 1 1 1 1 1 17 1 2 1 1 1 1 16 161 1 1 0
query10 4.61 53% 0 99960 1.00 1.00 7 5 HYBRID 351 49 1 1 1 22 1 68 1 9 1 147 1 1 1 1 11 1 1 1 1 80 0 1 1 1 5 1 8 1 5 1 2 1 1 1 1 7 1 1 1 1 8 0
query11 5.13 65% 0 106388 1.00 1.00 3 2 STAR 1135 61 1 1 1 1 1 192 1 1 1 1 1 1 1 199 1 529 1 1 1 199 0 1 1 1 1 1 15 1 1 1 1 1 1 1 14 1 2 1 1 1 14 0
query12 4.59 50% 0 94092 1.00 1.00 8 5 HYBRID 230 48 1 20 12 1 1 22 10 1 33 1 1 1 1 1 18 28 1 75 1 1 0 1 5 4 1 1 5 6 1 4 1 1 1 1 1 4 6 1 2 1 1 0
query13 7.74 61% 0 139588 1.00 1.00 3 2 STAR 4140 163 1 1 1 1 1 687 1 1 1 1 1 1 1 694 1 1 2061 1 1 682 0 1 1 1 1 1 49 1 1 1 1 1 1 1 48 1 1 2 1 1 48 0
query14 266.69 9% 0 332500 1.00 1.00 8 7 HYBRID 6200 3929 1 1 665 1 1 574 1 1 2061 1 1 1 1 579 1 1 1 1 1729 578 0 1 1 1729 1 1 40 1 1 2 1 1 1 1 41 1 1 1 1 2061 42 0
query15 3.98 40% 0 74856 1.00 1.00 2 2 STAR 128 21 1 1 1 1 109 1 1 1 1 1 1 1 1 1 1 1 1 1 1 1 0 1 1 1 1 2 1 1 1 1 1 1 1 1 1 1 1 1 1 1 1 0
query16 74.98 59% 0 420724 1.00 1.00 5 3 STAR 1593315 2966 1 517072 14504 1 1 1 1 1 1 516837 515365 1 241 1 1 1 1 14125 1 15158 0 1 975 7 1 1 1 1 1 1 976 976 1 2 1 1 1 1 8 1 9 0
query17 4.15 39% 0 77168 1.00 1.00 6 5 STAR 139 29 1 1 1 1 1 1 1 1 1 57 1 1 1 27 1 1 1 1 1 38 0 1 1 1 1 1 1 1 1 1 2 1 1 1 4 1 1 1 1 1 6 0
query18 4.73 44% 0 81540 1.00 1.00 3 2 PATH 262 42 1 1 3 1 1 1 1 1 1 1 1 1 241 1 1 1 1 1 1 1 0 1 1 8 1 1 1 1 8 1 1 1 1 2 1 1 1 1 1 1 8 0
query19 4.45 43% 0 80652 1.00 1.00 6 4 STAR 185 41 1 4 1 1 1 1 1 26 34 1 1 1 1 1 1 1 1 3 23 81 0 1 6 1 1 1 1 1 4 4 1 1 1 1 1 1 1 1 6 5 2 0
query20 62.46 29% 0 379020 1.00 1.00 8 6 HYBRID 39561 2563 1 1 1 1 1 6335 1 1 1 496 1 1 1 6334 550 1 19001 498 1 6334 0 1 1 1 1 1 425 1 1 1 425 1 1 1 424 424 1 2 425 1 425 0
query21 4.32 42% 0 78964 1.00 1.00 3 2 STAR 217 34 1 1 1 1 1 1 1 26 30 124 1 1 1 1 1 1 1 1 21 1 0 1 1 1 1 1 1 1 5 5 2 1 1 1 1 1 1 1 1 6 1 0
query22 5.89 62% 0 110368 1.00 1.00 3 2 PATH 1721 86 1 1 1 1 1 1 289 1 1 1 260 255 1 1 1 1 1 901 1 1 0 1 1 1 1 1 1 23 1 1 1 22 23 1 1 1 1 1 2 1 1 0
query23 3.99 37% 0 74544 1.00 1.00 2 2 STAR 93 21 1 1 1 1 74 1 1 1 1 1 1 1 1 1 1 1 1 1 1 1 0 1 1 1 1 2 1 1 1 1 1 1 1 1 1 1 1 1 1 1 1 0
query25 7.09 69% 0 133492 1.00 1.00 3 2 PATH 2878 121 475 1 485 1 472 1 1 1 1 1 1 1 1 1 1430 1 1 1 1 1 0 34 1 35 1 34 1 1 1 1 1 1 1 1 1 2 1 1 1 1 1 0
query26 34.18 18% 0 170156 1.00 1.00 6 5 HYBRID 884 468 1 134 431 1 1 1 1 1 146 21 1 1 1 1 137 1 1 1 1 1 0 1 12 2 1 1 1 1 1 12 415 1 1 1 1 12 1 1 1 1 1 0
query27 5.74 91% 0 137684 1.00 1.00 6 4 HYBRID 5726 101 1619 1 1985 1 1034 1 1 1 336 1 1 339 1 144 1 1 256 1 1 1 0 23 1 23 1 23 1 1 1 5 1 1 6 1 2 1 1 6 1 1 1 0
query28 3.85 39% 0 75364 1.00 1.00 4 3 STAR 22 22 1 1 1 1 1 2 1 1 1 1 1 1 1 1 1 1 1 2 1 1 0 1 1 1 1 1 2 1 1 1 1 1 1 1 1 1 1 1 2 1 1 0
query29 109.61 12% 0 318880 1.00 1.00 6 5 HYBRID 2239 1535 1 262 1 1 140 1 1 1 58 1 1 1 1 1 263 1 1 1 1 1501 0 1 6 1 1 1501 1 1 1 5 1 1 1 1 1 6 1 1 1 1 2 0
query30 6.59 53% 0 108272 1.00 1.00 6 4 STAR 1004 89 1 1 1 1 1 155 1 1 1 1 1 1 1 156 1 1 101 1 422 155 0 1 1 1 1 1 12 1 1 1 1 1 1 1 12 1 1 36 1 2 12 0
query32 6.91 73% 0 138524 1.00 1.00 3 2 PATH 3020 126 1 1 1 499 1 1 1 1 1 1 1 1 1 501 1501 1 1 1 1 503 0 1 1 1 35 1 1 1 1 1 1 1 1 1 36 2 1 1 1 1 37 0
query33 5.36 77% 0 112964 1.00 1.00 3 2 PATH 4002 65 1 1 1 1213 1 1 1 1 1 1 1 1 1 1246 1 1 1 1 593 934 0 1 1 1 16 1 1 1 1 1 1 1 1 1 15 1 1 1 1 2 16 0
query34 4.33 39% 0 77644 1.00 1.00 8 2 STAR 73 33 1 1 1 1 1 1 1 1 1 11 1 1 11 5 1 10 3 1 15 5 0 1 1 1 1 1 1 1 1 1 5 1 1 2 2 1 2 2 1 5 2 0
query35 5.61 61% 0 100868 1.00 1.00 4 3 STAR 818 77 1 7 1 1 7 1 1 14 1 774 1 1 1 1 1 1 1 1 1 1 0 1 20 1 1 19 1 1 20 1 2 1 1 1 1 1 1 1 1 1 1 0
query36 7.82 69% 0 144416 1.00 1.00 3 2 PATH 3808 163 1 1 1 1 1 1 1 1 1 538 1 1 1 1 610 1 2061 1 583 1 0 1 1 1 1 1 1 1 1 1 49 1 1 1 1 48 1 2 1 48 1 0
query37 8.47 31% 0 96932 1.00 1.00 5 5 HYBRID 157 83 1 1 1 1 76 1 1 1 1 1 1 1 1 1 63 1 1 1 1 1 0 1 1 1 1 63 1 1 1 1 1 1 1 1 1 2 1 1 1 1 1 0
query38 6.92 34% 0 89864 1.00 1.00 6 6 HYBRID 256 59 1 1 1 1 1 1 1 1 199 39 1 1 1 1 1 1 1 1 1 1 0 1 1 1 1 1 1 1 1 39 2 1 1 1 1 1 1 1 1 1 1 0
query40 4.21 37% 0 75292 1.00 1.00 6 4 HYBRID 28 25 1 1 1 4 1 1 3 1 1 1 1 1 1 1 1 1 1 1 3 2 0 1 1 1 2 1 1 2 1 1 1 1 1 1 1 1 1 1 1 3 2 0
query41 10.92 56% 0 173424 1.00 1.00 5 3 STAR 4588 305 1 1 1 156 1 687 1 149 1 1 1 1 1 694 146 1 2061 1 1 682 0 1 1 1 49 1 49 1 48 1 1 1 1 1 48 48 1 2 1 1 48 0
query42 366.88 9% 0 476288 1.00 1.00 7 7 HYBRID 75684 5201 1 1 1 1 1 1 1 1 75468 1 1 1 1 54 1 1 1 1 145 1 0 1 1 1 1 1 1 1 1 2 1 1 1 1 145 1 1 1 1 5037 1 0
query43 6.94 77% 0 144040 1.00 1.00 4 3 PATH 3020 126 1 500 1 1 501 1 1 1 1 1 1 1 1 1 502 1 1 1 1 1501 0 1 36 1 1 36 1 1 1 1 1 1 1 1 1 36 1 1 1 1 2 0
query44 5.23 61% 0 92800 1.00 1.00 4 3 HYBRID 876 54 139 1 1 1 1 1 1 1 150 1 1 1 142 1 429 1 1 1 1 1 0 11 1 1 1 1 1 1 1 13 1 1 1 12 1 2 1 1 1 1 1 0
query45 4.27 38% 0 76740 1.00 1.00 4 3 HYBRID 67 27 1 1 1 1 1 1 1 1 1 23 1 1 1 6 1 21 1 1 1 1 0 1 1 1 1 1 1 1 1 1 4 1 1 1 4 1 2 1 1 1 1 0
query46 163.01 11% 0 334568 1.00 1.00 8 7 HYBRID 13378 2320 1 1 1 1 1 1 1 1 1 4 5 8 1 1 15 1 11831 1 1 1501 0 1 1 1 1 1 1 1 1 1 2 3 4 1 1 794 1 1501 1 1 2 0
query47 35.95 40% 0 337968 1.00 1.00 4 3 HYBRID 38020 1292 1 1 1 1 1 6335 1 1 1 1 1 1 1 6334 1 1 19001 1 1 6334 0 1 1 1 1 1 425 1 1 1 1 1 1 1 424 1 1 2 1 1 425 0
query48 4.41 73% 0 95924 1.00 1.00 2 2 STAR 2080 21 1 1 1 1 1 1 1 1 1 1 1 1 1 1 1 1 2061 1 1 1 0 1 1 1 1 1 1 1 1 1 1 1 1 1 1 1 1 2 1 1 1 0
query49 6.94 74% 0 141460 1.00 1.00 5 4 HYBRID 3020 126 1 500 1 1 501 1 1 1 1 1 1 1 1 1 502 1 1 1 1 1501 0 1 36 1 1 36 1 1 1 1 1 1 1 1 1 36 1 1 1 1 2 0
query50 290.01 8% 0 341764 1.00 1.00 7 7 HYBRID 5152 4177 1 1 1 1 1 1 1 1 1 1 1 1 1 1 430 1 977 1 1 3728 0 1 1 1 1 1 1 1 1 1 1 1 1 1 1 2 1 3728 1 1 430 0
query51 4.65 55% 0 95040 1.00 1.00 3 2 STAR 891 54 172 1 160 1 114 1 1 1 1 1 1 1 1 1 429 1 1 1 1 1 0 12 1 12 1 12 1 1 1 1 1 1 1 1 1 2 1 1 1 1 1 0
query52 6.90 67% 0 126496 1.00 1.00 3 2 PATH 2122 126 1 1 1 1 1 1 1 1 1 186 1 1 1 1 210 1 1 1 199 1511 0 1 1 1 1 1 1 1 1 1 36 1 1 1 1 36 1 1 1 36 2 0
query53 3.93 38% 0 74488 1.00 1.00 4 4 STAR 28 21 1 1 1 1 1 1 1 9 1 1 1 1 1 1 1 1 1 1 1 1 0 1 1 1 1 1 1 1 2 1 1 1 1 1 1 1 1 1 1 1 1 0
query54 64.89 14% 0 260880 1.00 1.00 7 6 HYBRID 1568 947 158 1 1 1 1 1 1 1 1 1 325 1 1 1 901 1 1 168 1 1 0 14 1 1 1 1 1 1 1 1 1 901 1 1 1 2 1 1 14 1 1 0
query55 4.01 39% 0 74416 1.00 1.00 4 4 HYBRID 57 21 1 1 1 1 1 1 1 1 1 38 1 1 1 1 1 1 1 1 1 1 0 1 1 1 1 1 1 1 1 1 2 1 1 1 1 1 1 1 1 1 1 0
query56 9.39 56% 0 139300 1.00 1.00 4 3 STAR 3838 153 1 1 1 1 1 1 1 953 1 1 1 1 1 1 958 1 1 1910 1 1 0 1 1 1 1 1 1 1 67 1 1 1 1 1 1 67 1 1 2 1 1 0
query57 3.97 41% 0 75944 1.00 1.00 4 3 HYBRID 72 27 1 1 27 1 1 5 1 1 1 1 1 1 1 17 1 1 1 1 1 7 0 1 1 2 1 1 3 1 1 1 1 1 1 1 3 1 1 1 1 1 3 0
query58 9.91 31% 0 105644 1.00 1.00 7 6 HYBRID 179 107 1 38 1 1 1 1 1 1 1 1 1 1 1 1 1 1 77 40 1 8 0 1 6 1 1 1 1 1 1 1 1 1 1 1 1 1 1 2 6 1 77 0
query59 75.23 60% 0 385576 1.00 1.00 5 3 STAR 1593315 2966 1 516832 14504 1 1 1 1 1 1 516504 515938 1 241 1 1 1 1 14125 1 15158 0 1 975 7 1 1 1 1 1 1 976 976 1 2 1 1 1 1 8 1 9 0
query60 3.94 40% 0 76328 1.00 1.00 4 3 HYBRID 60 27 4 1 1 1 1 1 1 1 11 21 1 1 8 1 1 1 1 1 1 1 0 2 1 1 1 1 1 1 1 3 2 1 1 4 1 1 1 1 1 1 1 0
query61 4.52 49% 0 93232 1.00 1.00 5 3 STAR 276 47 1 1 2 1 1 42 1 1 1 124 1 1 1 52 1 1 1 3 1 39 0 1 6 5 1 1 5 1 1 1 2 1 1 1 6 1 1 1 5 1 5 0
query62 4.06 42% 0 79352 1.00 1.00 3 2 STAR 273 34 1 1 1 1 1 43 1 1 1 124 1 1 1 51 1 1 1 1 1 39 0 1 1 1 1 1 6 1 1 1 2 1 1 1 5 1 1 1 1 1 5 0
query63 6.56 63% 0 122184 1.00 1.00 3 2 STAR 1603 126 1 1 1 33 1 1 1 23 1 1 1 1 1 1 20 1 1 1 1 1511 0 1 1 1 36 1 1 1 36 1 1 1 1 1 1 36 1 1 1 1 2 0
query64 5.99 33% 0 83076 1.00 1.00 8 7 HYBRID 50 47 1 1 1 1 1 2 1 1 1 1 1 1 1 1 25 1 4 1 1 3 0 1 1 1 1 1 2 1 1 1 1 1 1 1 1 2 1 25 1 1 2 0
query65 3.99 38% 0 73472 1.00 1.00 2 2 PATH 46 21 1 1 1 1 1 1 1 1 1 1 1 1 1 1 1 1 27 1 1 1 0 1 1 1 1 1 1 1 1 1 1 1 1 1 1 1 1 2 1 1 1 0
query66 45.77 17% 0 204100 1.00 1.00 9 7 HYBRID 1465 672 1 13 287 1 1 192 1 1 1 24 10 1 1 199 1 529 1 1 1 199 0 1 8 588 1 1 15 1 1 1 10 9 1 1 14 1 2 1 1 1 14 0
query67 214.53 76% 0 969156 1.00 0.00 6 4 HYBRID 1594984 3077 14312 1 1 1 1 1 1 1 14432 1 1549272 1 15043 1 1 1 1 1910 1 1 0 44 1 1 1 1 1 1 1 45 1 2925 1 46 1 1 1 1 2 1 1 0
query68 4.04 38% 0 75004 1.00 1.00 4 3 HYBRID 28 24 1 1 1 1 1 1 1 1 1 1 1 1 1 1 2 3 6 1 1 1 0 1 1 1 1 1 1 1 1 1 1 1 1 1 1 2 3 2 1 1 1 0
query69 70.80 15% 0 277020 1.00 1.00 9 7 HYBRID 2078 1094 1 332 1 1 7 1 1 1 333 1 1 1 1 4 333 1052 1 1 1 4 0 1 26 1 1 996 1 1 1 26 1 1 1 1 3 26 2 1 1 1 2 0
query70 6.91 65% 0 127644 1.00 1.00 3 2 PATH 2122 126 1 1 1 1 1 1 1 1 1 186 1 1 1 1 210 1 1 1 199 1511 0 1 1 1 1 1 1 1 1 1 36 1 1 1 1 36 1 1 1 36 2 0
query71 10.43 56% 0 178556 1.00 1.00 5 3 HYBRID 5868 305 1 1 1 1 1 686 1 1 1 547 1 1 1 694 587 1 2061 1 597 683 0 1 1 1 1 1 48 1 1 1 48 1 1 1 48 48 1 2 1 49 49 0
query72 1101.51 5% 0 553460 1.00 1.00 5 5 HYBRID 241120 16214 1 1 1 1 1 1 1 1 1 1 1 1 1 1 173 1 240241 1 1 689 0 1 1 1 1 1 1 1 1 1 1 1 1 1 1 2 1 173 1 1 16022 0
query73 5.38 42% 0 85688 1.00 1.00 4 3 STAR 292 39 1 1 1 1 1 1 1 1 1 1 1 1 1 1 73 1 201 1 1 1 0 1 1 1 1 1 1 1 1 1 1 1 1 1 1 19 1 2 1 1 1 0
query74 30.29 20% 0 163536 1.00 1.00 8 7 HYBRID 877 407 1 1 1 1 366 80 1 1 1 1 1 1 1 87 1 1 1 1 247 82 0 1 1 1 1 2 8 1 1 1 1 1 1 1 8 1 1 1 1 366 8 0
query75 105.14 13% 0 316868 1.00 1.00 6 5 HYBRID 1890 1482 1 1 415 1 1 1 1 1 1 10 1 1 1 1 1430 1 1 19 1 1 0 1 1 1430 1 1 1 1 1 1 17 1 1 1 1 2 1 1 17 1 1 0
query76 4.11 51% 0 84056 1.00 1.00 2 2 STAR 564 21 1 1 1 1 1 1 1 1 1 545 1 1 1 1 1 1 1 1 1 1 0 1 1 1 1 1 1 1 1 1 2 1 1 1 1 1 1 1 1 1 1 0
query77 8.63 62% 0 150968 1.00 1.00 5 3 HYBRID 3873 221 476 1 484 1 472 329 1 1 1 346 1 1 1 1 1430 323 1 1 1 1 0 35 1 34 1 34 34 1 1 1 34 1 1 1 1 2 35 1 1 1 1 0
query78 4.03 39% 0 76860 1.00 1.00 4 3 STAR 79 28 1 1 1 1 1 6 1 1 1 30 1 1 1 20 1 1 1 1 1 7 0 1 1 1 1 1 4 1 1 1 2 1 1 1 3 1 1 1 1 1 3 0
query79 128.66 10% 0 319148 1.00 1.00 6 6 HYBRID 13662 1669 1 1 1 1 1 1 1 1 1649 1 1 1 1 1 1 1 1 1 1 11995 0 1 1 1 1 1 1 1 1 2 1 1 1 1 1 1 1 1 1 1 1649 0
query80 1800.01 0% 0 1432 0.00 1.00 3 3 HYBRID 754532 494 1 1 1 1 1 1 1 1 1 1 1 1 1 1 754513 1 1 1 1 1 0 1 1 1 1 474 1 1 1 1 1 1 1 1 1 2 1 1 1 1 1 0
query81 3.33 38% 0 74752 1.00 1.00 2 2 PATH 70 21 1 1 1 1 1 1 1 1 51 1 1 1 1 1 1 1 1 1 1 1 0 1 1 1 1 1 1 1 1 2 1 1 1 1 1 1 1 1 1 1 1 0
query82 6.09 59% 0 122980 1.00 1.00 3 2 STAR 1756 126 1 1 1 1 1 1 1 66 1 77 1 1 1 1 1 1 86 1 1 1511 0 1 1 1 1 1 1 1 35 1 37 1 1 1 1 1 1 36 1 1 2 0
query83 3.50 42% 0 75308 1.00 1.00 2 2 PATH 157 21 1 1 1 1 138 1 1 1 1 1 1 1 1 1 1 1 1 1 1 1 0 1 1 1 1 2 1 1 1 1 1 1 1 1 1 1 1 1 1 1 1 0
query84 3.54 40% 0 75240 1.00 1.00 4 3 STAR 31 22 1 1 1 1 1 1 1 1 1 1 1 11 1 1 1 1 1 1 1 2 0 1 1 1 1 1 1 1 1 1 1 1 2 1 1 1 1 1 1 1 2 0
query85 4.12 49% 0 90992 1.00 1.00 4 3 STAR 370 41 1 1 1 1 1 1 1 57 1 1 1 1 1 1 226 1 1 1 70 1 0 1 1 1 1 1 1 1 10 1 1 1 1 1 1 2 1 1 1 12 1 0
query86 3.78 64% 0 95360 1.00 1.00 2 2 STAR 1449 21 1 1 1 1 1 1 1 1 1 1 1 1 1 1 1430 1 1 1 1 1 0 1 1 1 1 1 1 1 1 1 1 1 1 1 1 2 1 1 1 1 1 0
query87 5.50 85% 0 158804 .99 1.00 16 4 HYBRID 873 259 30 80 79 20 1 10 1 1 93 406 1 2 26 34 27 25 1 1 28 7 0 22 8 7 11 11 12 1 1 29 2 1 11 23 21 22 11 22 11 21 12 0
query88 3.40 46% 0 82952 1.00 1.00 4 3 STAR 664 25 1 1 1 1 10 1 183 1 1 1 198 257 1 1 1 1 1 1 1 1 0 1 1 1 1 2 1 3 1 1 1 2 2 1 1 1 1 1 1 1 1 0
query89 3.84 38% 0 77832 1.00 1.00 6 4 HYBRID 57 33 1 1 1 1 1 1 5 1 9 1 2 1 1 19 1 1 1 1 7 1 0 1 1 1 1 1 1 3 1 3 4 4 1 1 2 1 1 1 1 3 1 0
query90 8.91 28% 0 100032 1.00 1.00 4 4 HYBRID 197 101 1 1 1 1 1 1 1 1 1 98 1 1 1 1 1 1 1 1 1 81 0 1 1 1 1 1 1 1 1 1 81 1 1 1 1 1 1 1 1 1 2 0
query91 4.93 59% 0 105932 1.00 1.00 3 2 STAR 1175 61 226 1 206 1 198 1 1 1 1 1 1 1 1 1 1 529 1 1 1 1 0 14 1 15 1 14 1 1 1 1 1 1 1 1 1 1 2 1 1 1 1 0
query92 3.30 37% 0 73400 1.00 1.00 2 2 STAR 24 21 1 1 1 1 5 1 1 1 1 1 1 1 1 1 1 1 1 1 1 1 0 1 1 1 1 2 1 1 1 1 1 1 1 1 1 1 1 1 1 1 1 0
query93 8.89 61% 0 171576 1.00 1.00 4 3 HYBRID 6386 238 1 1059 1070 1 1 1 1 1 1057 3184 1 1 1 1 1 1 1 1 1 1 0 1 73 74 1 1 1 1 1 73 2 1 1 1 1 1 1 1 1 1 1 0
query94 6.90 62% 0 144580 1.00 1.00 3 2 STAR 4140 163 1 1 1 1 1 687 1 1 1 1 1 1 1 694 1 1 2061 1 1 682 0 1 1 1 1 1 49 1 1 1 1 1 1 1 48 1 1 2 1 1 48 0
query95 32.53 31% 0 320048 1.00 1.00 5 4 HYBRID 21226 1292 1 1 682 1 1 1 760 1 1 1 1 1 1 1 1 1 19001 767 1 1 0 1 1 424 1 1 1 425 1 1 1 1 1 1 1 1 1 2 425 1 1 0
query96 3.69 38% 0 76716 1.00 1.00 6 4 HYBRID 67 30 1 1 1 1 44 1 1 1 1 1 1 3 1 1 1 2 2 1 1 1 0 1 1 1 1 2 1 1 1 1 1 1 3 1 1 1 5 4 1 1 1 0
query97 4.56 63% 0 102428 1.00 1.00 4 3 STAR 687 65 1 1 32 1 1 1 19 1 1 1 1 1 1 1 1 1 1 27 593 1 0 1 1 16 1 1 1 15 1 1 1 1 1 1 1 1 1 1 16 2 1 0
query98 62.32 12% 0 250720 1.00 1.00 4 4 HYBRID 1820 921 1 1 1 1 1 901 1 1 1 1 1 1 1 1 1 1 1 901 1 1 0 1 1 1 1 1 901 1 1 1 1 1 1 1 1 1 1 1 2 1 1 0
query99 40.20 15% 0 197332 1.00 1.00 8 6 HYBRID 4421 598 1317 1 1 1 1 1 169 1 1062 1 203 189 1305 10 1 1 1 1 1 154 0 5 1 1 1 1 1 3 1 6 1 2 2 7 2 1 1 1 1 1 559 0
query100 46.81 12% 0 205564 1.00 1.00 7 6 HYBRID 1425 720 1 1 1 1 1 1 269 1 1 1 1 380 1 1 1 1 53 1 1 707 0 1 1 1 1 1 1 27 1 1 1 1 27 1 1 1 1 648 1 1 2 0
