query1 44.73 27% 0 311204 1.00 1.00 31 5 HYBRID 9485 1771 191 1 2 127 1342 216 1 137 529 863 945 810 73 1557 529 529 1 1 2 1629 0 25 24 7 297 162 24 24 7 7 82 65 83 279 162 25 25 24 6 7 436 0
query2 137.44 29% 0 358784 1.00 1.00 22 3 HYBRID 75722 9749 469 436 1 397 1 6189 508 1 2061 16501 1 2496 4 6189 16108 1 2061 4 16105 6189 0 420 420 4 420 420 420 420 4 5 1838 4 421 5 421 1839 420 421 5 1422 420 0
query3 64.20 41% 0 355072 1.00 1.00 27 3 HYBRID 13154 5266 137 325 29 1 1 2220 1 137 529 1 164 2 1 2220 1681 2005 1477 1 2 2220 0 142 820 684 141 141 141 141 5 5 141 684 142 4 141 142 821 820 4 5 142 0
query4 729.77 20% 0 457436 1.00 1.00 26 5 HYBRID 3334215 31563 7 827 3 1059945 124 7 124 37874 50498 950 1 12625 4 1059943 1 1 12628 830 37874 1059949 0 7 37 7 7586 7 7 7 2535 2704 38 6 175 176 7585 175 6 177 207 2535 7586 0
query5 9.01 84% 0 238452 1.00 1.00 22 3 HYBRID 21855 459 259 37 7011 4 19 1 3 7 244 1 1 1 241 1 1 1 1 7005 6 7011 0 10 9 62 57 9 4 10 62 58 4 4 9 5 9 4 4 9 9 58 63 0
query6 107.76 25% 0 338536 1.00 1.00 18 5 HYBRID 23564 4959 1 901 1 1 1297 1 2404 1 1 4960 5509 2890 145 955 1 1 3106 901 1 487 0 6 7 6 6 734 6 191 6 6 808 705 817 191 293 6 6 520 7 6 632 0
query7 57.94 36% 0 335132 1.00 1.00 12 3 STAR 23633 3825 1 1 1366 4104 1366 1 1 1 1 4 1 1 4 4104 2401 2401 1366 1 4 6504 0 4 4 489 281 489 4 4 4 4 489 4 4 489 281 5 5 489 4 489 283 0
query8 108.06 33% 0 343756 1.00 1.00 22 3 HYBRID 37305 7863 23 29 4903 5376 4904 1511 36 1 1 25 1 30 10 6871 600 600 5502 1 10 6871 0 5 5 1081 441 1082 5 5 4 4 1082 4 5 1081 441 5 5 1082 4 1081 441 0
query9 348.41 31% 0 372416 1.00 1.00 32 6 HYBRID 337247 36168 12961 1 82618 1 1 12961 6993 7966 1 3820 6831 13014 337 6358 1 1 5185 95578 1 82618 0 3472 2603 2603 7 2603 876 2777 3304 7 752 753 3478 181 3480 7 7 3175 3472 7 2604 0
query10 135.84 26% 0 351964 1.00 1.00 33 5 HYBRID 38790 7354 268 1106 3 4071 5263 2485 403 3808 1 6350 1 280 4 7618 3808 1 4 830 1 2485 0 177 207 7 1209 785 177 177 1038 6 816 6 176 7 784 1208 176 177 38 6 177 0
query11 14.39 95% 0 324960 1.00 1.00 22 2 STAR 12128 1855 137 1 2 1 1 2220 1 137 529 1 137 2 1 2220 1681 1681 1153 1 2 2220 0 141 140 4 140 141 141 140 4 4 140 4 141 3 140 142 142 141 3 4 140 0
query12 328.21 25% 0 349988 1.00 1.00 31 5 HYBRID 73256 23591 1622 1439 8075 12371 1 8974 8084 1 1430 10595 19 1 1 1 1439 13270 2 5917 2 12 0 3429 871 1810 2101 6 870 2674 6 7 2490 870 6 6 1809 871 1161 7 1916 7 2674 0
query13 34.25 81% 0 337788 1.00 1.00 19 2 STAR 27413 5487 469 436 1 397 1 6190 508 1 2061 397 1 2496 4 6190 4 1 2061 4 1 6190 0 420 420 3 420 420 420 420 3 4 420 3 421 4 420 421 420 421 4 3 420 0
query14 1800.00 0% 0 1432 0.00 1.00 39 7 HYBRID 724280 91047 1405 1306 18632 1189 1 18616 20192 144937 153185 49501 1 9554 21 18616 48333 1 8249 18676 193249 18616 0 1253 1253 10145 1253 1253 1253 11401 9675 10092 5508 8 1670 426 1253 5926 1253 1671 10570 13930 1254 0
query15 14.78 45% 0 222916 1.00 1.00 6 2 STAR 11261 495 1 3049 1 1 3748 1 1 1 1 1 1 1 1 700 3049 1 1 1 1 700 0 3 147 3 3 148 3 3 3 3 3 3 3 3 4 147 3 3 3 3 4 0
query16 1800.00 0% 0 1428 .99 1.00 22 3 STAR 40496325 152966 40112 13326932 131445 1 418 1 40567 40565 241 13326164 13325399 1144 241 100 1 1 100 131445 3 131445 0 25442 25439 57 4 57 4 25442 25442 5 25386 25385 57 5 57 4 4 57 57 5 57 0
query17 179.33 30% 0 356980 1.00 1.00 34 5 STAR 61973 14595 136 3916 1 7 1 6057 136 8317 1 13811 3916 1 1 4349 4073 2359 2359 1 8188 4343 0 1614 1614 6 359 269 359 1614 2166 6 2519 1351 269 6 359 359 269 269 6 912 269 0
query18 7.78 62% 0 162576 1.00 1.00 11 2 PATH 771 383 241 1 7 4 1 1 3 7 244 1 1 1 241 1 1 1 1 1 6 7 0 4 3 56 56 3 3 4 56 57 3 3 3 4 3 3 3 3 3 57 56 0
query19 22.30 49% 0 303728 1.00 1.00 22 4 STAR 4193 1421 46 184 262 46 4 750 85 251 251 46 1 88 1 750 163 1 1 100 251 912 0 59 240 210 59 59 59 59 6 6 59 5 59 5 60 83 59 59 186 6 83 0
query20 1800.00 0% 0 1432 0.00 1.00 40 6 HYBRID 1650755 158738 123 107 1 81 1 1378 149 1 547020 81 1 547096 1641 1378 1641 1 547035 1641 1 1378 0 102 102 7 102 102 102 103 7 26147 276 7 26241 26148 102 26415 102 26243 26320 7 103 0
query21 6.22 62% 0 107080 1.00 1.00 14 2 STAR 1155 164 7 1 3 3 124 7 124 246 246 124 1 1 4 1 1 1 4 4 246 7 0 4 3 4 4 4 4 4 34 34 4 3 3 4 3 3 3 4 4 34 4 0
query22 17.11 60% 0 288744 1.00 1.00 9 2 PATH 10361 1173 1 901 1 1 1 1 2404 1 1 1045 2404 2404 145 145 1 1 1 901 1 1 0 3 4 3 3 3 3 188 3 3 189 188 188 188 188 3 3 3 4 3 3 0
query23 6.55 65% 0 128112 1.00 1.00 16 2 STAR 1129 226 238 1 234 3 355 7 124 1 1 124 1 1 4 9 1 1 4 12 1 7 0 35 3 35 4 35 4 4 3 3 4 3 3 4 34 3 3 4 35 3 4 0
query25 25.02 47% 0 314196 1.00 1.00 15 2 PATH 17216 1232 4297 1430 4297 2 4296 1 2 1 1430 2 16 1 1 1 1430 1 2 1 2 3 0 294 4 295 4 293 3 4 3 4 4 293 3 3 3 4 3 4 3 4 4 0
query26 326.08 26% 0 354056 1.00 1.00 32 5 HYBRID 73334 23905 5917 1439 12379 8084 4296 8987 8093 1 1430 10608 34 1 1 1 1439 8987 2 1621 2 12 0 3723 872 2102 1812 297 871 2677 6 7 2493 1161 6 6 1811 872 871 7 1627 7 2677 0
query27 270.00 30% 0 358000 1.00 1.00 27 4 HYBRID 482009 19469 142327 436 141859 397 151534 6189 508 1 2061 10072 1 2496 4 15864 4 1 2061 4 1 6189 0 2361 421 1945 421 3779 421 421 5 6 1839 5 422 6 3779 422 421 422 1946 5 422 0
query28 37.14 35% 0 312992 1.00 1.00 19 3 STAR 6816 1473 23 38 109 16 2 1511 135 1 1 16 1 30 1 1511 600 600 600 109 1 1511 0 5 29 464 5 5 5 441 4 4 5 4 5 4 5 5 5 5 464 4 5 0
query29 1218.88 24% 0 536612 1.00 1.00 44 5 HYBRID 436815 103609 36 6139 57027 81797 57151 427 145 1 6118 153 1 25 4 82195 6196 79 57115 4 1 82201 0 150 149 16479 1380 16396 37 150 6 119 16509 6 36 16366 1266 149 36 16509 7 16478 1381 0
query30 96.23 31% 0 341872 1.00 1.00 24 4 STAR 32290 5461 1 1 1 1 1 2340 700 6448 700 6448 1 2 2 2340 1272 1272 3399 1 5020 2340 0 150 150 5 150 150 150 151 1162 6 1307 5 151 6 150 150 150 877 5 436 150 0
query32 26.24 40% 0 294584 1.00 1.00 6 2 PATH 18017 976 1 1501 1 4500 1501 1 1 1 1 1 1 1 1 4500 1501 1 1 1 1 4500 0 3 4 3 307 4 3 3 3 3 3 3 3 3 308 4 3 3 3 3 307 0
query33 13.71 55% 0 246724 1.00 1.00 6 2 PATH 32303 430 1 1 1 10170 1 1 1 1 1 593 1 1 1 10170 593 1 1 1 593 10170 0 3 3 3 125 3 3 3 3 3 4 3 3 3 125 4 3 3 3 4 126 0
query34 4.81 52% 0 94840 1.00 1.00 17 2 STAR 206 104 5 1 1 8 2 4 1 1 11 37 1 2 11 5 48 10 3 5 45 5 0 4 3 3 4 4 4 3 3 4 13 3 4 4 4 14 4 4 4 14 4 0
query35 7.27 67% 0 149172 1.00 1.00 14 3 STAR 1283 334 1 62 1 10 62 1 1 164 226 328 1 28 10 226 1 28 1 28 103 1 0 4 5 4 29 5 4 4 22 29 46 4 29 29 29 4 29 4 29 21 4 0
query36 33.26 38% 0 326632 1.00 1.00 9 2 PATH 21761 1317 1 1 1 1 1 1 1 1 2061 5185 1 2061 4 1 5188 1 2061 4 5185 1 0 3 3 3 3 3 3 3 3 4 420 3 4 4 3 421 3 4 4 420 3 0
query37 21.58 55% 0 308620 1.00 1.00 27 5 HYBRID 24027 1296 6833 69 6958 3 6950 7 124 1 1 968 1 4 4 4 1042 1 4 4 913 136 0 180 37 199 7 180 7 7 6 6 37 6 37 7 210 85 6 7 180 66 26 0
query38 456.50 19% 0 400284 1.00 1.00 37 6 HYBRID 274977 19980 19906 59590 59602 13 7144 19906 523 1 64581 27007 1 4992 18 6622 1 1 5007 18 1 43 0 1367 3984 4015 38 1041 1367 38 7 4079 2371 7 102 133 1010 102 7 134 133 7 38 0
query39 402.81 20% 0 366224 1.00 1.00 40 7 HYBRID 245762 22386 746 58941 3755 22224 53217 1 3755 730 5725 737 1 1 1 17749 59670 1 8 730 8 17762 0 1922 3850 1166 1466 3560 8 1166 158 299 1055 8 8 8 1025 4001 8 299 764 299 1316 0
query40 10.16 52% 0 162084 1.00 1.00 20 4 HYBRID 1533 390 7 1 21 111 124 7 142 246 246 124 1 1 4 109 1 1 4 22 246 115 0 6 5 60 14 6 6 60 36 36 6 5 5 6 13 5 5 6 60 36 14 0
query41 131.11 32% 0 356780 1.00 1.00 22 3 STAR 41156 9761 469 436 1 4978 1 6190 508 4582 2061 397 1 2496 4 6190 4585 1 2061 4 1 6190 0 421 421 4 1839 421 421 421 1422 5 421 4 422 5 421 1840 421 422 5 4 421 0
query42 1800.00 0% 0 1432 0.00 1.00 48 7 HYBRID 544085 83887 1 1 1 1 1 1 1 1 179928 1090 1 179928 340 1 1429 1 179928 340 1090 1 0 8 8 8 8 8 8 8 8 1671 24587 8 1671 1671 8 26255 8 1671 1671 24594 8 0
query43 108.69 24% 0 345452 1.00 1.00 19 3 PATH 70809 4630 23 16108 1 5376 16081 1511 36 1 1 16 1 30 1 6871 16679 600 600 1 1 6871 0 5 1082 4 441 1081 5 5 4 4 5 4 5 4 441 1081 5 5 4 4 441 0
query44 28.51 48% 0 319440 1.00 1.00 17 3 HYBRID 16817 1933 3874 1 1 7 1 1715 10 1 3874 1715 1 1 3874 7 1715 1 1 1 16 1 0 267 4 4 94 4 94 266 4 266 94 4 4 266 95 94 4 4 4 357 4 0
query45 15.23 56% 0 254592 1.00 1.00 22 3 HYBRID 3650 947 137 82 5 46 1 1 1 137 943 415 140 20 46 415 529 628 82 19 2 1 0 5 142 143 25 4 4 4 5 26 25 143 26 25 25 5 164 142 25 5 4 0
query46 941.54 15% 0 402884 1.00 1.00 24 7 HYBRID 233183 43057 1 17308 3403 10207 16903 1 1 1 1 37207 37207 37207 1 14014 23101 9601 7210 1 1 19807 0 8 8899 774 693 2219 8 8 8 8 3479 2713 2713 774 8139 1939 494 8220 8 774 1179 0
query47 818.49 48% 0 465744 1.00 1.00 25 3 HYBRID 766412 151295 13069 12331 1 11026 1 171514 14374 1 59142 11026 1 71472 94 171514 94 1 59142 94 1 171514 0 11443 11443 4 11443 11443 11443 11443 4 422 11443 4 11861 422 11443 11861 11443 11861 422 4 11443 0
query48 33.41 58% 0 341020 1.00 1.00 12 2 STAR 177689 2563 1 1 1 1 1 1 1 1 59132 1 1 59132 93 1 93 1 59132 93 1 1 0 3 3 3 3 3 3 3 3 420 3 3 420 420 3 421 3 420 420 3 3 0
query49 331.50 20% 0 368480 1.00 1.00 12 4 HYBRID 190820 14008 1 13501 1 40501 13501 1 1 1 1 1 1 1 1 40501 23101 9601 1 1 1 50101 0 5 1450 5 2710 1450 5 5 5 5 5 5 5 5 2710 1936 491 5 5 5 3196 0
query50 1800.00 0% 0 1428 0.00 1.00 45 7 HYBRID 1440922 89203 4456 417305 6361 16741 5551 37098 3889 1 414448 4477 1 3079 22 49464 416813 2401 5713 1 184 52917 0 7009 7009 5296 7839 3248 2486 7010 8 4533 7773 8 2486 771 3314 7011 2486 7773 8 5295 7840 0
query51 10.60 62% 0 211176 1.00 1.00 11 2 STAR 5300 516 1330 1 1330 2 1330 429 1 1 1 429 1 1 1 5 429 1 1 4 2 1 0 93 3 93 4 93 4 3 3 3 4 3 3 3 94 4 3 3 93 4 3 0
query52 35.65 39% 0 329252 1.00 1.00 16 2 PATH 12006 1381 23 29 1 16 2 1511 36 1 1 1854 1 30 1 1511 2438 600 600 1 1839 1511 0 4 4 3 4 4 4 4 3 3 440 3 4 3 4 440 4 4 3 439 4 0
query53 18.64 41% 0 229008 1.00 1.00 12 4 STAR 3362 683 1 100 1 1 100 1 1 1115 1 1016 1 1 1 1 1 1 801 1 216 1 0 5 130 5 5 130 5 5 199 5 74 5 5 5 5 5 5 51 5 29 5 0
query54 869.51 15% 0 374820 1.00 1.00 21 6 HYBRID 437240 37358 83836 1 1 1 1 106759 802 22924 1 27994 28747 802 49 49 33112 10189 27946 83836 1 10189 0 5601 7 7 7 7 7134 8 1540 7 4597 4597 8 8 8 2228 695 4596 5601 7 695 0
query55 23.58 40% 0 268840 1.00 1.00 20 4 HYBRID 9885 925 7 827 3 3 124 7 124 1 1 3279 1 1 4 1 2330 1 4 1163 1997 7 0 6 36 6 6 6 6 6 5 5 277 5 5 6 5 245 5 6 207 76 6 0
query56 55.23 56% 0 342496 1.00 1.00 17 3 STAR 64982 6633 2737 82 17182 1 46 3601 523 1423 1 1 1 820 1 298 901 1 298 19882 1 17182 0 734 549 549 4 549 190 549 550 4 4 4 549 4 549 5 4 549 734 4 549 0
query57 36.13 35% 0 312196 1.00 1.00 21 3 HYBRID 7347 1456 275 62 286 16 254 1511 36 1 1 16 1 30 1 1511 600 600 600 34 1 1511 0 16 441 451 5 16 5 5 4 4 5 4 5 4 16 5 5 5 451 4 5 0
query58 139.91 25% 0 340856 1.00 1.00 28 6 HYBRID 34604 7021 1 901 1 514 1 1944 1 1 1945 3943 3043 1 514 1944 3187 5131 5473 901 1 5157 0 113 114 7 726 113 113 113 7 497 659 552 113 620 113 298 788 1148 8 7 912 0
query59 1800.00 0% 0 1432 .99 1.00 22 3 STAR 40614869 153583 40631 13365527 131079 1 417 1 41087 41085 241 13364761 13366291 1144 241 100 1 1 100 131079 3 131079 0 25546 25541 56 4 57 4 25546 25545 5 25489 25491 56 5 57 4 4 56 56 5 56 0
query60 29.04 39% 0 312132 1.00 1.00 14 3 HYBRID 5711 1318 1287 181 1 182 1 429 4 1 1287 609 1 1 1287 2 429 1 1 1 5 1 0 93 266 4 267 4 5 93 4 93 267 4 4 94 5 5 4 4 4 94 4 0
query61 14.72 54% 0 229784 1.00 1.00 27 3 STAR 2154 833 27 58 39 23 127 428 145 1 1 144 1 25 4 422 79 79 82 40 1 428 0 36 148 118 36 36 36 36 4 4 36 4 35 5 35 35 35 36 118 4 36 0
query62 6.31 90% 0 176948 1.00 1.00 24 2 STAR 2046 474 27 22 3 23 127 428 145 1 1 144 1 25 4 422 79 79 82 4 1 428 0 35 34 4 35 35 35 35 3 3 35 3 34 4 34 34 34 35 4 3 35 0
query63 34.34 35% 0 308440 1.00 1.00 16 2 STAR 7266 1381 23 29 1 274 2 1511 36 259 1 16 1 30 1 1511 858 600 600 1 1 1511 0 4 4 3 440 4 4 4 439 3 4 3 4 3 4 440 4 4 3 3 4 0
query64 1800.00 0% 0 1432 0.00 1.00 42 7 HYBRID 695708 113807 1 1 1 1 1 1 1 1 230654 610 1 230654 633 1 1245 1 230654 633 613 1 0 8 8 8 8 8 8 8 8 11864 14169 8 11864 11864 8 26038 8 11864 11865 14183 8 0
query65 4.75 49% 0 90460 1.00 1.00 6 2 PATH 332 93 1 27 1 1 1 79 79 1 1 1 1 1 1 27 1 1 105 1 1 1 0 3 4 3 3 3 13 13 3 3 3 3 3 3 4 3 3 14 3 3 3 0
query66 1800.00 0% 0 1428 0.00 1.00 56 7 HYBRID 1217748 151681 284218 1 321580 43169 278371 44732 43169 5848 10968 1 9088 38 1 44732 32676 32676 21709 1 38 44732 0 26214 2687 23535 12216 15979 2687 12217 714 713 2687 14006 3393 8 12216 3392 3393 2687 8 713 12216 0
query67 1800.00 0% 0 1428 1.00 0.00 25 4 HYBRID 1535400 76420 592 379212 131445 1 418 1 1047 1045 241 378459 327 1144 241 100 1 1 100 509577 3 131445 0 74 25286 58 5 58 5 74 73 6 25234 20 58 6 58 5 5 58 25273 6 58 0
query68 20.32 41% 0 232732 1.00 1.00 15 3 HYBRID 3257 743 137 37 2 1 1 1 1 515 529 379 137 2 1 37 529 529 415 1 2 1 0 5 84 5 4 4 4 4 143 5 142 5 5 4 84 5 5 222 4 5 4 0
query69 1800.00 0% 0 1428 0.00 1.00 47 7 HYBRID 591438 116619 132056 4850 132034 57979 132032 1511 39 1 4822 19 487 30 1 1511 5421 58560 603 57961 4 1517 0 22192 445 22192 4319 21757 9 445 8 444 445 8707 9 8 13046 445 3883 445 16931 444 445 0
query70 35.10 36% 0 319172 1.00 1.00 16 2 PATH 12006 1381 23 29 1 16 2 1511 36 1 1 1854 1 30 1 1511 2438 600 600 1 1839 1511 0 4 4 3 4 4 4 4 3 3 440 3 4 3 4 440 4 4 3 439 4 0
query71 131.14 31% 0 346872 1.00 1.00 22 3 HYBRID 75725 9761 469 436 1 397 1 6190 508 1 2061 16501 1 2496 4 6190 16108 1 2061 4 16105 6190 0 421 421 4 421 421 421 421 4 5 1839 4 422 5 421 1840 421 422 5 1422 421 0
query72 1083.56 22% 0 444204 1.00 1.00 21 5 HYBRID 402299 87033 1 1 55729 71119 55729 1 1 4753 2061 5185 1 2061 4 66367 9940 1 57789 4 5185 66367 0 6 6 13284 2002 13284 6 6 1047 7 13701 6 7 13285 961 1465 6 13285 7 13701 961 0
query73 14.44 45% 0 198064 1.00 1.00 12 3 STAR 3899 500 1 1 1 2 1 1077 649 217 1 645 1 1 1 2 429 1 865 1 2 1 0 4 4 4 5 4 53 52 94 4 95 4 4 4 5 5 4 142 4 5 4 0
query74 1800.00 0% 0 1432 .19 1.00 38 7 HYBRID 1137528 101221 3721 335394 14035 1432 347206 20655 3022 6886 7585 1432 1 2405 2 20664 333072 1 11765 10 7585 20655 0 1534 22943 2872 1389 25810 1389 1390 472 473 4110 8 1390 2725 1534 22944 1389 4111 153 3195 1390 0
query75 420.94 23% 0 371124 1.00 1.00 35 5 HYBRID 96551 29149 15158 5725 24212 11275 12937 1 11276 1 5725 2195 46 1 1 28 5725 1 8 2188 7 41 0 6022 297 3758 2892 873 6 2892 6 297 2561 872 6 6 2601 297 6 297 2270 297 2893 0
query76 16.90 43% 0 254096 1.00 1.00 6 2 STAR 7655 624 1 1 1 1 1 1 1 1633 1 2546 914 914 1 1 1 1 1 1 1633 1 0 3 3 3 3 3 3 3 190 3 191 4 4 3 3 3 3 3 3 190 3 0
query77 83.61 42% 0 335216 1.00 1.00 23 3 HYBRID 44237 8175 4298 1439 4298 2 4297 8989 11 1 1430 8990 34 1 1 1 1439 8989 2 1 2 12 0 296 870 296 5 295 869 870 4 5 870 1160 4 4 4 870 869 5 4 5 870 0
query78 38.99 35% 0 315324 1.00 1.00 19 3 STAR 8310 1530 23 221 1 208 2 1511 36 415 1 622 1 30 1 1511 600 600 600 1 415 1511 0 5 441 4 441 5 5 5 47 4 484 4 5 4 5 5 5 5 4 47 5 0
query79 1800.01 0% 0 1432 0.00 1.00 31 6 HYBRID 1516904 54007 1 1 1 13501 1 73 1 158624 482462 1 1 323839 1 13573 9601 9601 323839 1 158609 23173 0 15 15 7 1460 15 15 15 10587 13292 15 7 2720 2712 1460 3206 501 2720 2712 10586 1947 0
query80 47.25 65% 0 348532 1.00 1.00 25 3 HYBRID 123047 5993 2480 37918 2390 19 2335 1 55 137 38446 10 137 2 1 19 38446 529 10 19 20 73 0 617 478 617 478 142 4 478 5 479 478 5 5 4 142 479 5 478 142 479 478 0
query81 4.71 100% 0 153712 1.00 1.00 11 2 PATH 11837 178 1 51 51 100 1 1 1 1 3811 3761 1 64 100 3761 1 64 1 64 1 1 0 3 4 4 17 3 3 3 3 18 18 3 18 17 17 3 18 3 17 3 3 0
query82 32.97 32% 0 314756 1.00 1.00 16 2 STAR 9669 1381 23 29 1 16 2 1511 36 1060 1 1075 1 30 1 1511 600 600 1659 1 1 1511 0 4 4 3 4 4 4 4 439 3 440 3 4 3 4 4 4 440 3 3 4 0
query83 5.79 84% 0 146676 1.00 1.00 8 2 PATH 6458 224 1994 1 1994 1 2137 1 1 1 1 144 1 1 1 159 1 1 1 16 1 1 0 35 3 36 3 36 3 3 3 3 4 3 3 3 36 3 3 3 35 3 3 0
query84 4.60 79% 0 120872 1.00 1.00 22 3 STAR 380 226 1 2 1 1 1 90 1 1 31 1 1 31 1 90 1 1 32 1 1 91 0 14 15 4 14 14 14 14 4 6 14 4 16 6 14 16 14 17 6 4 16 0
query85 21.64 47% 0 300904 1.00 1.00 18 3 STAR 8219 1418 172 1 1 2 1 429 1 1630 676 1887 172 1 1 2 1104 676 1 1 1460 1 0 94 4 94 5 4 5 4 268 94 179 94 94 4 5 95 94 4 4 269 4 0
query86 23.32 40% 0 311412 1.00 1.00 14 2 STAR 33650 942 2 1430 2 2 1 1 2 1 1430 9780 1 1 1 1 11208 1 2 1 9780 3 0 4 4 4 4 3 3 4 3 4 294 3 3 3 3 295 3 4 3 294 4 0
query87 45.81 53% 0 332312 1.00 1.00 39 4 HYBRID 20212 5831 592 3727 3749 383 1491 592 1482 1 4177 1482 1 10 499 379 415 442 49 103 361 277 0 367 258 290 367 367 367 37 5 588 37 5 335 367 335 335 335 367 367 335 367 0
query88 36.94 30% 0 328380 1.00 1.00 12 3 STAR 24989 1605 1 1 1 13 5873 1 2356 1 5861 97 2356 2356 97 109 1 1 1 1 5861 1 0 4 4 4 5 500 4 10 4 499 10 10 10 11 11 4 4 4 4 499 4 0
query89 43.57 27% 0 334576 1.00 1.00 17 4 HYBRID 8981 2317 1 190 1 1 700 1 2098 1 2098 28 28 4 4 862 1 1 163 1 2098 700 0 42 466 5 5 6 5 186 42 149 42 42 149 149 430 5 5 429 5 149 6 0
query90 57.70 34% 0 341616 1.00 1.00 30 4 HYBRID 22290 4226 268 1106 3450 264 124 2484 403 1 1 1211 1 280 4 2478 3448 1 4 830 1 5931 0 175 205 614 175 175 175 175 5 5 206 5 174 6 174 782 174 175 37 5 784 0
query91 13.14 58% 0 244724 1.00 1.00 14 2 STAR 9053 759 2471 1 2336 1 2335 1 1 137 529 1 137 2 1 19 529 529 1 19 2 1 0 142 3 142 3 141 3 3 4 4 3 4 4 3 141 4 4 3 141 4 3 0
query92 5.75 58% 0 108040 1.00 1.00 14 2 STAR 456 164 7 13 3 3 136 7 124 13 1 124 1 1 4 1 1 1 4 4 1 7 0 4 34 4 4 35 4 4 34 3 4 3 3 4 3 3 3 4 4 3 4 0
query93 11.73 74% 0 316348 1.00 1.00 22 3 HYBRID 95373 861 7 401 403 300 124 7 124 1 31076 30799 1 379 301 30676 1 379 4 382 1 7 0 5 35 36 90 5 5 5 4 119 89 4 89 90 89 4 88 5 90 4 5 0
query94 32.53 76% 0 338408 1.00 1.00 19 2 STAR 27410 5475 469 436 1 397 1 6189 508 1 2061 397 1 2496 4 6189 4 1 2061 4 1 6189 0 419 419 3 419 419 419 419 3 4 419 3 420 4 419 420 419 420 4 3 420 0
query95 1800.00 0% 0 1432 .97 1.00 21 4 HYBRID 675974 87969 1 1 45064 1 1 1 45064 1 179918 1 1 179918 339 1 339 1 179918 45402 1 1 0 5 5 25971 5 5 5 25969 5 1667 5 5 1667 1667 5 1668 5 1667 27633 5 5 0
query96 16.69 43% 0 257528 1.00 1.00 14 4 HYBRID 2996 982 1 133 4 1 772 1 1 73 1 160 163 160 1 700 1 61 61 1 1 700 0 5 185 149 5 42 5 5 41 5 22 166 22 5 6 5 149 149 5 5 6 0
query97 8.49 55% 0 152688 1.00 1.00 9 3 STAR 3068 315 1 1 94 1 1 1 94 251 251 674 1 1 1 1 674 1 1 94 924 1 0 4 4 59 4 4 4 59 5 5 27 4 4 4 4 26 4 4 59 27 4 0
query98 161.87 40% 0 345268 1.00 1.00 22 4 HYBRID 120119 23390 1567 6077 1 1567 1 32392 2478 8099 1 5166 1 2478 1 24294 8099 1 1 3600 1 24294 0 1628 1813 5 1628 1628 2172 1628 549 5 1813 5 1628 5 1629 2173 1628 1629 191 5 1628 0
query99 1800.00 0% 0 1432 0.00 1.00 31 6 HYBRID 1593342 162226 592 769 131445 8609 9101 1 369885 1045 241 20242 368839 369982 20482 29114 1 1 100 131445 3 131445 0 61 60 60 587 645 7 26685 60 8 26631 26631 26684 26632 27273 7 7 60 60 8 60 0
query100 442.72 15% 0 368380 1.00 1.00 29 6 HYBRID 140834 26498 325 325 21061 1 1 1 1450 649 13852 4045 4798 2098 49 697 5671 16399 18496 24184 1 26731 0 811 811 811 7 811 7 812 811 4526 637 637 812 8 812 695 4700 5959 1325 7 1499 0
