query16 34.77 144% 0.0 370606.6666666667 1.0 1.0 4.0 3.0 STAR 1060306.6666666667 1127.0 1.0 1.0 1.0 5034.666666666667 1691.0 1.0 1.0 171876.66666666666 1.0 1.0 1.0 1.0 1.0 172293.66666666666 171648.0 4730.666666666667 11065.666666666666 4832.333333333333 1.0 1.0 81.0 1.0 1.0 1.0 172485.0 172673.33333333334 1.0 171876.66666666666 1.0 1.0 0.0 1.0 1.0 1.0 3.3333333333333335 1.3333333333333333 1.0 1.0 325.6666666666667 1.0 1.0 1.0 1.0 1.0 39.0 39.0 3.3333333333333335 1.3333333333333333 3.3333333333333335 1.0 1.0 1.3333333333333333 1.0 1.0 1.0 39.333333333333336 325.6666666666667 1.0 326.3333333333333 1.0 1.0 0.0
query1 6.096666666666667 29% 0.0 111126.66666666667 1.0 1.0 8.0 5.0 HYBRID 689.0 85.66666666666667 72.33333333333333 1.0 38.666666666666664 1.0 1.0 1.3333333333333333 1.6666666666666667 1.0 1.0 1.0 39.0 212.66666666666666 1.3333333333333333 1.0 3.0 3.3333333333333335 1.3333333333333333 1.0 1.6666666666666667 1.0 1.0 1.0 37.666666666666664 1.0 36.333333333333336 213.0 3.0 1.0 3.0 6.666666666666667 0.0 11.333333333333334 1.0 6.0 1.0 1.0 1.3333333333333333 3.6666666666666665 1.0 1.0 1.0 8.666666666666666 1.6666666666666667 1.3333333333333333 1.0 2.0 10.0 2.0 1.0 1.3333333333333333 1.0 1.0 1.0 6.666666666666667 1.0 6.666666666666667 4.666666666666667 2.0 1.0 1.6666666666666667 1.6666666666666667 0.0
query25 6.599999999999999 41% 0.0 110949.33333333333 1.0 1.0 2.3333333333333335 2.0 PATH 1935.3333333333333 64.33333333333333 1.0 159.0 1.0 477.3333333333333 1.0 1.0 1.0 162.0 1.0 1.0 1.0 1.0 1.0 1.0 1.0 1.0 1.0 1.0 1.0 953.6666666666666 1.0 1.0 1.0 158.33333333333334 1.0 1.0 1.0 1.0 1.0 1.0 0.0 1.0 12.0 1.0 1.3333333333333333 1.0 1.0 1.0 12.0 1.0 1.0 1.0 1.0 1.0 1.0 1.0 1.0 1.0 1.0 1.0 1.6666666666666667 1.0 1.0 1.0 12.333333333333334 1.0 1.0 1.0 1.0 1.0 1.0 0.0
query98 26.05333333333333 47% 0.0 174157.33333333334 1.0 1.0 5.0 4.0 HYBRID 2130.0 396.0 1.0 102.0 1.0 1.0 1.0 402.0 1.0 1.0 102.0 1.0 1.0 1.0 1.0 102.0 1.0 1.0 1.0 1.0 102.33333333333333 1.0 98.66666666666667 1.0 301.0 301.0 1.0 1.0 99.0 1.0 402.0 99.0 0.0 1.0 8.0 1.0 1.0 1.0 8.333333333333334 1.0 1.0 8.0 1.0 1.0 1.0 1.0 8.0 1.0 1.0 1.0 1.0 8.333333333333334 1.0 8.333333333333334 1.0 1.3333333333333333 1.3333333333333333 1.0 1.0 8.666666666666666 1.0 308.0 8.666666666666666 0.0
query67 1039.6933333333334 0% 0.0 764097.3333333334 1.0 0.0 5.0 4.0 HYBRID 2024516.0 32314.333333333332 1.0 1.0 1.0 1.0 1691.0 1.0 1.0 172170.0 1.0 128767.33333333333 1.0 1.0 1.0 172415.66666666666 171648.0 1.0 516424.6666666667 143361.33333333334 1.0 72001.0 1.0 1.0 128763.0 637.3333333333334 172363.0 172270.33333333334 1.0 171986.33333333334 1.0 1.0 0.0 1.0 1.0 1.0 1.0 1.3333333333333333 1.0 1.0 325.6666666666667 1.0 8586.666666666666 1.0 1.0 1.0 39.333333333333336 39.0 1.0 637.3333333333334 13388.0 1.0 1.3333333333333333 1.0 1.0 8586.333333333334 1.3333333333333333 39.0 326.0 1.0 326.0 1.0 1.0 0.0
query100 30.090000000000003 9% 0.0 168725.33333333334 1.0 1.0 8.0 6.0 HYBRID 732.0 438.3333333333333 44.0 17.0 1.0 11.0 1.0 1.0 11.0 1.0 17.333333333333332 181.66666666666666 6.0 1.0 22.333333333333332 1.0 1.0 18.333333333333332 6.666666666666667 1.0 12.0 20.0 26.0 1.0 1.0 2.6666666666666665 216.66666666666666 6.333333333333333 1.0 62.0 39.0 1.0 0.0 4.666666666666667 3.6666666666666665 1.0 3.0 1.0 1.0 1.6666666666666667 1.0 2.6666666666666665 1.6666666666666667 2.0 1.0 3.0 1.0 1.0 48.0 1.6666666666666667 1.0 2.6666666666666665 2.6666666666666665 3.6666666666666665 1.0 1.0 2.3333333333333335 118.66666666666667 2.3333333333333335 1.0 3.3333333333333335 218.66666666666666 1.0 0.0
query41 5.713333333333334 30% 0.0 90297.33333333333 1.0 1.0 3.6666666666666665 3.0 STAR 516.3333333333334 45.333333333333336 1.0 150.33333333333334 1.0 1.0 1.0 52.0 1.0 1.0 1.0 1.0 1.0 1.0 41.0 1.0 52.333333333333336 1.0 76.33333333333333 1.0 1.0 1.0 1.0 1.0 1.0 35.0 1.0 1.0 25.333333333333332 1.0 15.0 48.0 0.0 1.0 1.3333333333333333 1.0 1.0 1.0 4.666666666666667 1.0 1.0 1.0 1.0 1.0 1.0 1.6666666666666667 1.0 5.0 1.0 2.3333333333333335 1.0 1.0 1.0 1.0 1.0 1.0 2.0 1.0 1.0 1.3333333333333333 1.0 1.3333333333333333 4.666666666666667 0.0
query33 5.29 35% 0.0 108089.33333333333 1.0 1.0 2.6666666666666665 2.0 PATH 2853.6666666666665 60.333333333333336 1.0 1.0 1.0 405.3333333333333 1.0 1.0 1.0 1.0 1.0 1.0 1.0 1.0 1.0 405.6666666666667 399.6666666666667 198.33333333333334 170.0 397.3333333333333 1.0 1.0 1.0 330.0 1.0 1.0 1.0 1.0 328.0 1.0 1.0 198.33333333333334 0.0 1.0 1.0 1.0 5.666666666666667 1.0 1.0 1.0 1.0 1.0 1.0 1.0 1.0 1.0 6.0 5.666666666666667 1.3333333333333333 1.3333333333333333 5.666666666666667 1.0 1.0 1.0 6.0 1.0 1.0 1.0 1.0 6.333333333333333 1.0 1.0 1.3333333333333333 0.0
query94 9.01 48% 0.0 133380.0 1.0 1.0 2.6666666666666665 2.0 STAR 3463.3333333333335 125.66666666666667 1.0 1.0 1.0 1.0 1.0 229.33333333333334 1.0 1.0 1.0 1.0 1.0 1.0 1.0 1.0 232.33333333333334 1.0 1.0 1.0 229.66666666666666 1.0 1.0 1.0 1.0 687.6666666666666 687.6666666666666 1.0 232.0 1.0 914.6666666666666 228.0 0.0 1.0 1.0 1.0 1.0 1.0 16.666666666666668 1.0 1.0 1.0 1.0 1.0 1.0 1.0 1.0 17.0 1.0 1.0 1.0 17.0 1.0 1.0 1.0 1.0 1.3333333333333333 1.3333333333333333 1.0 16.666666666666668 1.0 17.0 16.666666666666668 0.0
query48 4.7266666666666675 48% 0.0 101866.66666666667 1.0 1.0 2.0 2.0 STAR 2090.0 31.0 1.0 1.0 1.0 1.0 1.0 1.0 1.0 1.0 1.0 1.0 1.0 1.0 1.0 1.0 1.0 1.0 1.0 1.0 1.0 1.0 1.0 1.0 1.0 687.6666666666666 687.6666666666666 1.0 1.0 1.0 687.6666666666666 1.0 0.0 1.0 1.0 1.0 1.0 1.0 1.0 1.0 1.0 1.0 1.0 1.0 1.0 1.0 1.0 1.0 1.0 1.0 1.0 1.0 1.0 1.0 1.0 1.0 1.3333333333333333 1.3333333333333333 1.0 1.0 1.0 1.3333333333333333 1.0 0.0
query92 6.53 32% 0.0 85402.66666666667 1.0 1.0 2.6666666666666665 2.0 STAR 116.0 39.666666666666664 1.0 1.0 1.0 1.3333333333333333 1.3333333333333333 1.0 1.0 1.0 1.0 1.0 1.0 1.0 1.0 1.0 2.3333333333333335 1.0 1.0 2.0 1.0 1.0 1.0 1.0 1.0 1.0 1.0 1.0 43.0 1.0 1.0 42.0 0.0 1.0 1.0 1.0 2.3333333333333335 2.3333333333333335 1.0 1.0 1.0 1.0 1.0 1.0 1.0 2.3333333333333335 2.3333333333333335 1.3333333333333333 1.0 1.0 2.6666666666666665 1.0 1.0 1.0 1.0 1.0 1.0 1.0 1.0 3.0 1.0 1.0 1.3333333333333333 0.0
query84 8.43 36% 0.0 99854.66666666667 1.0 1.0 4.0 3.0 STAR 733.3333333333334 81.0 1.0 4.333333333333333 1.0 1.0 1.0 2.3333333333333335 3.0 1.0 1.0 1.0 1.0 1.0 1.0 1.0 2.0 1.0 4.333333333333333 1.0 2.0 1.0 1.0 1.0 1.0 2.3333333333333335 1.0 1.0 2.0 1.0 689.0 2.0 0.0 1.0 1.3333333333333333 1.0 1.0 1.0 1.6666666666666667 24.666666666666668 1.0 1.0 1.0 1.0 1.0 1.0 1.0 1.3333333333333333 1.0 1.3333333333333333 1.0 1.3333333333333333 1.0 1.0 1.0 1.0 24.666666666666668 1.0 1.0 1.3333333333333333 1.0 2.0 1.3333333333333333 0.0
query12 6.796666666666667 47% 0.0 103512.0 1.0 1.0 6.666666666666667 5.0 HYBRID 394.6666666666667 86.0 1.0 1.0 1.0 35.333333333333336 35.666666666666664 1.0 1.6666666666666667 4.333333333333333 1.0 12.333333333333334 1.0 1.0 4.666666666666667 18.333333333333332 32.333333333333336 1.0 1.0 48.0 1.0 10.0 2.3333333333333335 10.333333333333334 4.333333333333333 53.333333333333336 1.0 3.0 104.66666666666667 1.0 1.0 1.0 0.0 1.0 1.0 1.0 4.333333333333333 3.6666666666666665 1.0 1.3333333333333333 4.666666666666667 1.0 19.333333333333332 1.0 1.0 2.0 1.3333333333333333 3.6666666666666665 1.0 1.0 4.666666666666667 1.0 10.333333333333334 1.6666666666666667 1.3333333333333333 5.333333333333333 5.333333333333333 1.0 1.6666666666666667 1.3333333333333333 1.0 1.0 1.0 0.0
query10 10.530000000000001 20% 0.0 107360.0 1.0 1.0 6.333333333333333 5.0 HYBRID 231.0 111.33333333333333 1.0 5.333333333333333 1.0 4.333333333333333 1.0 2.6666666666666665 1.0 1.0 18.333333333333332 1.0 1.0 1.0 1.0 1.0 13.666666666666666 8.0 5.0 48.666666666666664 1.0 26.666666666666668 3.6666666666666665 1.0 1.0 6.666666666666667 1.0 1.0 9.0 1.0 18.666666666666668 44.333333333333336 0.0 1.0 2.6666666666666665 1.0 2.0 1.0 1.3333333333333333 1.0 1.0 1.6666666666666667 1.0 1.0 1.0 1.0 1.0 1.3333333333333333 2.3333333333333335 2.3333333333333335 45.333333333333336 1.0 2.3333333333333335 2.0 1.0 1.0 2.0 1.0 1.0 1.3333333333333333 1.0 27.333333333333332 1.3333333333333333 0.0
query38 23.8 12% 0.0 153601.33333333334 1.0 1.0 7.666666666666667 6.0 HYBRID 816.0 339.0 1.0 19.666666666666668 1.0 16.666666666666668 21.333333333333332 67.0 1.0 33.0 1.0 67.0 1.0 76.0 110.33333333333333 1.0 13.666666666666666 67.0 71.66666666666667 1.0 1.0 35.0 1.0 1.0 1.0 38.666666666666664 14.333333333333334 1.0 42.0 1.0 67.66666666666667 42.0 0.0 1.0 1.6666666666666667 1.0 5.0 4.666666666666667 67.0 1.0 3.6666666666666665 1.0 67.0 1.0 3.0 3.6666666666666665 1.0 1.3333333333333333 148.66666666666666 2.3333333333333335 1.0 1.0 4.333333333333333 1.0 1.0 1.0 2.6666666666666665 2.0 1.0 1.3333333333333333 1.0 6.333333333333333 1.3333333333333333 0.0
query32 7.010000000000001 48% 0.0 132680.0 1.0 1.0 3.0 2.0 PATH 3030.0 136.0 1.0 1.0 1.0 167.33333333333334 1.0 1.0 1.0 1.0 1.0 1.0 1.0 1.0 1.0 167.0 167.66666666666666 167.0 167.66666666666666 167.66666666666666 1.0 501.0 1.0 168.33333333333334 1.0 1.0 1.0 501.0 335.3333333333333 1.0 1.0 501.0 0.0 1.0 1.0 1.0 12.666666666666666 1.0 1.0 1.0 1.0 1.0 1.0 1.0 1.0 1.0 12.333333333333334 12.666666666666666 12.333333333333334 12.666666666666666 12.666666666666666 1.0 1.3333333333333333 1.0 13.0 1.0 1.0 1.0 1.3333333333333333 24.666666666666668 1.0 1.0 1.3333333333333333 0.0
query17 16.263333333333332 43% 0.0 134192.0 1.0 1.0 7.0 5.0 STAR 835.6666666666666 223.0 1.0 1.0 1.0 9.333333333333334 8.666666666666666 1.0 6.0 19.0 143.66666666666666 84.33333333333333 7.333333333333333 1.0 1.0 29.666666666666668 10.0 8.333333333333334 10.666666666666666 1.0 51.333333333333336 1.0 1.0 1.0 8.333333333333334 143.66666666666666 1.0 9.0 57.0 8.666666666666666 87.66666666666667 122.0 0.0 1.0 1.0 1.0 3.3333333333333335 3.3333333333333335 1.0 4.0 7.666666666666667 1.3333333333333333 1.3333333333333333 2.0 1.0 1.0 3.3333333333333335 5.0 2.0 5.0 1.0 4.666666666666667 1.0 1.0 1.0 2.6666666666666665 1.3333333333333333 1.0 3.6666666666666665 4.666666666666667 3.6666666666666665 7.0 146.0 0.0
query20 39.803333333333335 20% 0.0 293454.6666666667 1.0 1.0 7.333333333333333 6.0 HYBRID 21084.666666666668 1337.6666666666667 1.0 667.3333333333334 1.0 173.66666666666666 246.33333333333334 172.0 1.0 1.0 1.0 1.0 1.0 1.0 1.0 1.0 440.3333333333333 1.0 1.0 1.0 2112.3333333333335 1.0 1.0 1.0 1.0 6334.333333333333 1.0 1.0 2112.0 189.33333333333334 8445.333333333334 172.66666666666666 0.0 1.0 142.33333333333334 1.0 142.33333333333334 213.0 12.666666666666666 1.0 1.0 1.0 1.0 1.0 1.0 1.0 1.0 224.33333333333334 1.0 1.0 1.0 142.33333333333334 1.0 1.0 1.0 1.0 1.3333333333333333 1.0 1.0 142.0 142.33333333333334 142.66666666666666 13.333333333333334 0.0
query21 5.906666666666666 32% 0.0 86632.0 1.0 1.0 2.6666666666666665 2.0 STAR 186.0 39.666666666666664 1.0 1.0 1.0 9.333333333333334 1.0 1.0 10.666666666666666 34.0 1.0 1.0 1.0 1.0 10.666666666666666 1.0 1.0 1.0 1.0 1.0 1.0 7.666666666666667 1.0 1.0 1.0 1.0 1.0 1.0 48.666666666666664 1.0 1.0 42.0 0.0 1.0 1.0 1.0 2.3333333333333335 1.0 1.0 2.6666666666666665 3.0 1.0 1.0 1.0 1.0 2.3333333333333335 1.0 1.0 1.0 1.0 1.0 1.0 2.3333333333333335 1.0 1.0 1.0 1.0 1.0 1.0 2.6666666666666665 1.0 1.0 1.3333333333333333 0.0
query30 14.143333333333333 38% 0.0 125482.66666666667 1.0 1.0 5.0 4.0 STAR 518.3333333333334 192.33333333333334 1.0 1.0 1.0 1.0 1.0 12.0 1.0 17.666666666666668 1.0 12.0 1.0 1.0 1.0 1.0 1.0 1.0 1.0 1.0 1.0 1.0 1.0 12.333333333333334 141.33333333333334 1.0 1.0 45.666666666666664 34.333333333333336 1.0 42.666666666666664 179.33333333333334 0.0 1.0 1.0 1.0 1.0 1.0 2.3333333333333335 1.0 7.0 1.0 2.6666666666666665 1.0 1.0 1.0 1.0 1.0 1.0 1.0 1.0 1.0 1.0 1.0 2.6666666666666665 1.3333333333333333 1.0 1.0 1.3333333333333333 141.33333333333334 1.0 9.0 3.6666666666666665 0.0
query82 7.239999999999999 44% 0.0 96200.0 1.0 1.0 2.3333333333333335 2.0 STAR 742.0 66.0 1.0 23.0 1.0 1.0 1.0 67.66666666666667 1.0 1.0 1.0 1.0 1.0 1.0 1.0 1.0 1.0 1.0 1.0 1.0 1.0 1.0 1.0 1.0 26.333333333333332 1.0 1.0 29.0 67.66666666666667 1.0 1.0 504.3333333333333 0.0 1.0 12.333333333333334 1.0 1.0 1.0 1.3333333333333333 1.0 1.0 1.0 1.0 1.0 1.0 1.0 1.0 1.0 1.0 1.0 1.0 1.0 1.0 1.0 1.0 13.0 1.0 1.0 12.666666666666666 1.3333333333333333 1.0 1.0 1.3333333333333333 0.0
query72 322.0 5% 0.0 384874.6666666667 1.0 1.0 6.333333333333333 5.0 HYBRID 53986.333333333336 4758.666666666667 1.0 50127.666666666664 1.0 1.0 1.0 68.0 1.0 73.66666666666667 1.0 1.0 1.0 1.0 83.66666666666667 291.6666666666667 1.0 177.0 1211.3333333333333 341.0 1.0 78.33333333333333 86.0 189.66666666666666 1.0 67.33333333333333 1.0 1.0 201.0 1.0 820.3333333333334 154.66666666666666 0.0 1.0 1.3333333333333333 1.0 1.0 1.0 19.333333333333332 1.0 19.666666666666668 1.0 1.0 1.0 1.0 3.0 5.333333333333333 1.0 3344.3333333333335 3.3333333333333335 5.333333333333333 1.0 20.0 19.666666666666668 5.666666666666667 1.0 3.3333333333333335 1.0 1.0 20.0 1.0 1131.0 142.33333333333334 0.0
query85 7.153333333333333 36% 0.0 103358.66666666667 1.0 1.0 4.333333333333333 3.0 STAR 552.3333333333334 64.0 22.0 1.0 42.666666666666664 16.333333333333332 1.0 19.666666666666668 16.0 1.0 14.0 1.0 105.66666666666667 76.0 1.0 1.0 1.0 1.0 1.0 14.666666666666666 1.0 1.0 1.0 24.0 27.0 143.66666666666666 1.0 1.0 1.0 1.0 1.0 13.666666666666666 0.0 4.333333333333333 1.0 7.666666666666667 3.0 1.0 4.333333333333333 3.6666666666666665 1.0 4.333333333333333 1.0 1.3333333333333333 1.3333333333333333 1.0 1.0 1.0 1.0 1.0 3.3333333333333335 1.0 1.0 1.0 4.333333333333333 4.666666666666667 1.3333333333333333 1.0 1.0 1.0 1.0 1.0 3.3333333333333335 0.0
query99 1002.2133333333333 3% 0.0 233425.33333333334 0.6666666666666666 1.0 7.0 6.0 HYBRID 79559.0 15000.666666666666 1.3333333333333333 1.0 1.0 5841.0 1.0 1.0 1.0 1899.0 1972.0 1972.0 1.0 1.0 1.0 1.0 1228.0 1.0 1.0 1235.3333333333333 1.0 64081.0 81.0 1.0 1.0 1228.0 1.0 1.3333333333333333 1.0 1.0 1.0 1.0 0.0 1.3333333333333333 1.0 1.0 1.3333333333333333 1.0 1.0 1.0 3.0 3.6666666666666665 3.3333333333333335 1.0 1.0 1.0 1.0 5841.0 1.0 1.0 8732.0 1.0 1.3333333333333333 1.3333333333333333 1.0 1.0 392.0 1.0 1.3333333333333333 1.0 1.0 1.0 1.0 0.0
query93 10.433333333333332 42% 0.0 155125.33333333334 1.0 1.0 4.333333333333333 3.0 HYBRID 5417.0 184.33333333333334 1.0 1.0 1.0 353.6666666666667 353.6666666666667 357.3333333333333 1.0 1418.3333333333333 1.0 14.0 330.6666666666667 1.0 1.0 434.6666666666667 1.0 1.0 1.0 17.0 1.0 353.0 1.0 353.0 1074.0 1.0 1.0 1.0 42.0 1.0 298.6666666666667 1.0 0.0 1.0 1.0 1.0 25.0 25.0 25.333333333333332 1.0 25.666666666666668 1.0 2.6666666666666665 2.3333333333333335 1.0 1.0 2.3333333333333335 1.0 1.0 1.0 2.3333333333333335 1.0 25.0 1.0 25.0 2.6666666666666665 1.0 1.0 1.0 1.3333333333333333 1.0 2.6666666666666665 1.0 0.0
query19 4.693333333333334 35% 0.0 84549.33333333333 1.0 1.0 6.0 4.0 STAR 101.66666666666667 43.0 1.0 1.0 1.0 2.0 2.0 1.6666666666666667 2.0 28.666666666666668 1.0 2.3333333333333335 1.3333333333333333 1.0 1.3333333333333333 9.666666666666666 1.0 1.0 1.0 2.0 2.0 2.3333333333333335 2.3333333333333335 1.3333333333333333 1.0 1.0 1.0 1.0 4.333333333333333 1.0 12.0 11.333333333333334 0.0 1.0 1.0 1.0 1.3333333333333333 1.6666666666666667 1.6666666666666667 1.3333333333333333 1.6666666666666667 1.0 1.6666666666666667 1.3333333333333333 1.0 1.3333333333333333 2.3333333333333335 1.0 1.0 2.0 1.3333333333333333 1.6666666666666667 1.6666666666666667 2.0 2.3333333333333335 1.0 1.0 1.0 1.0 1.3333333333333333 1.0 2.0 2.3333333333333335 0.0
query15 5.886666666666668 42% 0.0 115464.0 1.0 1.0 3.0 2.0 STAR 1745.0 82.0 1.0 1.0 107.0 1.0 1.0 1.0 1.0 1.0 1.0 1.0 1.0 107.0 1.0 102.66666666666667 1.0 1.0 107.0 1.0 1.0 132.0 1.0 102.66666666666667 1.0 1.0 102.66666666666667 365.0 1.0 234.0 234.0 132.0 0.0 1.0 1.0 6.333333333333333 1.0 1.0 1.0 1.0 1.0 1.0 1.0 1.0 6.333333333333333 1.0 7.0 1.0 1.0 6.333333333333333 1.0 1.0 6.666666666666667 1.0 6.666666666666667 1.0 1.0 7.0 7.0 1.0 1.3333333333333333 1.3333333333333333 7.0 0.0
query96 8.813333333333334 23% 0.0 102130.66666666667 1.0 1.0 4.666666666666667 4.0 HYBRID 281.6666666666667 81.66666666666667 1.0 1.0 1.0 17.333333333333332 3.3333333333333335 1.3333333333333333 1.0 1.0 1.0 1.0 1.0 212.0 1.0 1.0 1.3333333333333333 1.0 1.0 1.0 1.6666666666666667 1.0 1.0 1.0 1.0 1.0 2.3333333333333335 1.0 19.666666666666668 1.0 1.0 1.6666666666666667 0.0 1.0 1.0 1.0 6.666666666666667 6.0 1.3333333333333333 1.0 1.0 1.0 1.0 1.6666666666666667 1.3333333333333333 1.0 1.0 2.0 1.0 1.0 1.0 19.666666666666668 1.0 1.0 1.0 1.0 1.0 6.333333333333333 1.0 1.3333333333333333 1.0 1.0 15.333333333333334 0.0
query91 6.89 43% 0.0 96030.66666666667 1.0 1.0 2.6666666666666665 2.0 STAR 845.3333333333334 57.666666666666664 1.0 1.0 1.0 1.0 1.0 1.0 1.0 1.0 76.0 1.0 1.0 1.0 146.66666666666666 1.0 61.666666666666664 1.0 177.0 1.0 1.0 1.0 68.66666666666667 1.0 177.0 1.0 46.333333333333336 1.0 1.0 1.0 1.0 70.0 0.0 1.0 1.0 1.0 1.0 1.0 1.0 1.0 1.0 5.333333333333333 1.0 1.0 1.0 10.0 1.0 5.333333333333333 1.0 1.3333333333333333 1.0 1.0 1.0 5.333333333333333 1.0 1.3333333333333333 1.0 1.3333333333333333 1.0 1.0 1.0 1.0 5.666666666666667 0.0
query77 8.133333333333333 41% 0.0 137974.66666666666 1.0 1.0 4.333333333333333 3.0 HYBRID 2785.6666666666665 154.66666666666666 1.0 159.0 1.0 1.0 1.0 1.0 115.33333333333333 327.0 1.0 107.33333333333333 168.0 1.0 1.0 108.0 332.6666666666667 1.0 1.0 1.0 1.0 953.6666666666666 112.0 1.0 1.0 158.0 1.0 1.0 115.66666666666667 1.0 111.0 1.0 0.0 1.0 12.0 1.0 1.0 1.0 1.0 12.0 24.333333333333332 1.0 12.333333333333334 12.666666666666666 1.0 1.0 12.333333333333334 1.3333333333333333 1.0 1.0 1.0 1.0 1.6666666666666667 12.0 1.0 1.0 12.0 1.0 1.0 12.0 1.0 12.0 1.0 0.0
query28 4.526666666666666 29% 0.0 78932.0 1.0 1.0 4.0 3.0 STAR 48.0 36.0 1.0 1.0 1.0 1.0 1.0 1.0 1.3333333333333333 1.0 1.0 1.0 1.0 1.0 1.0 1.0 1.0 1.0 1.0 1.0 1.0 1.0 1.3333333333333333 1.3333333333333333 1.0 1.0 1.0 1.0 4.333333333333333 1.0 11.333333333333334 4.333333333333333 0.0 1.0 1.0 1.0 1.0 1.0 1.0 1.6666666666666667 1.0 1.0 1.0 1.0 1.0 1.3333333333333333 1.0 1.0 1.3333333333333333 1.6666666666666667 1.0 1.0 1.0 1.6666666666666667 2.6666666666666665 1.3333333333333333 1.0 1.0 1.0 1.3333333333333333 1.3333333333333333 1.3333333333333333 1.3333333333333333 0.0
query26 15.449999999999998 24% 0.0 130024.0 1.0 1.0 6.666666666666667 5.0 HYBRID 442.0 215.0 7.0 1.0 1.0 11.666666666666666 12.0 1.0 4.333333333333333 25.666666666666668 1.0 8.666666666666666 1.0 1.0 1.0 7.666666666666667 12.666666666666666 1.0 1.0 3.6666666666666665 3.6666666666666665 7.0 6.0 2.3333333333333335 1.0 25.666666666666668 1.0 1.0 7.666666666666667 139.0 1.0 144.33333333333334 0.0 2.0 1.0 1.0 2.3333333333333335 2.6666666666666665 1.0 2.0 1.3333333333333333 1.0 2.0 1.0 1.0 1.0 139.0 2.6666666666666665 1.0 1.0 2.0 1.6666666666666667 2.0 2.0 2.0 1.0 1.3333333333333333 1.0 1.0 23.666666666666668 12.0 1.0 1.3333333333333333 0.0
query60 6.433333333333334 50% 0.0 117309.33333333333 1.0 1.0 5.0 3.0 HYBRID 906.0 97.0 1.0 1.0 1.0 47.333333333333336 50.333333333333336 1.0 1.0 1.0 145.66666666666666 1.0 3.6666666666666665 1.0 147.66666666666666 47.0 3.0 1.0 47.0 1.0 3.0 50.666666666666664 97.66666666666667 95.0 1.0 146.33333333333334 1.0 3.0 1.0 3.6666666666666665 1.0 1.0 0.0 1.0 1.0 1.0 4.666666666666667 4.666666666666667 1.0 1.0 1.0 4.666666666666667 1.0 4.333333333333333 1.0 8.333333333333334 4.333333333333333 5.0 1.0 4.333333333333333 1.0 5.0 5.0 8.666666666666666 8.333333333333334 1.0 5.333333333333333 1.0 4.666666666666667 1.0 4.666666666666667 1.0 1.0 0.0
query46 672.1466666666666 27% 0.0 150552.0 0.6666666666666666 1.0 7.666666666666667 7.0 HYBRID 143938.66666666666 10749.0 1.0 1.0 1.0 3.0 1.0 1.0 1.0 138472.66666666666 1.0 1.0 1.0 1.0 1.0 1.0 1.0 1.0 1.0 1.0 1.0 7.666666666666667 803.6666666666666 16.666666666666668 1.0 1.0 1.0 1.0 19.333333333333332 1.0 801.0 3792.6666666666665 0.0 1.0 1.0 1.0 1.6666666666666667 1.0 1.0 1.0 801.0 1.0 1.0 1.0 1.0 1.0 1.0 1.0 1.0 8844.333333333334 1.0 1.0 256.6666666666667 2.6666666666666665 1.3333333333333333 1.0 1.0 1.0 1.0 18.0 1.0 1.3333333333333333 801.0 0.0
query76 6.653333333333333 46% 0.0 118837.33333333333 1.0 1.0 3.0 2.0 STAR 1487.0 96.0 1.0 1.0 1.0 59.666666666666664 1.0 58.666666666666664 1.0 1.0 1.0 60.333333333333336 59.333333333333336 305.3333333333333 1.0 1.0 1.0 59.0 1.0 58.666666666666664 1.0 1.0 1.0 65.33333333333333 66.0 1.0 1.0 1.0 305.3333333333333 1.0 1.0 370.3333333333333 0.0 1.0 1.0 1.0 8.333333333333334 1.0 8.0 1.0 1.0 1.0 8.333333333333334 8.0 1.3333333333333333 1.0 1.0 1.0 8.0 1.0 8.0 1.0 1.0 1.0 8.333333333333334 8.666666666666666 1.0 1.0 1.0 1.3333333333333333 1.0 1.0 8.666666666666666 0.0
query7 7.666666666666667 42% 0.0 125434.66666666667 1.0 1.0 4.333333333333333 3.0 STAR 1740.0 121.0 52.333333333333336 1.0 1.0 1.0 1.0 152.66666666666666 1.0 49.0 1.0 1.0 1.0 1.0 52.0 52.0 152.66666666666666 52.0 52.0 52.333333333333336 1.0 1.0 801.0 50.333333333333336 1.0 1.0 1.0 1.0 99.33333333333333 1.0 50.333333333333336 56.0 0.0 5.0 1.0 1.0 1.0 1.0 1.3333333333333333 1.0 19.0 1.0 1.0 1.0 1.0 4.666666666666667 4.666666666666667 1.3333333333333333 4.666666666666667 4.666666666666667 5.0 1.0 1.0 1.3333333333333333 5.0 1.0 1.0 1.0 1.0 23.666666666666668 1.0 5.0 19.666666666666668 0.0
query83 6.543333333333334 28% 0.0 84414.66666666667 1.0 1.0 2.3333333333333335 2.0 PATH 391.3333333333333 35.666666666666664 1.0 1.0 1.0 1.0 1.0 1.0 1.0 1.0 1.0 1.0 60.0 1.0 1.0 1.0 46.666666666666664 1.0 1.0 1.0 1.0 1.0 46.666666666666664 1.0 1.0 1.0 89.0 76.33333333333333 1.0 1.0 48.666666666666664 1.0 0.0 1.0 1.0 1.0 1.0 1.0 1.0 1.0 1.0 1.0 1.0 2.3333333333333335 1.0 1.0 1.0 1.3333333333333333 1.0 1.0 1.0 1.0 1.0 1.3333333333333333 1.0 1.0 1.0 2.3333333333333335 3.0 1.0 1.0 1.3333333333333333 1.0 0.0
query37 5.563333333333333 41% 0.0 105936.0 1.0 1.0 7.666666666666667 5.0 HYBRID 606.3333333333334 76.66666666666667 1.0 13.333333333333334 1.0 1.0 5.0 2.0 1.0 45.0 1.0 8.666666666666666 2.0 6.333333333333333 247.33333333333334 13.333333333333334 3.3333333333333335 1.0 7.0 7.0 24.333333333333332 1.0 1.0 1.0 1.0 59.333333333333336 20.666666666666668 5.333333333333333 13.666666666666666 1.0 1.0 110.66666666666667 0.0 1.0 3.6666666666666665 1.0 1.0 3.6666666666666665 3.3333333333333335 1.0 11.333333333333334 1.0 3.0 1.3333333333333333 2.0 1.3333333333333333 3.6666666666666665 1.6666666666666667 1.0 1.6666666666666667 4.333333333333333 2.3333333333333335 1.0 1.0 1.0 1.0 10.666666666666666 2.0 1.6666666666666667 4.666666666666667 1.0 1.0 2.3333333333333335 0.0
query66 629.0766666666667 0% 0.0 138952.0 0.6666666666666666 1.0 8.333333333333334 7.0 HYBRID 76443.0 9917.666666666666 1.0 1.0 1.0 1.0 1.0 64.33333333333333 1.0 66.0 1.0 1.0 1.0 75681.0 1.0 1.0 74.66666666666667 1.0 4.0 8.333333333333334 101.0 1.0 1.0 3.6666666666666665 177.0 1.0 177.0 1.0 1.0 1.0 1.0 67.0 0.0 1.0 1.0 1.0 9489.0 1.0 5.333333333333333 1.0 199.33333333333334 1.0 1.0 1.0 1.3333333333333333 1.0 1.0 8.333333333333334 1.0 3.6666666666666665 3.0 178.66666666666666 1.0 1.0 3.0 1.3333333333333333 1.0 1.3333333333333333 1.0 1.0 1.0 1.0 5.333333333333333 0.0
query22 5.15 47% 0.0 96668.0 1.0 1.0 2.3333333333333335 2.0 PATH 893.0 52.666666666666664 1.0 1.0 1.0 96.66666666666667 1.0 1.0 1.0 1.0 149.0 1.0 1.0 1.0 1.0 1.0 1.0 1.0 1.0 1.0 1.0 149.0 1.0 1.0 301.0 87.0 86.33333333333333 1.0 1.0 1.0 1.0 1.0 0.0 1.0 1.0 1.0 8.333333333333334 1.0 1.0 1.0 1.0 1.3333333333333333 1.0 1.0 1.0 1.0 1.0 1.0 1.0 1.0 1.0 1.0 1.3333333333333333 1.0 1.0 1.3333333333333333 8.0 8.333333333333334 1.0 1.0 1.0 1.0 1.0 0.0
query14 151.28 6% 0.0 364018.6666666667 1.0 1.0 9.333333333333334 7.0 HYBRID 26240.0 2452.6666666666665 1.0 1.0 1.0 192.33333333333334 1.0 343.3333333333333 193.66666666666666 74.33333333333333 1.0 267.6666666666667 77.0 1.0 443.6666666666667 192.33333333333334 1.0 1.0 1.0 73.0 229.33333333333334 193.0 1.0 28.0 24.666666666666668 757.3333333333334 759.0 75.0 232.33333333333334 20.0 21514.666666666668 539.3333333333334 0.0 1.0 1.0 1.0 14.333333333333334 1.0 24.666666666666668 14.333333333333334 6.666666666666667 1.0 22.0 3.3333333333333335 1.0 757.3333333333334 17.0 1.0 1.0 1.0 6.333333333333333 16.666666666666668 14.333333333333334 1.0 14.333333333333334 14.333333333333334 1422.0 3.3333333333333335 3.0 17.0 14.333333333333334 17.0 40.333333333333336 0.0
query81 7.343333333333334 40% 0.0 92410.66666666667 1.0 1.0 3.0 2.0 PATH 1342.0 39.0 158.0 1.0 1.0 1.0 1.0 1.0 1.0 158.0 1.0 1.0 158.0 1.0 1.0 155.0 1.0 146.33333333333334 1.0 1.0 1.0 171.66666666666666 1.0 17.666666666666668 136.0 1.0 1.0 1.0 1.0 1.0 110.66666666666667 110.66666666666667 0.0 1.6666666666666667 1.0 1.0 1.0 1.0 1.0 1.0 1.6666666666666667 1.0 1.0 1.6666666666666667 1.0 1.0 2.0 1.0 1.6666666666666667 1.0 1.0 1.0 2.3333333333333335 1.0 1.3333333333333333 2.6666666666666665 1.0 1.0 1.0 1.0 1.0 2.0 2.0 0.0
query61 5.543333333333333 32% 0.0 81422.66666666667 1.0 1.0 3.6666666666666665 3.0 STAR 79.66666666666667 36.666666666666664 1.0 1.0 1.0 1.0 1.0 1.0 1.0 1.6666666666666667 1.0 1.0 1.0 1.0 1.0 1.0 1.0 1.0 1.3333333333333333 1.0 1.0 1.0 1.3333333333333333 1.3333333333333333 1.0 1.3333333333333333 1.0 1.0 2.0 1.0 1.0 47.666666666666664 0.0 1.0 1.0 1.0 1.0 1.0 1.0 1.0 1.6666666666666667 1.0 1.0 1.0 1.0 1.0 1.0 1.0 1.0 2.6666666666666665 1.0 1.0 1.0 2.3333333333333335 2.3333333333333335 1.0 1.6666666666666667 1.0 1.0 1.3333333333333333 1.0 1.0 1.6666666666666667 0.0
query71 10.506666666666666 46% 0.0 176149.33333333334 1.0 1.0 4.666666666666667 3.0 HYBRID 5191.333333333333 267.6666666666667 1.0 1.0 1.0 1.0 1.0 229.33333333333334 1.0 1.0 168.66666666666666 197.0 1.0 1.0 192.66666666666666 205.0 232.33333333333334 217.66666666666666 178.66666666666666 1.0 432.6666666666667 1.0 1.0 1.0 1.0 882.6666666666666 687.6666666666666 1.0 232.33333333333334 1.0 914.6666666666666 404.0 0.0 1.0 1.0 1.0 1.0 1.0 16.666666666666668 1.0 1.0 16.666666666666668 17.0 1.0 1.0 17.0 16.666666666666668 17.0 16.666666666666668 16.666666666666668 1.0 32.333333333333336 1.0 1.0 1.0 1.0 17.333333333333332 1.3333333333333333 1.0 17.0 1.0 17.0 32.333333333333336 0.0
query51 4.786666666666667 36% 0.0 89380.0 1.0 1.0 2.3333333333333335 2.0 STAR 615.6666666666666 42.0 1.0 1.0 1.0 1.0 1.0 1.0 1.0 1.0 291.3333333333333 1.0 58.666666666666664 1.0 148.66666666666666 1.0 1.0 1.0 1.0 1.0 1.0 1.0 1.0 1.0 1.0 1.0 53.333333333333336 38.666666666666664 1.0 1.0 1.0 1.0 0.0 1.0 1.0 1.0 1.0 1.0 1.0 1.0 1.0 1.6666666666666667 1.0 4.333333333333333 1.0 1.3333333333333333 1.0 1.0 1.0 1.0 1.0 1.0 1.0 1.0 1.0 1.0 1.0 4.666666666666667 5.0 1.0 1.0 1.0 1.0 0.0
query57 6.816666666666666 46% 0.0 93020.0 1.0 1.0 4.0 3.0 HYBRID 413.6666666666667 58.666666666666664 1.0 1.0 1.0 1.0 1.0 1.0 1.0 1.0 2.6666666666666665 1.0 2.6666666666666665 1.0 2.3333333333333335 1.0 6.666666666666667 1.0 4.666666666666667 1.0 1.0 1.0 1.0 6.0 1.0 1.0 3.6666666666666665 5.333333333333333 4.333333333333333 1.0 1.0 355.3333333333333 0.0 1.0 1.0 1.0 1.0 1.0 1.0 1.0 1.0 1.3333333333333333 1.0 1.3333333333333333 1.0 1.3333333333333333 1.0 1.6666666666666667 1.0 13.333333333333334 1.0 1.0 1.0 1.0 13.666666666666666 1.0 1.0 1.6666666666666667 1.3333333333333333 1.3333333333333333 1.0 1.0 1.6666666666666667 0.0
query47 23.590000000000003 53% 0.0 270718.6666666667 1.0 1.0 3.6666666666666665 3.0 HYBRID 26050.0 878.3333333333334 1.0 1.0 1.0 1.0 1.0 2112.3333333333335 1.0 1.0 1.0 1.0 1.0 1.0 1.0 1.0 2112.0 1.0 1.0 1.0 2112.0 1.0 1.0 1.0 1.0 6334.333333333333 6334.333333333333 1.0 2112.3333333333335 1.0 2798.6666666666665 2112.0 0.0 1.0 1.0 1.0 1.0 1.0 142.33333333333334 1.0 1.0 1.0 1.0 1.0 1.0 1.0 1.0 142.0 1.0 1.0 1.0 142.0 1.0 1.0 1.0 1.0 1.3333333333333333 1.3333333333333333 1.0 142.33333333333334 1.0 142.66666666666666 142.33333333333334 0.0
query89 9.026666666666666 37% 0.0 96189.33333333333 1.0 1.0 5.0 4.0 HYBRID 148.33333333333334 78.33333333333333 1.0 1.0 1.0 40.0 1.0 1.0 1.0 1.0 1.0 1.0 1.0 1.0 12.333333333333334 1.0 40.0 1.0 1.0 1.0 16.666666666666668 1.0 1.0 1.3333333333333333 1.0 1.0 1.0 1.3333333333333333 1.0 1.3333333333333333 13.0 1.3333333333333333 0.0 1.0 1.0 2.0 1.3333333333333333 1.0 1.0 1.0 1.0 1.0 1.0 1.0 1.0 2.3333333333333335 1.0 1.3333333333333333 1.0 1.0 1.0 2.3333333333333335 1.0 1.0 2.6666666666666665 1.0 2.3333333333333335 1.0 40.0 1.0 1.3333333333333333 2.3333333333333335 1.3333333333333333 0.0
query13 8.103333333333333 30% 0.0 123232.0 1.0 1.0 2.6666666666666665 2.0 STAR 2874.6666666666665 125.66666666666667 1.0 1.0 1.0 1.0 1.0 229.33333333333334 1.0 1.0 1.0 1.0 1.0 1.0 1.0 1.0 232.33333333333334 1.0 1.0 1.0 229.33333333333334 1.0 1.0 1.0 1.0 687.6666666666666 687.6666666666666 1.0 232.33333333333334 1.0 326.0 228.0 0.0 1.0 1.0 1.0 1.0 1.0 16.666666666666668 1.0 1.0 1.0 1.0 1.0 1.0 1.0 1.0 17.0 1.0 1.0 1.0 16.666666666666668 1.0 1.0 1.0 1.0 1.3333333333333333 1.3333333333333333 1.0 17.0 1.0 17.0 16.666666666666668 0.0
query18 4.9399999999999995 34% 0.0 97168.0 1.0 1.0 3.0 2.0 PATH 272.0 52.0 1.0 1.6666666666666667 1.0 1.6666666666666667 1.0 1.0 1.0 1.0 1.0 1.0 1.0 1.0 1.6666666666666667 1.0 1.0 1.0 1.0 1.0 1.0 1.0 81.0 161.0 1.0 1.0 1.0 1.0 1.0 1.0 1.0 1.0 0.0 1.0 3.0 1.0 3.3333333333333335 1.0 1.0 1.0 1.0 3.3333333333333335 1.0 1.0 1.0 3.0 3.3333333333333335 1.0 1.0 1.0 1.0 1.0 1.0 1.3333333333333333 1.6666666666666667 1.0 1.0 1.0 1.0 3.3333333333333335 3.6666666666666665 1.0 6.0 0.0
query11 5.44 42% 0.0 107701.33333333333 1.0 1.0 3.0 2.0 STAR 1145.0 71.0 1.0 1.0 1.0 1.0 1.0 64.33333333333333 1.0 1.0 1.0 1.0 1.0 1.0 1.0 64.33333333333333 67.0 1.0 177.0 1.0 64.33333333333333 1.0 1.0 1.0 177.0 1.0 177.0 1.0 67.33333333333333 1.0 133.33333333333334 133.33333333333334 0.0 1.0 1.0 1.0 1.0 1.0 5.333333333333333 1.0 1.0 1.0 1.0 1.0 1.0 1.0 5.333333333333333 5.333333333333333 1.0 1.3333333333333333 1.0 5.333333333333333 1.0 1.0 1.0 1.3333333333333333 1.0 1.3333333333333333 1.0 5.666666666666667 1.0 10.0 10.0 0.0
query3 6.239999999999999 43% 0.0 117865.33333333333 1.0 1.0 5.0 3.0 HYBRID 1168.0 115.0 1.0 1.0 1.0 4.333333333333333 6.333333333333333 64.66666666666667 1.0 1.0 1.0 1.0 1.0 1.0 1.0 66.66666666666667 67.0 1.0 177.0 1.0 66.0 3.3333333333333335 4.666666666666667 1.0 177.0 1.0 179.33333333333334 1.0 67.33333333333333 1.0 133.0 135.33333333333334 0.0 1.0 1.0 1.0 6.0 10.666666666666666 5.666666666666667 1.0 1.0 1.0 1.0 1.0 1.0 1.0 10.0 5.333333333333333 1.0 1.3333333333333333 1.0 10.333333333333334 5.666666666666667 6.0 1.0 1.3333333333333333 1.0 6.333333333333333 1.0 5.666666666666667 1.0 9.666666666666666 15.0 0.0
query62 5.156666666666666 29% 0.0 77676.0 1.0 1.0 2.0 2.0 STAR 160.0 31.0 1.0 1.0 1.0 1.0 1.0 1.0 1.0 1.0 1.0 1.0 1.0 1.0 1.0 1.0 44.333333333333336 1.0 1.0 1.0 1.0 1.0 1.0 1.0 1.0 1.0 1.0 1.0 44.333333333333336 1.0 1.0 44.333333333333336 0.0 1.0 1.0 1.0 1.0 1.0 1.0 1.0 1.0 1.0 1.0 1.0 1.0 1.0 1.0 1.3333333333333333 1.0 1.0 1.0 1.0 1.0 1.0 1.0 1.0 1.0 1.0 1.0 1.3333333333333333 1.0 1.0 1.3333333333333333 0.0
query44 6.536666666666666 44% 0.0 106482.66666666667 1.0 1.0 4.0 3.0 HYBRID 886.0 64.0 1.0 1.0 1.0 47.0 50.333333333333336 1.0 1.0 1.0 143.66666666666666 1.0 1.0 1.0 143.66666666666666 47.333333333333336 1.0 1.0 47.0 1.0 1.0 50.333333333333336 97.66666666666667 95.33333333333333 1.0 143.66666666666666 1.0 1.0 1.0 1.0 1.0 1.0 0.0 1.0 1.0 1.0 4.333333333333333 4.666666666666667 1.0 1.0 1.0 1.3333333333333333 1.0 1.0 1.0 1.3333333333333333 4.666666666666667 1.0 1.0 4.333333333333333 1.0 1.0 4.666666666666667 8.666666666666666 8.666666666666666 1.0 1.3333333333333333 1.0 1.0 1.0 1.0 1.0 1.0 0.0
query6 23.74 25% 0.0 139030.66666666666 1.0 1.0 6.0 5.0 HYBRID 329.3333333333333 311.6666666666667 1.0 1.0 1.0 1.0 1.0 1.0 1.0 1.0 8.666666666666666 2.0 3.3333333333333335 1.0 1.0 1.0 2.3333333333333335 1.0 1.0 2.0 2.6666666666666665 268.0 2.6666666666666665 1.0 6.0 4.0 1.0 1.6666666666666667 1.0 6.333333333333333 2.6666666666666665 1.0 0.0 1.0 1.3333333333333333 1.0 1.0 1.0 1.0 1.0 1.0 2.6666666666666665 1.3333333333333333 2.0 1.0 1.0 1.0 2.0 1.0 1.0 1.3333333333333333 2.0 1.3333333333333333 1.3333333333333333 1.0 1.3333333333333333 8.0 1.0 1.6666666666666667 1.0 268.0 1.3333333333333333 1.0 0.0
query54 44.26333333333334 11% 0.0 230633.33333333334 1.0 1.0 7.666666666666667 6.0 HYBRID 2004.0 708.6666666666666 1.0 34.666666666666664 1.0 1.0 1.0 301.0 1.0 86.66666666666667 358.0 92.33333333333333 37.333333333333336 1.0 1.0 1.0 1.0 104.66666666666667 1.0 1.0 1.0 1.0 301.0 1.0 53.333333333333336 109.0 57.0 39.0 1.0 113.0 301.0 1.0 0.0 1.0 7.333333333333333 1.0 1.0 1.0 1.3333333333333333 1.0 8.333333333333334 308.0 8.333333333333334 7.333333333333333 1.0 1.0 1.0 1.0 14.666666666666666 1.0 1.0 1.0 1.0 1.3333333333333333 1.0 5.333333333333333 301.0 5.666666666666667 7.666666666666667 1.0 15.0 1.3333333333333333 1.0 0.0
query70 7.623333333333332 46% 0.0 133169.33333333334 1.0 1.0 3.0 2.0 PATH 2132.0 136.0 1.0 1.0 1.0 1.0 1.0 1.0 1.0 1.0 63.666666666666664 62.666666666666664 1.0 1.0 70.66666666666667 70.66666666666667 1.0 66.0 63.0 1.0 70.66666666666667 1.0 1.0 1.0 1.0 66.66666666666667 1.0 1.0 1.0 1.0 504.3333333333333 1073.6666666666667 0.0 1.0 1.0 1.0 1.0 1.0 1.0 1.0 1.0 12.333333333333334 12.333333333333334 1.0 1.0 12.666666666666666 13.0 1.0 13.0 12.333333333333334 1.0 13.0 1.0 1.0 1.0 1.0 12.666666666666666 1.0 1.0 1.0 1.0 1.3333333333333333 13.333333333333334 0.0
query74 1203.22 42% 0.0 55772.0 0.3333333333333333 1.0 8.666666666666666 7.0 HYBRID 282177.3333333333 17563.666666666668 1.0 1.0 1.0 145.66666666666666 1.0 25.666666666666668 1.0 140.66666666666666 1.0 1.0 1.0 1.0 1.0 1.0 124.33333333333333 1.0 1.0 1.0 1.0 125030.66666666667 28.666666666666668 1.0 1.0 1.0 1.0 1064.0 143.0 1.0 1.0 155453.66666666666 0.0 1.0 1.0 1.0 15.666666666666666 1.0 7.666666666666667 1.0 11.333333333333334 1.0 1.0 1.0 1.0 1.0 1.0 8628.0 1.0 1.0 1.0 1.0 8.333333333333334 7.666666666666667 1.0 1.0 1.0 1.0 8351.666666666666 11.0 1.0 1.0 501.3333333333333 0.0
query9 21.646666666666665 40% 0.0 178893.33333333334 1.0 1.0 8.666666666666666 6.0 HYBRID 2217.3333333333335 380.0 1.0 33.333333333333336 116.33333333333333 1.0 1.0 40.0 70.33333333333333 1.0 225.0 304.0 80.33333333333333 1.0 1.0 37.666666666666664 35.666666666666664 246.33333333333334 44.666666666666664 1.0 20.666666666666668 1.0 1.0 17.666666666666668 77.33333333333333 41.0 593.3333333333334 38.0 1.0 75.0 109.66666666666667 1.0 0.0 1.0 7.333333333333333 21.0 1.0 1.0 6.666666666666667 8.0 1.0 230.33333333333334 6.666666666666667 12.666666666666666 1.0 1.0 6.666666666666667 6.333333333333333 2.6666666666666665 2.6666666666666665 1.0 3.6666666666666665 1.0 1.0 4.0 7.333333333333333 2.6666666666666665 3.3333333333333335 7.666666666666667 1.0 8.333333333333334 21.0 1.0 0.0
query35 5.126666666666666 32% 0.0 94153.33333333333 1.0 1.0 4.333333333333333 3.0 STAR 357.0 57.333333333333336 7.333333333333333 1.0 1.0 1.0 1.0 6.0 1.0 1.0 1.0 5.333333333333333 3.0 1.0 1.0 13.666666666666666 6.666666666666667 8.333333333333334 1.0 1.0 1.0 1.0 1.0 3.6666666666666665 4.0 1.0 1.0 1.0 21.333333333333332 1.0 1.0 258.6666666666667 0.0 2.0 1.0 1.0 1.0 1.0 7.666666666666667 1.0 1.0 1.0 2.3333333333333335 7.333333333333333 1.0 1.0 1.3333333333333333 7.333333333333333 3.0 1.0 1.0 1.0 1.0 1.0 2.0 2.6666666666666665 1.0 1.0 1.0 1.3333333333333333 1.0 1.0 1.3333333333333333 0.0
query36 8.06 46% 0.0 148657.33333333334 1.0 1.0 3.0 2.0 PATH 3818.0 173.0 1.0 1.0 1.0 1.0 1.0 1.0 1.0 1.0 180.0 180.33333333333334 1.0 1.0 202.0 201.0 1.0 197.0 178.66666666666666 1.0 204.33333333333334 1.0 1.0 1.0 1.0 882.6666666666666 687.6666666666666 1.0 1.0 1.0 687.6666666666666 197.66666666666666 0.0 1.0 1.0 1.0 1.0 1.0 1.0 1.0 1.0 16.666666666666668 16.666666666666668 1.0 1.0 16.666666666666668 17.0 1.0 17.0 17.0 1.0 16.666666666666668 1.0 1.0 1.0 1.0 17.0 1.3333333333333333 1.0 1.0 1.0 1.3333333333333333 16.666666666666668 0.0
query68 6.163333333333334 40% 0.0 105464.0 1.0 1.0 5.0 3.0 HYBRID 668.0 83.0 1.0 13.0 1.0 1.0 1.0 13.666666666666666 1.0 12.0 1.0 1.0 1.0 1.0 1.0 1.0 1.0 1.0 177.33333333333334 1.0 13.333333333333334 12.333333333333334 1.0 1.0 188.33333333333334 2.0 177.0 13.333333333333334 13.0 1.6666666666666667 13.0 2.0 0.0 1.0 5.333333333333333 2.3333333333333335 1.0 1.0 5.666666666666667 1.0 5.333333333333333 1.0 1.0 2.0 1.0 1.0 1.0 1.0 2.0 3.0 1.0 5.666666666666667 5.333333333333333 1.0 2.3333333333333335 5.666666666666667 2.3333333333333335 1.3333333333333333 7.0 5.333333333333333 2.3333333333333335 5.333333333333333 2.6666666666666665 0.0
query49 9.266666666666667 51% 0.0 172853.33333333334 1.0 1.0 5.666666666666667 4.0 HYBRID 4630.0 246.0 1.0 1.0 1.0 167.0 1.0 1.0 1.0 1.0 1.0 1.0 1.0 165.66666666666666 1.0 329.3333333333333 168.0 167.0 332.3333333333333 168.0 1.0 174.0 801.0 668.0 1.0 1.0 163.33333333333334 174.33333333333334 335.0 1.0 801.0 1.0 0.0 1.0 1.0 1.0 12.333333333333334 1.0 1.0 1.0 1.0 1.0 1.0 1.0 19.0 1.0 30.666666666666668 13.0 12.333333333333334 31.0 13.0 1.0 19.666666666666668 1.3333333333333333 13.0 1.0 1.0 19.666666666666668 19.333333333333332 24.333333333333332 1.0 1.3333333333333333 1.0 0.0
query78 7.286666666666666 44% 0.0 125817.33333333333 1.0 1.0 4.666666666666667 3.0 STAR 1315.3333333333333 122.0 1.0 1.0 1.0 1.0 1.0 4.666666666666667 1.0 1.0 6.0 5.333333333333333 7.666666666666667 1.0 9.0 1.0 6.333333333333333 5.333333333333333 1.0 1.0 5.0 1.0 1.0 3.0 3.0 6.333333333333333 1.0 4.666666666666667 1.0 4.666666666666667 504.3333333333333 725.0 0.0 1.0 1.0 1.0 1.0 1.0 1.6666666666666667 1.0 1.0 12.333333333333334 1.6666666666666667 7.0 1.0 17.666666666666668 1.0 12.666666666666666 1.6666666666666667 1.0 1.0 6.666666666666667 1.0 1.0 2.0 2.0 13.0 1.0 12.666666666666666 1.0 13.0 1.3333333333333333 1.6666666666666667 0.0
query86 8.613333333333333 51% 0.0 125380.0 1.0 1.0 2.6666666666666665 2.0 STAR 3628.3333333333335 97.66666666666667 1.0 1.0 1.0 1.0 1.0 1.0 1.0 1.0 364.6666666666667 477.3333333333333 1.0 1.0 366.3333333333333 1.0 477.3333333333333 356.6666666666667 364.3333333333333 1.0 365.6666666666667 477.3333333333333 1.0 1.0 1.0 357.6666666666667 1.0 1.0 1.0 1.0 1.0 1.0 0.0 1.0 1.0 1.0 1.0 1.0 1.0 1.0 1.0 12.0 1.3333333333333333 1.0 1.0 12.333333333333334 1.0 1.3333333333333333 12.0 12.0 1.0 12.0 1.3333333333333333 1.0 1.0 1.0 12.333333333333334 1.0 1.0 1.0 1.0 1.0 1.0 0.0
query87 9.033333333333333 56% 0.0 157502.66666666666 1.0 1.0 16.666666666666668 4.0 HYBRID 854.3333333333334 267.6666666666667 4.0 18.333333333333332 6.333333333333333 42.0 40.333333333333336 11.0 13.0 1.0 20.333333333333332 48.333333333333336 2.6666666666666665 1.0 2.3333333333333335 1.0 7.333333333333333 1.0 11.666666666666666 4.0 1.0 57.0 7.666666666666667 35.0 39.333333333333336 170.33333333333334 13.333333333333334 3.0 141.0 1.0 6.0 144.0 0.0 4.666666666666667 14.666666666666666 8.333333333333334 11.333333333333334 7.666666666666667 11.666666666666666 14.333333333333334 4.333333333333333 11.666666666666666 20.666666666666668 4.333333333333333 4.333333333333333 7.666666666666667 4.333333333333333 4.333333333333333 4.666666666666667 11.333333333333334 8.0 4.666666666666667 18.333333333333332 7.666666666666667 4.0 14.0 11.666666666666666 12.0 7.666666666666667 8.333333333333334 8.0 8.333333333333334 4.666666666666667 0.0
query53 4.986666666666666 39% 0.0 92626.66666666667 1.0 1.0 5.666666666666667 4.0 STAR 182.33333333333334 48.0 1.0 1.0 1.0 3.0 2.0 5.666666666666667 1.0 1.0 1.0 1.6666666666666667 2.0 1.0 2.0 2.3333333333333335 1.0 2.0 1.0 3.0 1.0 1.0 1.0 2.0 1.6666666666666667 1.0 1.0 67.66666666666667 69.33333333333333 1.0 1.0 2.0 0.0 1.0 1.0 1.0 3.0 2.6666666666666665 1.6666666666666667 1.0 1.0 1.0 1.6666666666666667 1.3333333333333333 1.0 3.0 3.3333333333333335 1.0 1.3333333333333333 1.0 3.3333333333333335 1.0 1.0 1.0 1.6666666666666667 2.0 1.0 1.0 1.3333333333333333 3.6666666666666665 1.0 1.0 2.0 0.0
query27 9.969999999999999 32% 0.0 179649.33333333334 1.0 1.0 5.666666666666667 4.0 HYBRID 8026.666666666667 262.6666666666667 1.0 524.0 1.0 524.3333333333334 1.0 1.0 1.0 1.0 1.0 1.0 426.3333333333333 1792.3333333333333 112.66666666666667 1.0 223.33333333333334 511.0 109.33333333333333 1.0 1.0 1.0 512.6666666666666 1.0 1.0 90.33333333333333 1226.0 382.0 1.0 1.0 1224.3333333333333 352.0 0.0 1.0 6.333333333333333 1.0 55.666666666666664 1.0 1.0 1.0 1.0 1.0 1.0 8.333333333333334 19.333333333333332 2.3333333333333335 1.0 1.3333333333333333 55.333333333333336 2.3333333333333335 1.0 1.0 1.0 55.666666666666664 1.0 1.0 3.0 13.666666666666666 8.333333333333334 1.0 1.0 13.666666666666666 1.3333333333333333 0.0
query56 6.816666666666666 51% 0.0 135446.66666666666 1.0 1.0 4.666666666666667 3.0 STAR 3439.0 139.33333333333334 1.0 1.0 1.0 329.0 102.33333333333333 1.0 201.0 1.0 102.0 1.0 1.0 1.0 1.0 224.33333333333334 197.66666666666666 200.33333333333334 218.33333333333334 211.33333333333334 1.0 1.0 301.0 98.66666666666667 402.0 220.0 217.33333333333334 1.0 301.0 98.66666666666667 1.0 1.0 0.0 1.0 1.0 1.0 15.666666666666666 8.333333333333334 1.0 8.0 1.0 8.0 1.0 1.0 1.0 1.0 8.0 8.0 8.0 8.333333333333334 8.333333333333334 1.0 1.0 1.3333333333333333 8.333333333333334 8.333333333333334 8.333333333333334 8.666666666666666 1.0 1.3333333333333333 8.333333333333334 1.0 1.0 0.0
query59 34.279999999999994 156% 0.0 290308.0 1.0 1.0 4.0 3.0 STAR 1050932.0 1127.0 1.0 1.0 1.0 5034.666666666667 1691.0 1.0 1.0 172306.33333333334 1.0 1.0 1.0 1.0 1.0 172415.66666666666 171648.0 4730.666666666667 1691.0 4832.333333333333 1.0 1.0 81.0 1.0 1.0 1.0 172363.0 172348.0 1.0 171772.33333333334 1.0 1.0 0.0 1.0 1.0 1.0 3.3333333333333335 1.3333333333333333 1.0 1.0 325.6666666666667 1.0 1.0 1.0 1.0 1.0 39.333333333333336 39.0 3.3333333333333335 1.3333333333333333 3.3333333333333335 1.0 1.0 1.3333333333333333 1.0 1.0 1.0 39.0 326.0 1.0 326.0 1.0 1.0 0.0
query34 4.683333333333334 29% 0.0 84386.66666666667 1.0 1.0 8.333333333333334 2.0 STAR 72.66666666666667 42.666666666666664 1.0 1.0 1.0 1.0 1.0 1.0 1.0 1.0 1.0 8.333333333333334 3.3333333333333335 2.3333333333333335 2.3333333333333335 1.0 2.0 3.6666666666666665 1.3333333333333333 2.0 1.0 1.3333333333333333 4.333333333333333 1.0 3.6666666666666665 5.0 1.3333333333333333 3.6666666666666665 4.333333333333333 1.6666666666666667 3.3333333333333335 6.666666666666667 0.0 1.0 1.0 1.0 1.0 1.0 1.0 1.0 1.0 1.0 2.3333333333333335 1.3333333333333333 1.3333333333333333 1.6666666666666667 1.0 1.3333333333333333 2.3333333333333335 1.3333333333333333 1.3333333333333333 2.0 1.3333333333333333 1.3333333333333333 1.0 1.3333333333333333 2.0 1.3333333333333333 1.6666666666666667 1.6666666666666667 1.6666666666666667 1.6666666666666667 2.6666666666666665 0.0
query40 7.236666666666667 47% 0.0 133240.0 1.0 1.0 6.0 4.0 HYBRID 1635.3333333333333 147.66666666666666 2.3333333333333335 1.0 1.0 1.0 1.0 1.0 74.66666666666667 1.0 1.0 1.0 1.0 1.0 2.0 1.0 81.0 1.0 1.0 501.0 1.0 78.0 1.0 1.0 54.666666666666664 71.33333333333333 54.666666666666664 1.0 651.3333333333334 1.3333333333333333 1.0 45.0 0.0 5.0 1.0 1.0 1.0 4.666666666666667 1.0 10.666666666666666 1.0 1.0 1.0 1.0 1.0 5.0 1.0 18.666666666666668 5.0 1.0 1.3333333333333333 1.0 6.666666666666667 1.0 5.0 16.0 18.333333333333332 13.0 1.0 1.6666666666666667 5.0 5.0 12.666666666666666 0.0
query90 12.35 19% 0.0 111464.0 1.0 1.0 4.666666666666667 4.0 HYBRID 339.6666666666667 129.0 1.0 1.0 1.0 1.0 7.0 33.333333333333336 1.0 1.0 1.0 33.333333333333336 17.333333333333332 1.0 11.0 1.0 44.333333333333336 1.0 1.0 41.333333333333336 1.0 43.333333333333336 1.0 1.0 1.0 1.0 1.0 1.0 44.333333333333336 1.0 1.0 44.333333333333336 0.0 1.0 1.0 1.0 1.0 3.0 44.333333333333336 1.0 1.0 1.0 44.333333333333336 3.6666666666666665 1.0 3.3333333333333335 1.0 1.3333333333333333 1.0 1.0 3.0 1.0 3.3333333333333335 1.0 1.0 1.0 1.0 1.0 1.0 1.3333333333333333 1.0 1.0 1.3333333333333333 0.0
query97 6.423333333333333 38% 0.0 94069.33333333333 1.0 1.0 4.666666666666667 3.0 STAR 317.3333333333333 53.0 4.333333333333333 1.0 1.0 1.0 5.333333333333333 1.0 1.0 7.666666666666667 1.0 16.666666666666668 1.0 1.0 1.0 15.666666666666666 1.0 26.0 7.0 8.333333333333334 15.0 84.33333333333333 1.0 4.333333333333333 5.333333333333333 6.0 1.0 1.0 84.33333333333333 3.6666666666666665 3.6666666666666665 6.666666666666667 0.0 3.3333333333333335 1.0 1.0 1.0 3.3333333333333335 1.0 1.0 2.0 1.0 2.6666666666666665 1.0 1.0 1.0 1.6666666666666667 1.0 1.3333333333333333 1.6666666666666667 2.3333333333333335 2.0 1.3333333333333333 1.0 3.0 3.3333333333333335 1.6666666666666667 1.0 1.0 1.3333333333333333 3.6666666666666665 3.3333333333333335 2.0 0.0
query88 7.776666666666666 42% 0.0 115021.33333333333 1.0 1.0 4.0 3.0 STAR 1355.3333333333333 81.66666666666667 1.0 268.0 1.0 1.0 1.0 1.0 1.0 74.33333333333333 1.0 212.66666666666666 1.0 1.0 1.0 1.0 146.66666666666666 1.0 72.0 72.0 72.0 1.0 70.66666666666667 1.0 1.0 1.0 212.66666666666666 1.0 1.0 1.0 70.66666666666667 64.66666666666667 0.0 1.0 1.3333333333333333 1.0 1.0 1.0 1.0 1.0 7.333333333333333 1.0 1.3333333333333333 1.0 1.0 1.0 1.0 12.666666666666666 1.0 6.0 6.0 6.0 1.0 6.666666666666667 1.0 1.0 1.0 1.3333333333333333 1.0 1.0 1.0 6.666666666666667 7.333333333333333 0.0
query75 73.86 44% 0.0 253912.0 1.0 1.0 6.333333333333333 5.0 HYBRID 1784.6666666666667 1041.3333333333333 1.0 4.0 1.0 477.3333333333333 1.0 1.0 1.0 1.0 1.0 1.0 1.0 46.333333333333336 1.0 4.666666666666667 1.0 3.3333333333333335 1.0 2.3333333333333335 51.666666666666664 953.6666666666666 1.0 9.333333333333334 6.0 23.666666666666668 1.0 1.0 46.333333333333336 1.0 1.0 139.0 0.0 1.0 4.333333333333333 1.0 1.3333333333333333 1.0 1.0 1.0 1.0 1.0 1.0 1.0 12.333333333333334 1.0 4.666666666666667 1.0 4.666666666666667 1.0 1.6666666666666667 13.0 1.6666666666666667 1.0 7.666666666666667 6.333333333333333 477.3333333333333 1.0 1.0 12.0 1.0 1.0 477.3333333333333 0.0
query23 4.503333333333334 27% 0.0 81188.0 1.0 1.0 2.3333333333333335 2.0 STAR 144.0 35.333333333333336 1.0 1.0 1.0 1.0 1.0 1.0 1.0 1.0 1.0 1.0 1.0 1.0 1.0 1.0 25.333333333333332 1.0 1.0 1.0 1.0 1.0 1.0 1.0 1.0 1.0 13.0 13.333333333333334 42.0 1.0 1.0 25.333333333333332 0.0 1.0 1.0 1.0 1.0 1.0 1.0 1.0 1.0 1.0 1.0 2.3333333333333335 1.0 1.0 1.0 1.3333333333333333 1.0 1.0 1.0 1.0 1.0 1.0 1.0 1.0 1.0 2.3333333333333335 2.6666666666666665 1.3333333333333333 1.0 1.0 1.3333333333333333 0.0
query55 7.516666666666667 44% 0.0 98108.0 1.0 1.0 6.333333333333333 4.0 HYBRID 364.3333333333333 59.0 1.0 4.0 1.0 5.666666666666667 3.6666666666666665 34.0 1.0 3.6666666666666665 33.333333333333336 9.666666666666666 1.0 1.0 4.666666666666667 13.0 8.666666666666666 23.0 9.666666666666666 10.333333333333334 13.0 11.333333333333334 1.0 1.0 83.66666666666667 30.333333333333332 1.0 1.0 42.0 5.666666666666667 1.0 5.0 0.0 1.0 3.0 1.0 3.3333333333333335 3.0 3.3333333333333335 1.0 1.6666666666666667 2.3333333333333335 2.0 1.0 1.0 3.3333333333333335 1.6666666666666667 5.0 1.3333333333333333 2.0 1.6666666666666667 1.6666666666666667 1.6666666666666667 1.0 1.0 1.3333333333333333 4.0 1.0 1.0 1.3333333333333333 3.6666666666666665 1.0 1.6666666666666667 0.0
query64 36.57666666666666 31% 0.0 193108.0 1.0 1.0 7.333333333333333 7.0 HYBRID 6604.666666666667 517.3333333333334 1.0 4.0 1.0 1.0 4.333333333333333 2.0 1.0 1.0 1.0 1.0 1.0 1.0 1.0 1.0 1.0 23.0 1.0 1.0 7.0 1.0 1.0 1.0 1.0 6335.333333333333 1.0 1.0 1.0 1.6666666666666667 186.66666666666666 19.666666666666668 0.0 1.0 23.666666666666668 1.0 1.0 1.3333333333333333 3.6666666666666665 1.0 1.0 1.0 1.0 1.0 1.0 1.0 1.0 1.0 1.3333333333333333 1.0 1.0 19.666666666666668 1.0 1.0 1.0 1.0 15.333333333333334 1.0 1.0 1.0 2.3333333333333335 4.333333333333333 424.6666666666667 0.0
query4 55.83666666666667 9% 0.0 295217.3333333333 1.0 1.0 6.333333333333333 5.0 HYBRID 19491.333333333332 1049.0 1.0 1317.3333333333333 1.0 1.0 1.0 1.0 2047.3333333333333 1.0 1.0 1.0 1.0 1605.3333333333333 1.0 1.0 276.0 1.0 1.0 1891.3333333333333 1.0 2048.0 1.0 1.0 83.66666666666667 4363.0 1365.6666666666667 1.0 4244.666666666667 1.0 230.0 1.0 0.0 1.0 13.333333333333334 1.0 1.0 1.0 1.0 138.33333333333334 1.0 1.0 1.0 1.0 17.0 1.0 1.0 64.66666666666667 1.0 1.0 1.3333333333333333 1.0 138.0 1.0 1.0 1.3333333333333333 215.33333333333334 14.0 1.0 422.3333333333333 1.0 4.333333333333333 1.0 0.0
query42 187.3033333333333 6% 0.0 374304.0 1.0 1.0 7.333333333333333 7.0 HYBRID 22328.666666666668 2870.0 1.0 1.0 1.0 306.0 1.0 1.0 1.0 1.0 1.0 1085.6666666666667 1.0 1.0 1.0 1.0 11.333333333333334 19.666666666666668 1.0 1.0 1.0 10.333333333333334 1.0 1.0 1.0 66.66666666666667 6334.333333333333 1.0 1.0 1.0 14472.666666666666 1.0 0.0 1.6666666666666667 1.0 1.0 2.3333333333333335 1.0 1.0 1.0 1.0 1.0 1.3333333333333333 1.0 1.0 1.0 1.0 19.666666666666668 424.6666666666667 1.0 1.0 1.0 1.6666666666666667 1.0 1.0 1.0 2050.6666666666665 1.3333333333333333 1.0 1.0 1.0 345.6666666666667 1.0 0.0
query45 5.316666666666667 40% 0.0 97609.33333333333 1.0 1.0 4.666666666666667 3.0 HYBRID 434.0 64.0 5.666666666666667 1.0 1.0 4.666666666666667 1.6666666666666667 1.0 1.0 4.333333333333333 1.0 1.0 1.0 1.0 1.0 12.666666666666666 1.0 2.6666666666666665 177.0 1.0 4.333333333333333 6.333333333333333 3.6666666666666665 1.0 184.33333333333334 1.0 7.666666666666667 1.0 1.0 1.0 1.0 2.0 0.0 3.0 1.0 1.0 5.333333333333333 5.666666666666667 1.0 1.0 1.6666666666666667 1.0 1.0 1.0 1.0 1.0 1.3333333333333333 1.0 1.6666666666666667 1.3333333333333333 1.0 5.666666666666667 6.0 5.333333333333333 1.0 2.0 1.0 6.333333333333333 1.0 1.0 1.0 1.0 1.6666666666666667 0.0
query5 26.676666666666666 42% 0.0 195145.33333333334 1.0 1.0 4.666666666666667 3.0 HYBRID 15204.0 1021.0 1.0 1.6666666666666667 1.0 65.0 1.0 1.0 1.0 1.0 1.0 1.0 1.0 1.0 1.6666666666666667 63.333333333333336 1.0 1.0 14595.666666666666 123.0 1.0 1.0 81.0 81.0 1.0 1.0 123.0 1.0 1.0 1.0 1.0 48.666666666666664 0.0 1.0 3.0 1.0 326.3333333333333 1.0 1.0 1.0 1.0 3.3333333333333335 1.0 1.0 1.0 3.0 326.0 1.0 1.0 1.3333333333333333 1.3333333333333333 1.0 1.0 1.3333333333333333 1.3333333333333333 1.0 1.0 1.3333333333333333 1.0 3.6666666666666665 3.3333333333333335 1.0 328.6666666666667 0.0
query73 5.553333333333334 38% 0.0 99421.33333333333 1.0 1.0 4.0 3.0 STAR 378.0 54.0 1.0 67.66666666666667 8.666666666666666 1.0 1.0 10.0 8.0 7.0 153.0 8.666666666666666 1.0 8.333333333333334 10.0 1.0 1.0 1.0 1.0 1.0 1.0 67.66666666666667 1.0 1.0 1.0 1.0 1.0 1.0 1.0 1.0 10.0 1.0 0.0 1.0 1.3333333333333333 2.6666666666666665 1.0 1.0 4.333333333333333 3.0 5.0 3.6666666666666665 2.6666666666666665 1.0 3.3333333333333335 3.0 1.0 1.0 1.0 1.0 1.0 1.0 1.3333333333333333 1.0 1.0 1.0 1.0 1.0 1.0 1.0 1.0 4.666666666666667 1.0 0.0
query63 6.603333333333334 28% 0.0 96637.33333333333 1.0 1.0 2.3333333333333335 2.0 STAR 606.3333333333334 66.0 1.0 11.333333333333334 1.0 1.0 1.0 1.0 1.0 1.0 1.0 1.0 1.0 1.0 1.0 1.0 1.0 1.0 8.0 1.0 1.0 1.0 1.0 1.0 1.0 1.0 1.0 1.0 25.333333333333332 1.0 32.333333333333336 504.3333333333333 0.0 1.0 12.333333333333334 1.0 1.0 1.0 1.0 1.0 1.0 1.0 1.0 1.0 1.0 1.0 1.0 1.0 1.0 12.666666666666666 1.0 1.0 1.0 1.0 1.0 1.0 1.0 1.0 1.0 1.3333333333333333 1.0 13.333333333333334 1.3333333333333333 0.0
query95 25.95 33% 0.0 263952.0 1.0 1.0 4.666666666666667 4.0 HYBRID 14247.333333333334 878.3333333333334 1.0 1.0 1.0 1.0 1.0 1.0 220.33333333333334 1.0 1.0 1.0 1.0 1.0 250.66666666666666 1.0 1.0 267.3333333333333 1.0 1.0 1.0 1.0 1.0 225.33333333333334 235.33333333333334 6334.333333333333 6334.333333333333 1.0 1.0 277.6666666666667 81.0 1.0 0.0 1.0 1.0 1.0 1.0 1.0 1.0 142.0 1.0 1.0 1.0 1.0 1.0 142.0 1.0 1.0 142.66666666666666 1.0 1.0 1.0 1.0 1.0 142.33333333333334 142.0 1.3333333333333333 1.3333333333333333 1.0 1.0 142.33333333333334 1.3333333333333333 1.0 0.0
query2 11.083333333333334 47% 0.0 175836.0 1.0 1.0 4.666666666666667 3.0 HYBRID 5191.333333333333 267.6666666666667 1.0 1.0 1.0 1.0 1.0 229.66666666666666 1.0 1.0 176.66666666666666 193.33333333333334 1.0 1.0 210.0 188.0 232.0 192.33333333333334 178.66666666666666 1.0 433.0 1.0 1.0 1.0 1.0 882.6666666666666 687.6666666666666 1.0 232.0 1.0 914.6666666666666 424.6666666666667 0.0 1.0 1.0 1.0 1.0 1.0 17.0 1.0 1.0 16.666666666666668 16.666666666666668 1.0 1.0 17.0 17.0 16.666666666666668 16.666666666666668 16.666666666666668 1.0 33.0 1.0 1.0 1.0 1.0 17.0 1.3333333333333333 1.0 16.666666666666668 1.0 17.0 32.333333333333336 0.0
query65 5.0133333333333345 27% 0.0 78762.66666666667 1.0 1.0 3.0 2.0 PATH 82.0 37.0 1.0 2.0 1.0 2.3333333333333335 6.333333333333333 1.0 1.0 1.0 7.333333333333333 1.0 1.0 1.0 1.0 1.0 1.0 1.0 1.0 1.0 1.0 10.666666666666666 1.0 3.3333333333333335 1.0 9.666666666666666 1.0 1.0 1.0 9.666666666666666 1.0 9.666666666666666 0.0 1.0 1.3333333333333333 1.0 1.6666666666666667 1.6666666666666667 1.0 1.0 1.0 2.0 1.0 1.0 1.0 1.0 1.0 1.0 1.0 1.0 1.0 1.0 3.3333333333333335 1.0 2.0 1.0 1.3333333333333333 1.0 1.0 1.0 1.3333333333333333 1.0 1.3333333333333333 0.0
query52 7.116666666666666 51% 0.0 131969.33333333334 1.0 1.0 3.0 2.0 PATH 2132.0 136.0 1.0 1.0 1.0 1.0 1.0 1.0 1.0 1.0 63.666666666666664 62.666666666666664 1.0 1.0 70.66666666666667 70.66666666666667 1.0 66.0 63.0 1.0 70.66666666666667 1.0 1.0 1.0 1.0 66.66666666666667 1.0 1.0 1.0 1.0 504.3333333333333 1073.6666666666667 0.0 1.0 1.0 1.0 1.0 1.0 1.0 1.0 1.0 12.666666666666666 12.333333333333334 1.0 1.0 12.666666666666666 12.666666666666666 1.0 12.666666666666666 12.333333333333334 1.0 12.666666666666666 1.0 1.0 1.0 1.0 13.0 1.0 1.0 1.0 1.0 1.3333333333333333 13.666666666666666 0.0
