query35 6.066666666666666 31% 0.0 93734.66666666667 1.0 1.0 3.0 3.0 STAR 356.3333333333333 57.333333333333336 1.0 1.0 1.0 1.0 1.0 1.0 1.0 1.0 1.0 1.0 1.0 1.0 1.0 13.666666666666666 9.333333333333334 1.0 1.0 1.0 1.0 1.0 1.0 12.0 17.333333333333332 1.0 1.0 1.0 21.333333333333332 1.0 1.0 258.6666666666667 0.0 1.0 1.0 1.0 1.0 1.0 1.0 1.0 1.0 1.0 1.0 1.0 1.0 1.0 1.3333333333333333 19.666666666666668 1.0 1.0 1.0 1.0 1.0 1.0 4.0 5.666666666666667 1.0 1.0 1.0 1.3333333333333333 1.0 1.0 1.3333333333333333 0.0
query34 4.8566666666666665 29% 0.0 82140.0 1.0 1.0 7.333333333333333 2.0 STAR 72.66666666666667 42.666666666666664 1.0 1.0 1.0 1.0 1.0 1.0 1.0 1.0 1.0 5.666666666666667 3.3333333333333335 2.3333333333333335 1.0 1.0 2.0 5.0 1.3333333333333333 2.0 1.0 1.3333333333333333 4.333333333333333 1.0 3.6666666666666665 5.0 1.3333333333333333 3.6666666666666665 4.333333333333333 1.6666666666666667 3.3333333333333335 9.333333333333334 0.0 1.0 1.0 1.0 1.0 1.0 1.0 1.0 1.0 1.0 1.3333333333333333 1.3333333333333333 1.3333333333333333 1.0 1.0 1.3333333333333333 3.0 1.3333333333333333 1.3333333333333333 1.0 1.3333333333333333 1.3333333333333333 1.0 1.3333333333333333 3.0 1.3333333333333333 1.6666666666666667 1.6666666666666667 1.6666666666666667 1.6666666666666667 3.6666666666666665 0.0
query19 4.913333333333333 32% 0.0 84289.33333333333 1.0 1.0 4.0 4.0 STAR 101.33333333333333 43.0 1.0 1.0 1.0 1.0 1.0 1.0 1.0 27.666666666666668 1.0 1.0 1.0 1.0 2.6666666666666665 1.0 1.0 1.0 1.0 4.333333333333333 2.6666666666666665 4.333333333333333 1.0 2.6666666666666665 1.0 1.0 1.0 1.0 4.333333333333333 1.0 1.0 30.666666666666668 0.0 1.0 1.0 1.0 1.0 1.0 1.0 1.0 1.3333333333333333 1.0 1.0 1.0 1.0 2.3333333333333335 1.0 1.0 1.0 1.0 2.3333333333333335 2.3333333333333335 2.3333333333333335 1.0 4.333333333333333 1.0 1.0 1.0 1.0 1.3333333333333333 1.0 1.0 4.666666666666667 0.0
query78 10.933333333333332 27% 0.0 125286.66666666667 1.0 1.0 3.0 3.0 STAR 1315.3333333333333 122.0 1.0 1.0 1.0 1.0 1.0 1.0 1.0 1.0 1.0 1.0 1.0 1.0 1.0 1.0 1.0 1.0 1.0 1.0 11.0 1.0 1.0 11.0 11.0 1.0 1.0 15.0 1.0 15.0 504.3333333333333 725.0 0.0 1.0 1.0 1.0 1.0 1.0 1.0 1.0 1.0 1.0 1.0 1.0 1.0 1.0 1.0 1.0 1.0 1.0 1.0 17.333333333333332 1.0 1.0 3.3333333333333335 3.3333333333333335 1.0 1.0 36.0 1.0 36.0 1.3333333333333333 1.6666666666666667 0.0
query22 6.116666666666667 31% 0.0 95629.33333333333 1.0 1.0 2.0 2.0 PATH 893.0 52.666666666666664 1.0 1.0 1.0 1.0 1.0 1.0 1.0 1.0 149.0 1.0 1.0 1.0 1.0 1.0 1.0 1.0 1.0 1.0 1.0 149.0 1.0 1.0 301.0 1.0 268.0 1.0 1.0 1.0 1.0 1.0 0.0 1.0 1.0 1.0 1.0 1.0 1.0 1.0 1.0 1.3333333333333333 1.0 1.0 1.0 1.0 1.0 1.0 1.0 1.0 1.0 1.0 1.3333333333333333 1.0 1.0 1.3333333333333333 1.0 22.666666666666668 1.0 1.0 1.0 1.0 1.0 0.0
query74 1182.4066666666668 26% 0.0 436234.6666666667 0.6666666666666666 1.0 7.0 7.0 HYBRID 282278.6666666667 17689.666666666668 1.0 1.0 1.0 1.0 1.0 1.0 1.0 1.0 1.0 1.0 1.0 1.0 1.0 1.0 144.0 1.0 1.0 1.0 1.0 125001.0 83.0 1.0 1.0 1.0 1.0 1208.6666666666667 282.6666666666667 1.0 82.66666666666667 155453.66666666666 0.0 1.0 1.0 1.0 1.0 1.0 1.0 1.0 1.0 1.0 1.0 1.0 1.0 1.0 1.0 8747.0 1.0 1.0 1.0 1.0 1.3333333333333333 21.333333333333332 1.0 1.0 1.0 1.0 8366.333333333334 21.333333333333332 1.0 8.0 501.3333333333333 0.0
query75 75.28333333333335 27% 0.0 256233.33333333334 1.0 1.0 5.0 5.0 HYBRID 1784.6666666666667 1041.3333333333333 1.0 1.0 1.0 477.3333333333333 1.0 1.0 1.0 1.0 1.0 1.0 1.0 1.0 1.0 1.0 1.0 10.0 1.0 1.0 1.0 953.6666666666666 1.0 10.0 10.0 23.666666666666668 1.0 1.0 139.0 1.0 1.0 139.0 0.0 1.0 1.0 1.0 1.3333333333333333 1.0 1.0 1.0 1.0 1.0 1.0 1.0 1.0 1.0 1.0 1.0 11.666666666666666 1.0 1.0 1.0 1.6666666666666667 1.0 4.0 11.666666666666666 477.3333333333333 1.0 1.0 34.333333333333336 1.0 1.0 477.3333333333333 0.0
query72 325.0833333333333 6% 0.0 374965.3333333333 1.0 1.0 5.0 5.0 HYBRID 53985.333333333336 4758.666666666667 1.0 50127.666666666664 1.0 1.0 1.0 1.0 1.0 1.0 1.0 1.0 1.0 1.0 1.0 1.0 1.0 177.0 1131.0 1.0 1.0 1.0 230.33333333333334 820.3333333333334 1.0 229.33333333333334 1.0 1.0 123.66666666666667 1.0 820.3333333333334 304.6666666666667 0.0 1.0 1.3333333333333333 1.0 1.0 1.0 1.0 1.0 1.0 1.0 1.0 1.0 1.0 1.0 1.0 1.0 3344.3333333333335 1.3333333333333333 1.0 1.0 1.0 57.0 14.333333333333334 1.0 7.333333333333333 1.0 1.0 1.3333333333333333 1.0 1131.0 179.66666666666666 0.0
query15 8.006666666666668 30% 0.0 112129.33333333333 1.0 1.0 2.0 2.0 STAR 1745.0 82.0 1.0 1.0 1.0 1.0 1.0 1.0 1.0 1.0 1.0 1.0 1.0 1.0 1.0 1.0 1.0 1.0 1.0 1.0 1.0 339.6666666666667 1.0 1.0 1.0 1.0 1.0 572.6666666666666 1.0 234.0 234.0 339.6666666666667 0.0 1.0 1.0 1.0 1.0 1.0 1.0 1.0 1.0 1.0 1.0 1.0 1.0 1.0 1.0 1.0 1.0 1.0 1.0 1.0 18.0 1.0 1.0 1.0 1.0 1.0 18.333333333333332 1.0 1.3333333333333333 1.3333333333333333 18.0 0.0
query63 7.853333333333333 27% 0.0 93877.33333333333 1.0 1.0 2.0 2.0 STAR 606.3333333333334 66.0 1.0 1.0 1.0 1.0 1.0 1.0 1.0 1.0 1.0 1.0 1.0 1.0 1.0 1.0 1.0 1.0 1.0 1.0 1.0 1.0 1.0 1.0 1.0 1.0 1.0 1.0 25.333333333333332 1.0 49.666666666666664 504.3333333333333 0.0 1.0 1.0 1.0 1.0 1.0 1.0 1.0 1.0 1.0 1.0 1.0 1.0 1.0 1.0 1.0 1.0 1.0 1.0 1.0 1.0 1.0 1.0 1.0 1.0 1.0 1.0 1.3333333333333333 1.0 36.333333333333336 1.3333333333333333 0.0
query14 163.36333333333334 6% 0.0 353541.3333333333 1.0 1.0 7.0 7.0 HYBRID 26239.333333333332 2452.6666666666665 1.0 1.0 1.0 1.0 1.0 1.0 1.0 1.0 1.0 1.0 1.0 1.0 443.6666666666667 1.0 1.0 1.0 1.0 222.33333333333334 1.0 577.0 1.0 1.0 1.0 757.3333333333334 687.6666666666666 222.33333333333334 1.0 70.66666666666667 21974.0 1263.3333333333333 0.0 1.0 1.0 1.0 1.0 1.0 1.0 1.0 1.0 1.0 1.0 1.0 1.0 757.3333333333334 1.0 1.0 1.0 1.0 17.333333333333332 1.0 41.0 1.0 1.0 1.0 1422.0 1.3333333333333333 7.333333333333333 1.0 41.0 48.666666666666664 95.66666666666667 0.0
query92 6.69 27% 0.0 80910.66666666667 1.0 1.0 2.0 2.0 STAR 116.0 39.666666666666664 1.0 1.0 1.0 1.0 1.0 1.0 1.0 1.0 1.0 1.0 1.0 1.0 1.0 1.0 2.3333333333333335 1.0 1.0 2.3333333333333335 1.0 1.0 1.0 1.0 1.0 1.0 1.0 1.0 43.333333333333336 1.0 1.0 42.0 0.0 1.0 1.0 1.0 1.0 1.0 1.0 1.0 1.0 1.0 1.0 1.0 1.0 1.0 1.0 1.3333333333333333 1.0 1.0 5.333333333333333 1.0 1.0 1.0 1.0 1.0 1.0 1.0 1.0 5.666666666666667 1.0 1.0 1.3333333333333333 0.0
query76 10.056666666666667 30% 0.0 123418.66666666667 1.0 1.0 2.0 2.0 STAR 1487.0 96.0 1.0 1.0 1.0 1.0 1.0 1.0 1.0 1.0 1.0 1.0 1.0 305.3333333333333 1.0 1.0 1.0 1.0 1.0 1.0 1.0 1.0 1.0 182.33333333333334 182.33333333333334 1.0 1.0 1.0 305.3333333333333 1.0 1.0 486.6666666666667 0.0 1.0 1.0 1.0 1.0 1.0 1.0 1.0 1.0 1.0 1.0 1.0 1.3333333333333333 1.0 1.0 1.0 1.0 1.0 1.0 1.0 1.0 1.0 22.666666666666668 22.666666666666668 1.0 1.0 1.0 1.3333333333333333 1.0 1.0 23.0 0.0
query32 11.586666666666668 29% 0.0 131998.66666666666 1.0 1.0 2.0 2.0 PATH 3029.0 136.0 1.0 1.0 1.0 1.0 1.0 1.0 1.0 1.0 1.0 1.0 1.0 1.0 1.0 1.0 1.0 1.0 1.0 1.0 1.0 501.0 1.0 500.6666666666667 1.0 1.0 1.0 501.0 1000.3333333333334 1.0 1.0 501.0 0.0 1.0 1.0 1.0 1.0 1.0 1.0 1.0 1.0 1.0 1.0 1.0 1.0 1.0 1.0 1.0 1.0 1.0 1.0 1.0 1.3333333333333333 1.0 36.0 1.0 1.0 1.0 1.3333333333333333 71.0 1.0 1.0 1.3333333333333333 0.0
query84 9.493333333333334 25% 0.0 100564.0 1.0 1.0 3.0 3.0 STAR 732.6666666666666 81.0 1.0 4.333333333333333 1.0 1.0 1.0 1.0 1.0 1.0 1.0 1.0 1.0 1.0 1.0 1.0 1.0 1.0 4.333333333333333 1.0 1.0 1.0 1.0 1.0 1.0 4.333333333333333 1.0 1.0 1.0 1.0 690.6666666666666 4.0 0.0 1.0 1.3333333333333333 1.0 1.0 1.0 1.0 1.0 1.0 1.0 1.0 1.0 1.0 1.0 1.0 1.0 1.0 1.3333333333333333 1.0 1.0 1.0 1.0 1.0 1.0 48.333333333333336 1.0 1.0 1.0 1.0 2.6666666666666665 2.3333333333333335 0.0
query23 5.876666666666668 27% 0.0 80361.33333333333 1.0 1.0 2.0 2.0 STAR 144.0 35.333333333333336 1.0 1.0 1.0 1.0 1.0 1.0 1.0 1.0 1.0 1.0 1.0 1.0 1.0 1.0 25.333333333333332 1.0 1.0 1.0 1.0 1.0 1.0 1.0 1.0 1.0 1.0 25.333333333333332 42.0 1.0 1.0 25.333333333333332 0.0 1.0 1.0 1.0 1.0 1.0 1.0 1.0 1.0 1.0 1.0 1.0 1.0 1.0 1.0 1.3333333333333333 1.0 1.0 1.0 1.0 1.0 1.0 1.0 1.0 1.0 1.0 5.333333333333333 1.3333333333333333 1.0 1.0 1.3333333333333333 0.0
query12 7.123333333333332 38% 0.0 102304.0 1.0 1.0 5.0 5.0 HYBRID 394.6666666666667 86.0 1.0 1.0 1.0 1.0 1.0 1.0 1.0 1.0 1.0 7.666666666666667 1.0 1.0 1.0 18.333333333333332 100.33333333333333 1.0 1.0 1.0 1.0 10.0 7.666666666666667 10.333333333333334 7.666666666666667 100.33333333333333 1.0 7.666666666666667 104.66666666666667 1.0 1.0 1.0 0.0 1.0 1.0 1.0 1.0 1.0 1.0 1.0 1.0 1.0 18.333333333333332 1.0 1.0 1.0 1.3333333333333333 9.333333333333334 1.0 1.0 1.0 1.0 10.333333333333334 3.0 1.3333333333333333 9.0 9.0 1.0 3.0 1.3333333333333333 1.0 1.0 1.0 0.0
query73 7.743333333333332 33% 0.0 100046.66666666667 1.0 1.0 3.0 3.0 STAR 378.0 54.0 1.0 67.66666666666667 1.0 1.0 1.0 1.0 1.0 1.0 167.66666666666666 1.0 1.0 1.0 25.0 1.0 1.0 1.0 1.0 1.0 1.0 67.66666666666667 1.0 1.0 1.0 1.0 1.0 1.0 1.0 1.0 25.0 1.0 0.0 1.0 1.3333333333333333 1.0 1.0 1.0 1.0 1.0 1.0 7.333333333333333 1.0 1.0 1.0 7.0 1.0 1.0 1.0 1.0 1.0 1.0 1.3333333333333333 1.0 1.0 1.0 1.0 1.0 1.0 1.0 1.0 12.0 1.0 0.0
query99 1002.8800000000001 3% 0.0 234489.33333333334 0.6666666666666666 1.0 6.0 6.0 HYBRID 79558.66666666667 14998.333333333334 1.0 1.0 1.0 5841.0 1.0 1.0 1.0 1.0 1.0 5841.0 1.3333333333333333 1.0 1.0 1.0 1228.0 1.0 1.0 1235.0 1.0 64081.0 81.0 1.0 1.0 1228.0 1.0 1.3333333333333333 1.0 1.0 1.0 1.0 0.0 1.0 1.0 1.0 1.3333333333333333 1.0 1.0 1.0 1.0 1.0 8.0 1.3333333333333333 1.0 1.0 1.0 5841.0 1.0 1.0 8729.666666666666 1.0 1.3333333333333333 1.3333333333333333 1.0 1.0 392.0 1.0 1.3333333333333333 1.0 1.0 1.0 1.0 0.0
query93 16.746666666666666 21% 0.0 154346.66666666666 1.0 1.0 3.0 3.0 HYBRID 5408.666666666667 184.33333333333334 1.0 1.0 1.0 1.0 1.0 1.0 1.0 1062.0 1.0 1.0 1.0 1.0 1.0 1.0 1.0 1.0 1.0 1.0 1.0 1062.0 1.0 1062.0 1103.0 1.0 1.0 1.0 42.0 1.0 1053.6666666666667 1.0 0.0 1.0 1.0 1.0 1.0 1.0 1.0 1.0 1.3333333333333333 1.0 1.0 1.0 1.0 1.0 1.0 1.0 1.0 1.0 1.0 1.0 73.33333333333333 1.0 73.33333333333333 5.666666666666667 1.0 1.0 1.0 1.3333333333333333 1.0 5.333333333333333 1.0 0.0
query88 10.246666666666668 32% 0.0 113305.33333333333 1.0 1.0 3.0 3.0 STAR 1355.3333333333333 81.66666666666667 1.0 268.0 1.0 1.0 1.0 1.0 1.0 1.0 1.0 212.66666666666666 1.0 1.0 1.0 1.0 1.0 1.0 1.0 1.0 1.0 1.0 212.66666666666666 1.0 1.0 1.0 212.66666666666666 1.0 1.0 1.0 212.66666666666666 212.66666666666666 0.0 1.0 1.3333333333333333 1.0 1.0 1.0 1.0 1.0 1.0 1.0 1.3333333333333333 1.0 1.0 1.0 1.0 1.0 1.0 1.0 1.0 1.0 1.0 16.666666666666668 1.0 1.0 1.0 1.3333333333333333 1.0 1.0 1.0 16.666666666666668 20.333333333333332 0.0
query60 8.446666666666667 38% 0.0 115274.66666666667 1.0 1.0 3.0 3.0 HYBRID 905.0 97.0 1.0 1.0 1.0 1.0 1.0 1.0 1.0 1.0 143.66666666666666 1.0 1.0 1.0 143.66666666666666 1.0 1.0 1.0 1.0 1.0 7.666666666666667 1.0 143.33333333333334 285.6666666666667 1.0 143.66666666666666 1.0 7.666666666666667 1.0 7.666666666666667 1.0 1.0 0.0 1.0 1.0 1.0 1.0 1.0 1.0 1.0 1.0 1.3333333333333333 1.0 1.0 1.0 1.3333333333333333 1.0 1.0 1.0 1.0 1.0 12.0 1.0 12.0 23.0 1.0 1.3333333333333333 1.0 12.0 1.0 12.0 1.0 1.0 0.0
query44 6.81 35% 0.0 110117.33333333333 1.0 1.0 3.0 3.0 HYBRID 885.0 64.0 1.0 1.0 1.0 1.0 1.0 1.0 1.0 1.0 143.66666666666666 1.0 1.0 1.0 143.66666666666666 1.0 1.0 1.0 1.0 1.0 1.0 1.0 143.33333333333334 285.6666666666667 1.0 143.66666666666666 1.0 1.0 1.0 1.0 1.0 1.0 0.0 1.0 1.0 1.0 1.0 1.0 1.0 1.0 1.0 1.3333333333333333 1.0 1.0 1.0 1.3333333333333333 1.0 1.0 1.0 1.0 1.0 1.0 1.0 12.0 23.0 1.0 1.3333333333333333 1.0 1.0 1.0 1.0 1.0 1.0 0.0
query96 9.576666666666666 22% 0.0 103340.0 1.0 1.0 4.0 4.0 HYBRID 281.6666666666667 81.66666666666667 1.0 1.0 1.0 15.333333333333334 1.0 1.0 1.0 1.0 1.0 1.0 1.0 212.0 1.0 1.0 1.6666666666666667 1.0 1.0 1.0 1.6666666666666667 1.0 1.0 1.0 1.0 1.0 6.666666666666667 1.0 19.666666666666668 1.0 1.0 1.6666666666666667 0.0 1.0 1.0 1.0 1.3333333333333333 1.0 1.0 1.0 1.0 1.0 1.0 1.0 1.3333333333333333 1.0 1.0 3.0 1.0 1.0 1.0 19.666666666666668 1.0 1.0 1.0 1.0 1.0 16.666666666666668 1.0 1.3333333333333333 1.0 1.0 15.333333333333334 0.0
query68 7.916666666666667 29% 0.0 109086.66666666667 1.0 1.0 3.0 3.0 HYBRID 668.0 83.0 1.0 1.0 1.0 1.0 1.0 1.0 1.0 1.0 1.0 1.0 1.0 1.0 1.0 1.0 1.0 1.0 177.0 1.0 1.0 1.0 1.0 1.0 177.0 2.0 177.0 36.666666666666664 36.666666666666664 2.0 36.666666666666664 2.0 0.0 1.0 1.0 1.0 1.0 1.0 1.0 1.0 1.0 1.0 1.0 1.0 1.0 1.0 1.0 1.0 1.0 1.3333333333333333 1.0 1.0 1.0 1.0 1.0 1.3333333333333333 5.0 1.3333333333333333 14.333333333333334 14.333333333333334 5.0 14.333333333333334 5.0 0.0
query47 62.98 52% 0.0 271092.0 1.0 1.0 3.0 3.0 HYBRID 26050.0 878.3333333333334 1.0 1.0 1.0 1.0 1.0 1.0 1.0 1.0 1.0 1.0 1.0 1.0 1.0 1.0 1.0 1.0 1.0 1.0 1.0 1.0 1.0 1.0 1.0 6334.333333333333 6334.333333333333 1.0 1.0 1.0 7021.0 6334.333333333333 0.0 1.0 1.0 1.0 1.0 1.0 1.0 1.0 1.0 1.0 1.0 1.0 1.0 1.0 1.0 1.0 1.0 1.0 1.0 1.0 1.0 1.0 1.0 1.0 1.3333333333333333 1.3333333333333333 1.0 1.0 1.0 425.0 424.6666666666667 0.0
query62 5.123333333333334 29% 0.0 77810.66666666667 1.0 1.0 2.0 2.0 STAR 160.0 31.0 1.0 1.0 1.0 1.0 1.0 1.0 1.0 1.0 1.0 1.0 1.0 1.0 1.0 1.0 44.333333333333336 1.0 1.0 1.0 1.0 1.0 1.0 1.0 1.0 1.0 1.0 1.0 44.333333333333336 1.0 1.0 44.333333333333336 0.0 1.0 1.0 1.0 1.0 1.0 1.0 1.0 1.0 1.0 1.0 1.0 1.0 1.0 1.0 1.3333333333333333 1.0 1.0 1.0 1.0 1.0 1.0 1.0 1.0 1.0 1.0 1.0 1.3333333333333333 1.0 1.0 1.3333333333333333 0.0
query28 4.683333333333334 26% 0.0 78377.33333333333 1.0 1.0 3.0 3.0 STAR 48.0 36.0 1.0 1.0 1.0 1.0 1.0 1.0 1.0 1.0 1.0 1.0 1.0 1.0 1.0 1.0 1.0 1.3333333333333333 1.0 1.0 1.0 1.0 1.0 1.3333333333333333 1.0 1.0 1.0 1.0 4.333333333333333 1.3333333333333333 11.333333333333334 4.333333333333333 0.0 1.0 1.0 1.0 1.0 1.0 1.0 1.0 1.0 1.0 1.0 1.0 1.0 1.0 1.0 1.0 2.3333333333333335 1.0 1.0 1.0 1.0 1.0 3.3333333333333335 1.0 1.0 1.0 1.0 1.3333333333333333 2.3333333333333335 1.3333333333333333 1.3333333333333333 0.0
query33 7.813333333333333 33% 0.0 105618.66666666667 1.0 1.0 2.0 2.0 PATH 2853.0 60.333333333333336 1.0 1.0 1.0 1.0 1.0 1.0 1.0 1.0 1.0 1.0 1.0 1.0 1.0 1.0 1.0 198.33333333333334 170.0 1.0 1.0 1.0 1.0 1130.6666666666667 1.0 1.0 1.0 1.0 1130.6666666666667 1.0 1.0 198.33333333333334 0.0 1.0 1.0 1.0 1.0 1.0 1.0 1.0 1.0 1.0 1.0 1.0 1.0 1.0 1.0 1.0 1.3333333333333333 1.3333333333333333 1.0 1.0 1.0 1.0 15.666666666666666 1.0 1.0 1.0 1.0 15.666666666666666 1.0 1.0 1.3333333333333333 0.0
query18 5.81 28% 0.0 96370.66666666667 1.0 1.0 2.0 2.0 PATH 272.0 52.0 1.0 1.0 1.0 1.0 1.0 1.0 1.0 1.0 1.0 1.0 1.0 1.0 1.0 1.0 1.0 1.0 1.0 1.0 1.0 1.0 81.0 161.0 1.0 1.0 1.0 1.0 1.0 1.6666666666666667 1.0 2.3333333333333335 0.0 1.0 1.0 1.0 1.0 1.0 1.0 1.0 1.0 1.0 1.0 1.0 1.0 1.0 1.0 1.0 1.0 1.0 1.0 1.0 1.0 1.3333333333333333 1.6666666666666667 1.0 1.0 1.0 1.0 1.0 8.0 1.0 15.0 0.0
query2 21.97 26% 0.0 175330.66666666666 1.0 1.0 3.0 3.0 HYBRID 5190.666666666667 267.6666666666667 1.0 1.0 1.0 1.0 1.0 1.0 1.0 1.0 1.0 1.0 1.0 1.0 1.0 1.0 1.0 577.0 1.0 1.0 1.0 1.0 1.0 1.0 1.0 1263.6666666666667 687.6666666666666 1.0 1.0 1.0 1374.0 1263.3333333333333 0.0 1.0 1.0 1.0 1.0 1.0 1.0 1.0 1.0 1.0 1.0 1.0 1.0 1.0 1.0 1.0 48.333333333333336 1.0 1.0 1.0 1.0 1.0 1.0 1.0 48.666666666666664 1.3333333333333333 1.0 1.0 1.0 48.666666666666664 95.66666666666667 0.0
query85 9.263333333333334 31% 0.0 102613.33333333333 1.0 1.0 3.0 3.0 STAR 552.0 64.0 1.0 1.0 1.0 1.0 1.0 1.0 1.0 1.0 42.666666666666664 1.0 105.66666666666667 76.0 1.0 1.0 1.0 1.0 1.0 1.0 1.0 1.0 1.0 42.666666666666664 75.66666666666667 143.66666666666666 1.0 1.0 1.0 1.0 1.0 42.666666666666664 0.0 1.0 1.0 1.0 1.0 1.0 1.0 1.0 1.0 9.666666666666666 1.0 1.3333333333333333 1.3333333333333333 1.0 1.0 1.0 1.0 1.0 1.0 1.0 1.0 1.0 7.666666666666667 12.0 1.3333333333333333 1.0 1.0 1.0 1.0 1.0 7.666666666666667 0.0
query64 36.76666666666667 32% 0.0 191160.0 1.0 1.0 7.0 7.0 HYBRID 6604.666666666667 517.3333333333334 1.0 3.6666666666666665 1.0 1.0 4.333333333333333 2.0 1.0 1.0 1.0 1.0 1.0 1.0 1.0 1.0 1.0 23.0 1.0 1.0 7.0 1.0 1.0 1.0 1.0 6335.333333333333 1.0 1.0 1.0 2.0 186.66666666666666 19.666666666666668 0.0 1.0 23.0 1.0 1.0 1.3333333333333333 3.6666666666666665 1.0 1.0 1.0 1.0 1.0 1.0 1.0 1.0 1.0 1.3333333333333333 1.0 1.0 19.666666666666668 1.0 1.0 1.0 1.0 15.333333333333334 1.0 1.0 1.0 3.0 4.333333333333333 424.6666666666667 0.0
query17 17.46666666666667 36% 0.0 136954.66666666666 1.0 1.0 5.0 5.0 STAR 835.6666666666666 223.0 1.0 1.0 1.0 1.0 1.0 1.0 22.0 1.0 143.66666666666666 84.33333333333333 1.0 1.0 1.0 1.0 1.0 1.0 32.333333333333336 1.0 1.0 1.0 1.0 1.0 22.0 143.66666666666666 1.0 1.0 1.0 22.0 161.0 183.66666666666666 0.0 1.0 1.0 1.0 1.0 1.0 1.0 8.666666666666666 1.0 1.3333333333333333 1.3333333333333333 1.0 1.0 1.0 1.0 1.0 1.0 13.333333333333334 1.0 1.0 1.0 1.0 1.0 4.666666666666667 1.3333333333333333 1.0 1.0 1.0 8.666666666666666 12.0 150.66666666666666 0.0
query91 8.409999999999998 33% 0.0 98542.66666666667 1.0 1.0 2.0 2.0 STAR 844.6666666666666 57.666666666666664 1.0 1.0 1.0 1.0 1.0 1.0 1.0 1.0 1.0 1.0 1.0 1.0 1.0 1.0 209.66666666666666 1.0 177.0 1.0 1.0 1.0 1.0 1.0 177.0 1.0 46.333333333333336 1.0 1.0 1.0 1.0 209.66666666666666 0.0 1.0 1.0 1.0 1.0 1.0 1.0 1.0 1.0 1.0 1.0 1.0 1.0 1.0 1.0 14.333333333333334 1.0 1.3333333333333333 1.0 1.0 1.0 1.0 1.0 1.3333333333333333 1.0 1.3333333333333333 1.0 1.0 1.0 1.0 14.333333333333334 0.0
query71 20.87 27% 0.0 172748.0 1.0 1.0 3.0 3.0 HYBRID 5191.333333333333 267.6666666666667 1.0 1.0 1.0 1.0 1.0 1.0 1.0 1.0 1.0 1.0 1.0 1.0 1.0 1.0 1.0 577.0 1.0 1.0 1.0 1.0 1.0 1.0 1.0 1263.6666666666667 687.6666666666666 1.0 1.0 1.0 1374.3333333333333 1263.6666666666667 0.0 1.0 1.0 1.0 1.0 1.0 1.0 1.0 1.0 1.0 1.0 1.0 1.0 1.0 1.0 1.0 48.333333333333336 1.0 1.0 1.0 1.0 1.0 1.0 1.0 48.666666666666664 1.3333333333333333 1.0 1.0 1.0 48.666666666666664 95.66666666666667 0.0
query4 70.82 8% 0.0 299469.3333333333 1.0 1.0 5.0 5.0 HYBRID 19486.0 1047.0 1.0 1.0 1.0 1.0 1.0 1.0 1.0 1.0 1.0 1.0 1.0 1.0 1.0 1.0 1.0 1.0 1.0 1891.3333333333333 1.0 4094.3333333333335 1.0 1.0 83.66666666666667 4638.0 4091.3333333333335 1.0 4244.666666666667 1.0 419.6666666666667 1.0 0.0 1.0 1.0 1.0 1.0 1.0 1.0 1.0 1.0 1.0 1.0 1.0 1.0 1.0 1.0 1.0 1.0 1.0 1.3333333333333333 1.0 275.3333333333333 1.0 1.0 1.3333333333333333 279.0 38.666666666666664 1.0 420.3333333333333 1.0 8.0 1.0 0.0
query13 11.100000000000001 31% 0.0 123930.66666666667 1.0 1.0 2.0 2.0 STAR 2874.6666666666665 125.66666666666667 1.0 1.0 1.0 1.0 1.0 1.0 1.0 1.0 1.0 1.0 1.0 1.0 1.0 1.0 1.0 1.0 1.0 1.0 1.0 1.0 1.0 1.0 1.0 687.6666666666666 687.6666666666666 1.0 1.0 1.0 785.6666666666666 687.6666666666666 0.0 1.0 1.0 1.0 1.0 1.0 1.0 1.0 1.0 1.0 1.0 1.0 1.0 1.0 1.0 1.0 1.0 1.0 1.0 1.0 1.0 1.0 1.0 1.0 1.3333333333333333 1.3333333333333333 1.0 1.0 1.0 48.666666666666664 48.333333333333336 0.0
query67 1073.0566666666666 0% 0.0 741880.0 1.0 0.0 4.0 4.0 HYBRID 1775840.6666666667 15734.666666666666 1.0 1.0 1.0 1.0 1691.0 1.0 1.0 1.0 1.0 1.0 1.0 1.0 1.0 1.0 1.0 1.0 516424.6666666667 14595.333333333334 1.0 72001.0 1.0 1.0 137620.0 637.3333333333334 516424.6666666667 1.0 1.0 516424.6666666667 1.0 1.0 0.0 1.0 1.0 1.0 1.0 1.3333333333333333 1.0 1.0 1.0 1.0 1.0 1.0 1.0 1.0 1.0 1.0 1.0 637.3333333333334 4802.666666666667 1.0 1.3333333333333333 1.0 1.0 9177.666666666666 1.3333333333333333 115.33333333333333 1.0 1.0 975.6666666666666 1.0 1.0 0.0
query5 69.85000000000001 29% 0.0 191892.0 1.0 1.0 3.0 3.0 HYBRID 14925.333333333334 1021.0 1.0 1.0 1.0 1.0 1.0 1.0 1.0 1.0 1.0 1.0 1.0 1.0 1.0 1.0 1.0 1.0 14595.666666666666 1.0 1.0 1.0 81.0 81.0 1.0 1.0 1.0 1.0 1.0 1.6666666666666667 1.0 141.0 0.0 1.0 1.0 1.0 1.0 1.0 1.0 1.0 1.0 1.0 1.0 1.0 1.0 1.0 1.0 1.0 1.0 1.3333333333333333 1.6666666666666667 1.0 1.0 1.3333333333333333 1.3333333333333333 1.0 1.0 1.6666666666666667 1.0 1.0 8.0 1.0 982.6666666666666 0.0
query36 15.780000000000001 26% 0.0 147469.33333333334 1.0 1.0 2.0 2.0 PATH 3818.0 173.0 1.0 1.0 1.0 1.0 1.0 1.0 1.0 1.0 1.0 1.0 1.0 1.0 1.0 1.0 1.0 577.0 1.0 1.0 1.0 1.0 1.0 1.0 1.0 1263.6666666666667 687.6666666666666 1.0 1.0 1.0 687.6666666666666 577.0 0.0 1.0 1.0 1.0 1.0 1.0 1.0 1.0 1.0 1.0 1.0 1.0 1.0 1.0 1.0 1.0 48.333333333333336 1.0 1.0 1.0 1.0 1.0 1.0 1.0 48.666666666666664 1.3333333333333333 1.0 1.0 1.0 1.3333333333333333 48.333333333333336 0.0
query16 81.5 60% 0.0 358996.0 1.0 1.0 3.0 3.0 STAR 1060306.6666666667 1127.0 1.0 1.0 1.0 1.0 1691.0 1.0 1.0 1.0 1.0 1.0 1.0 1.0 1.0 1.0 1.0 1.0 11065.666666666666 14595.666666666666 1.0 1.0 81.0 1.0 1.0 1.0 516424.6666666667 1.0 1.0 516424.6666666667 1.0 1.0 0.0 1.0 1.0 1.0 1.0 1.3333333333333333 1.0 1.0 1.0 1.0 1.0 1.0 1.0 1.0 1.0 1.0 1.0 1.3333333333333333 8.0 1.0 1.0 1.3333333333333333 1.0 1.0 1.0 115.33333333333333 1.0 1.0 975.6666666666666 1.0 1.0 0.0
query98 28.956666666666667 28% 0.0 173356.0 1.0 1.0 4.0 4.0 HYBRID 2129.6666666666665 396.0 1.0 1.0 1.0 1.0 1.0 301.0 1.0 1.0 1.0 1.0 1.0 1.0 1.0 1.0 1.0 1.0 1.0 1.0 1.0 1.0 301.0 1.0 301.0 301.0 1.0 1.0 301.0 1.0 301.0 300.6666666666667 0.0 1.0 1.0 1.0 1.0 1.0 1.3333333333333333 1.0 1.0 1.0 1.0 1.0 1.0 1.0 1.0 1.0 1.0 1.0 1.0 1.0 1.0 22.666666666666668 1.0 1.3333333333333333 1.3333333333333333 1.0 1.0 22.666666666666668 1.0 301.0 22.666666666666668 0.0
query1 7.539999999999999 26% 0.0 109956.0 1.0 1.0 5.0 5.0 HYBRID 688.3333333333334 85.66666666666667 1.0 1.0 1.0 1.0 1.0 1.0 1.0 1.0 1.0 1.0 1.0 212.0 1.0 1.0 1.0 3.0 3.3333333333333335 1.0 1.0 1.0 1.0 1.0 110.0 1.0 110.0 214.0 3.0 1.0 4.666666666666667 7.333333333333333 0.0 1.0 1.0 1.0 1.0 1.0 1.0 1.0 1.0 1.0 1.0 1.0 1.3333333333333333 1.0 1.0 1.0 9.666666666666666 3.0 1.0 1.0 1.0 1.0 1.0 16.666666666666668 1.0 16.666666666666668 10.0 2.0 1.0 3.0 2.3333333333333335 0.0
query54 48.60999999999999 11% 0.0 228342.66666666666 1.0 1.0 6.0 6.0 HYBRID 2004.0 708.6666666666666 1.0 1.0 1.0 1.0 1.0 301.0 1.0 1.0 268.0 268.0 1.0 1.0 1.0 1.0 1.0 1.0 1.0 1.0 1.0 1.0 301.0 1.0 1.0 109.0 109.0 109.0 1.0 217.0 301.0 1.0 0.0 1.0 1.0 1.0 1.0 1.0 1.3333333333333333 1.0 1.0 301.0 22.666666666666668 1.0 1.0 1.0 1.0 1.0 1.0 1.0 1.0 1.0 1.0 1.3333333333333333 1.0 1.0 301.0 9.666666666666666 20.333333333333332 1.0 29.0 1.3333333333333333 1.0 0.0
query86 11.766666666666666 31% 0.0 123436.0 1.0 1.0 2.0 2.0 STAR 3627.0 97.66666666666667 1.0 1.0 1.0 1.0 1.0 1.0 1.0 1.0 1.0 477.3333333333333 1.0 1.0 1.0 1.0 477.3333333333333 1085.0 1.0 1.0 1.0 477.3333333333333 1.0 1.0 1.0 1085.0 1.0 1.0 1.0 1.0 1.0 1.0 0.0 1.0 1.0 1.0 1.0 1.0 1.0 1.0 1.0 1.0 1.3333333333333333 1.0 1.0 1.0 1.0 1.3333333333333333 34.333333333333336 1.0 1.0 1.0 1.3333333333333333 1.0 1.0 1.0 34.333333333333336 1.0 1.0 1.0 1.0 1.0 1.0 0.0
query25 6.876666666666666 44% 0.0 111144.0 1.0 1.0 2.0 2.0 PATH 1935.0 64.33333333333333 1.0 1.0 1.0 477.3333333333333 1.0 1.0 1.0 1.0 1.0 1.0 1.0 1.0 1.0 1.0 1.0 1.0 1.0 1.0 1.0 953.6666666666666 1.0 1.0 1.0 477.0 1.0 1.0 1.0 1.0 1.0 1.0 0.0 1.0 1.0 1.0 1.3333333333333333 1.0 1.0 1.0 1.0 1.0 1.0 1.0 1.0 1.0 1.0 1.0 1.0 1.0 1.0 1.0 1.6666666666666667 1.0 1.0 1.0 34.333333333333336 1.0 1.0 1.0 1.0 1.0 1.0 0.0
query46 671.3533333333334 26% 0.0 151185.33333333334 0.6666666666666666 1.0 7.0 7.0 HYBRID 143938.66666666666 10720.0 1.0 1.0 1.0 1.0 1.0 1.0 1.0 138472.66666666666 1.0 1.0 1.0 1.0 1.0 1.0 1.0 1.0 1.0 1.0 1.0 5.666666666666667 805.6666666666666 16.666666666666668 1.0 1.0 1.0 1.0 21.333333333333332 1.0 801.0 3792.6666666666665 0.0 1.0 1.0 1.0 1.0 1.0 1.0 1.0 801.0 1.0 1.0 1.0 1.0 1.0 1.0 1.0 1.0 8815.333333333334 1.0 1.0 255.33333333333334 4.0 1.3333333333333333 1.0 1.0 1.0 1.0 18.666666666666668 1.0 1.3333333333333333 801.0 0.0
query70 12.32 27% 0.0 130197.33333333333 1.0 1.0 2.0 2.0 PATH 2132.0 136.0 1.0 1.0 1.0 1.0 1.0 1.0 1.0 1.0 1.0 1.0 1.0 1.0 1.0 1.0 1.0 198.33333333333334 1.0 1.0 1.0 1.0 1.0 1.0 1.0 198.33333333333334 1.0 1.0 1.0 1.0 504.3333333333333 1205.0 0.0 1.0 1.0 1.0 1.0 1.0 1.0 1.0 1.0 1.0 1.0 1.0 1.0 1.0 1.0 1.0 36.0 1.0 1.0 1.0 1.0 1.0 1.0 1.0 36.0 1.0 1.0 1.0 1.0 1.3333333333333333 36.666666666666664 0.0
query56 12.68 33% 0.0 133901.33333333334 1.0 1.0 3.0 3.0 STAR 3439.0 139.33333333333334 1.0 1.0 1.0 1.0 1.0 1.0 1.0 1.0 1.0 1.0 1.0 1.0 1.0 1.0 1.0 1.0 1.0 637.3333333333334 1.0 1.0 301.0 301.0 301.0 637.3333333333334 637.3333333333334 1.0 301.0 301.0 1.0 1.0 0.0 1.0 1.0 1.0 1.0 1.0 1.0 1.0 1.0 1.0 1.0 1.0 1.0 1.0 1.0 1.0 1.0 1.0 22.666666666666668 1.0 1.0 1.3333333333333333 22.666666666666668 1.3333333333333333 22.666666666666668 22.666666666666668 1.0 1.3333333333333333 22.666666666666668 1.0 1.0 0.0
query55 5.756666666666667 34% 0.0 99436.0 1.0 1.0 4.0 4.0 HYBRID 363.0 59.0 1.0 1.0 1.0 1.0 1.0 1.0 1.0 1.0 1.0 1.0 1.0 1.0 1.0 1.0 13.333333333333334 23.0 1.0 1.0 1.0 25.666666666666668 1.0 1.0 83.66666666666667 115.0 1.0 1.0 42.0 13.333333333333334 1.0 25.0 0.0 1.0 1.0 1.0 1.0 1.0 1.0 1.0 1.0 1.0 1.0 1.0 1.0 1.0 1.0 8.0 1.3333333333333333 1.0 1.0 1.0 3.0 1.0 1.0 1.3333333333333333 10.666666666666666 1.0 1.0 1.3333333333333333 8.0 1.0 3.3333333333333335 0.0
query6 24.91 26% 0.0 137750.66666666666 1.0 1.0 5.0 5.0 HYBRID 329.3333333333333 311.6666666666667 1.0 1.0 1.0 1.0 1.0 1.0 1.0 1.0 8.666666666666666 1.0 1.0 1.0 1.0 1.0 1.0 1.0 1.0 1.0 4.0 268.0 2.6666666666666665 1.0 8.0 4.0 1.0 4.0 1.0 6.333333333333333 2.6666666666666665 1.0 0.0 1.0 1.0 1.0 1.0 1.0 1.0 1.0 1.0 2.6666666666666665 1.0 1.0 1.0 1.0 1.0 1.0 1.0 1.0 1.0 3.0 1.3333333333333333 1.3333333333333333 1.0 2.0 8.0 1.0 3.0 1.0 268.0 1.3333333333333333 1.0 0.0
query81 7.073333333333333 37% 0.0 92710.66666666667 1.0 1.0 2.0 2.0 PATH 1316.0 39.0 1.0 1.0 1.0 1.0 1.0 1.0 1.0 1.0 1.0 1.0 1.0 1.0 1.0 1.0 1.0 1.0 1.0 1.0 1.0 17.666666666666668 1.0 17.666666666666668 429.6666666666667 1.0 1.0 1.0 1.0 1.0 413.0 413.0 0.0 1.0 1.0 1.0 1.0 1.0 1.0 1.0 1.0 1.0 1.0 1.0 1.0 1.0 1.0 1.0 1.0 1.0 1.0 1.0 1.3333333333333333 1.0 1.3333333333333333 4.0 1.0 1.0 1.0 1.0 1.0 3.6666666666666665 3.6666666666666665 0.0
query41 5.646666666666667 28% 0.0 91546.66666666667 1.0 1.0 3.0 3.0 STAR 511.6666666666667 45.333333333333336 1.0 150.33333333333334 1.0 1.0 1.0 1.0 1.0 1.0 1.0 1.0 1.0 1.0 1.0 1.0 1.0 1.0 1.0 1.0 1.0 1.0 1.0 1.0 1.0 145.66666666666666 1.0 1.0 25.333333333333332 1.0 15.0 150.33333333333334 0.0 1.0 1.3333333333333333 1.0 1.0 1.0 1.0 1.0 1.0 1.0 1.0 1.0 1.0 1.0 1.0 1.0 1.0 1.0 1.0 1.0 1.0 1.0 1.0 1.0 4.0 1.0 1.0 1.3333333333333333 1.0 1.3333333333333333 12.333333333333334 0.0
query97 7.2 31% 0.0 96888.0 1.0 1.0 3.0 3.0 STAR 316.0 53.0 1.0 1.0 1.0 1.0 1.0 1.0 1.0 1.0 1.0 1.0 1.0 1.0 1.0 1.0 1.0 26.0 1.0 26.0 1.0 84.33333333333333 1.0 1.0 1.0 25.333333333333332 1.0 1.0 84.33333333333333 11.333333333333334 11.333333333333334 25.333333333333332 0.0 1.0 1.0 1.0 1.0 1.0 1.0 1.0 1.0 1.0 1.0 1.0 1.0 1.0 1.0 1.0 1.3333333333333333 1.0 4.333333333333333 1.0 1.3333333333333333 1.0 1.0 1.0 3.3333333333333335 1.0 1.0 1.3333333333333333 8.0 8.0 3.3333333333333335 0.0
query65 5.366666666666667 28% 0.0 78368.0 1.0 1.0 2.0 2.0 PATH 82.0 37.0 1.0 1.0 1.0 1.0 1.0 1.0 1.0 1.0 1.0 1.0 1.0 1.0 1.0 1.0 1.0 1.0 1.0 1.0 1.0 18.333333333333332 1.0 9.666666666666666 1.0 9.666666666666666 1.0 1.0 1.0 9.666666666666666 1.0 9.666666666666666 0.0 1.0 1.0 1.0 1.0 1.0 1.0 1.0 1.0 1.0 1.0 1.0 1.0 1.0 1.0 1.0 1.0 1.0 1.0 1.0 5.0 1.0 3.0 1.0 1.3333333333333333 1.0 1.0 1.0 1.3333333333333333 1.0 1.3333333333333333 0.0
query82 9.603333333333333 25% 0.0 95212.0 1.0 1.0 2.0 2.0 STAR 742.0 66.0 1.0 1.0 1.0 1.0 1.0 67.66666666666667 1.0 1.0 1.0 1.0 1.0 1.0 1.0 1.0 1.0 1.0 1.0 1.0 1.0 1.0 1.0 1.0 1.0 1.0 1.0 76.33333333333333 67.66666666666667 1.0 1.0 504.3333333333333 0.0 1.0 1.0 1.0 1.0 1.0 1.3333333333333333 1.0 1.0 1.0 1.0 1.0 1.0 1.0 1.0 1.0 1.0 1.0 1.0 1.0 1.0 1.0 1.0 1.0 1.0 1.0 36.0 1.3333333333333333 1.0 1.0 1.3333333333333333 0.0
query83 6.859999999999999 28% 0.0 85133.33333333333 1.0 1.0 2.0 2.0 PATH 389.3333333333333 35.666666666666664 1.0 1.0 1.0 1.0 1.0 1.0 1.0 1.0 1.0 1.0 1.0 1.0 1.0 1.0 46.666666666666664 1.0 1.0 1.0 1.0 1.0 46.666666666666664 1.0 1.0 1.0 1.0 221.33333333333334 1.0 1.0 48.666666666666664 1.0 0.0 1.0 1.0 1.0 1.0 1.0 1.0 1.0 1.0 1.0 1.0 1.0 1.0 1.0 1.0 1.3333333333333333 1.0 1.0 1.0 1.0 1.0 1.3333333333333333 1.0 1.0 1.0 1.0 5.666666666666667 1.0 1.0 1.3333333333333333 1.0 0.0
query66 629.5066666666668 0% 0.0 138342.66666666666 0.6666666666666666 1.0 7.0 7.0 HYBRID 76442.66666666667 9888.666666666666 1.0 1.0 1.0 1.0 1.0 1.0 1.0 61.666666666666664 1.0 1.0 1.0 75681.0 1.0 1.0 1.0 1.0 15.333333333333334 1.0 96.33333333333333 1.0 1.0 15.666666666666666 177.0 1.0 177.0 1.0 1.0 1.0 1.0 196.66666666666666 0.0 1.0 1.0 1.0 9460.0 1.0 1.0 1.0 196.66666666666666 1.0 1.0 1.0 1.3333333333333333 1.0 1.0 1.0 1.0 9.0 1.0 177.0 1.0 1.0 6.666666666666667 1.3333333333333333 1.0 1.3333333333333333 1.0 1.0 1.0 1.0 14.333333333333334 0.0
query100 31.66 9% 0.0 170544.0 1.0 1.0 6.0 6.0 HYBRID 730.3333333333334 438.3333333333333 1.0 1.0 1.0 1.0 1.0 1.0 1.0 1.0 1.0 181.66666666666666 1.0 1.0 1.0 1.0 1.0 18.333333333333332 1.0 1.0 1.0 48.0 48.0 1.0 1.0 16.666666666666668 216.66666666666666 15.666666666666666 1.0 83.0 81.33333333333333 1.0 0.0 1.0 1.0 1.0 1.0 1.0 1.0 1.0 1.0 1.0 1.6666666666666667 1.0 1.0 1.0 1.0 1.0 48.0 1.0 1.0 1.0 5.666666666666667 5.666666666666667 1.0 1.0 3.6666666666666665 118.66666666666667 4.666666666666667 1.0 7.0 222.33333333333334 1.0 0.0
query89 9.473333333333334 31% 0.0 95145.33333333333 1.0 1.0 4.0 4.0 HYBRID 148.33333333333334 78.33333333333333 1.0 1.0 1.0 40.0 1.0 1.0 1.0 1.0 1.0 1.0 1.0 1.0 1.0 1.0 40.0 1.0 1.0 1.0 1.0 1.0 1.0 1.0 1.0 1.3333333333333333 1.0 1.3333333333333333 1.0 1.3333333333333333 40.0 1.3333333333333333 0.0 1.0 1.0 1.0 1.3333333333333333 1.0 1.0 1.0 1.0 1.0 1.0 1.0 1.0 1.0 1.0 1.3333333333333333 1.0 1.0 1.0 1.0 1.0 1.0 1.0 1.0 5.0 1.0 40.0 1.0 1.3333333333333333 5.0 1.3333333333333333 0.0
query53 5.43 35% 0.0 92626.66666666667 1.0 1.0 4.0 4.0 STAR 181.33333333333334 48.0 1.0 1.0 1.0 1.0 1.0 4.666666666666667 1.0 1.0 1.0 1.0 1.0 1.0 1.0 1.0 1.0 1.0 1.0 4.666666666666667 1.0 1.0 1.0 3.3333333333333335 3.3333333333333335 1.0 1.0 67.66666666666667 71.33333333333333 1.0 1.0 3.3333333333333335 0.0 1.0 1.0 1.0 1.0 1.0 1.3333333333333333 1.0 1.0 1.0 1.0 1.0 1.0 1.0 1.0 1.0 1.0 1.0 7.0 1.0 1.0 1.0 2.6666666666666665 2.6666666666666665 1.0 1.0 1.3333333333333333 7.333333333333333 1.0 1.0 2.6666666666666665 0.0
query27 19.483333333333334 15% 0.0 176825.33333333334 1.0 1.0 4.0 4.0 HYBRID 8026.666666666667 262.6666666666667 1.0 1.0 1.0 1.0 1.0 1.0 1.0 1.0 1.0 1.0 1.0 1.0 1.0 1.0 223.33333333333334 1.0 1.0 1.0 1.0 1.0 1546.0 1.0 1.0 310.3333333333333 1546.0 1546.0 1.0 1.0 2480.0 352.0 0.0 1.0 1.0 1.0 1.0 1.0 1.0 1.0 1.0 1.0 1.0 1.0 1.0 1.0 1.0 1.3333333333333333 1.0 1.0 1.0 1.0 1.0 164.66666666666666 1.0 1.0 5.666666666666667 17.333333333333332 23.0 1.0 1.0 26.333333333333332 1.3333333333333333 0.0
query49 21.493333333333336 31% 0.0 171112.0 1.0 1.0 4.0 4.0 HYBRID 4629.333333333333 246.0 1.0 1.0 1.0 1.0 1.0 1.0 1.0 1.0 1.0 1.0 1.0 1.0 1.0 1.0 1.0 1.0 1.0 1.0 1.0 500.6666666666667 801.0 1001.0 1.0 1.0 1.0 500.6666666666667 1001.0 1.0 801.0 1.0 0.0 1.0 1.0 1.0 1.0 1.0 1.0 1.0 1.0 1.0 1.0 1.0 1.0 1.0 1.0 1.0 1.0 1.0 1.0 1.0 56.0 1.3333333333333333 36.333333333333336 1.0 1.0 1.0 56.0 71.0 1.0 1.3333333333333333 1.0 0.0
query45 7.87 32% 0.0 98304.0 1.0 1.0 3.0 3.0 HYBRID 434.0 64.0 1.0 1.0 1.0 1.0 1.0 1.0 1.0 1.0 1.0 1.0 1.0 1.0 1.0 12.666666666666666 1.0 1.0 177.0 1.0 1.0 1.0 7.666666666666667 1.0 186.0 1.0 16.666666666666668 1.0 1.0 1.0 1.0 10.0 0.0 1.0 1.0 1.0 1.0 1.0 1.0 1.0 1.0 1.0 1.0 1.0 1.0 1.0 1.3333333333333333 1.0 1.0 1.3333333333333333 1.0 1.0 1.0 14.333333333333334 1.0 3.3333333333333335 1.0 16.666666666666668 1.0 1.0 1.0 1.0 3.0 0.0
query48 4.87 49% 0.0 101128.0 1.0 1.0 2.0 2.0 STAR 2090.0 31.0 1.0 1.0 1.0 1.0 1.0 1.0 1.0 1.0 1.0 1.0 1.0 1.0 1.0 1.0 1.0 1.0 1.0 1.0 1.0 1.0 1.0 1.0 1.0 687.6666666666666 687.6666666666666 1.0 1.0 1.0 687.6666666666666 1.0 0.0 1.0 1.0 1.0 1.0 1.0 1.0 1.0 1.0 1.0 1.0 1.0 1.0 1.0 1.0 1.0 1.0 1.0 1.0 1.0 1.0 1.0 1.0 1.0 1.3333333333333333 1.3333333333333333 1.0 1.0 1.0 1.3333333333333333 1.0 0.0
query61 5.726666666666667 28% 0.0 79553.33333333333 1.0 1.0 3.0 3.0 STAR 79.66666666666667 36.666666666666664 1.0 1.0 1.0 1.0 1.0 1.0 1.0 1.0 1.0 1.0 1.0 1.0 1.0 1.0 1.0 1.0 1.0 1.0 1.0 1.0 1.0 2.0 1.0 2.0 1.0 1.0 2.0 1.0 1.0 47.666666666666664 0.0 1.0 1.0 1.0 1.0 1.0 1.0 1.0 1.0 1.0 1.0 1.0 1.0 1.0 1.0 1.0 1.0 1.0 1.0 1.0 1.0 1.0 5.333333333333333 1.0 2.3333333333333335 1.0 1.0 1.3333333333333333 1.0 1.0 1.6666666666666667 0.0
query52 11.683333333333332 29% 0.0 132844.0 1.0 1.0 2.0 2.0 PATH 2132.0 136.0 1.0 1.0 1.0 1.0 1.0 1.0 1.0 1.0 1.0 1.0 1.0 1.0 1.0 1.0 1.0 198.33333333333334 1.0 1.0 1.0 1.0 1.0 1.0 1.0 198.33333333333334 1.0 1.0 1.0 1.0 504.3333333333333 1205.0 0.0 1.0 1.0 1.0 1.0 1.0 1.0 1.0 1.0 1.0 1.0 1.0 1.0 1.0 1.0 1.0 36.0 1.0 1.0 1.0 1.0 1.0 1.0 1.0 36.0 1.0 1.0 1.0 1.0 1.3333333333333333 36.666666666666664 0.0
query90 12.76 19% 0.0 111317.33333333333 1.0 1.0 4.0 4.0 HYBRID 339.6666666666667 129.0 1.0 1.0 1.0 1.0 1.0 33.333333333333336 1.0 1.0 1.0 33.333333333333336 1.0 1.0 33.333333333333336 1.0 44.333333333333336 1.0 1.0 1.0 1.0 83.66666666666667 1.0 1.0 1.0 1.0 1.0 1.0 44.333333333333336 1.0 1.0 44.333333333333336 0.0 1.0 1.0 1.0 1.0 1.0 44.333333333333336 1.0 1.0 1.0 44.333333333333336 1.0 1.0 8.0 1.0 1.3333333333333333 1.0 1.0 1.0 1.0 5.333333333333333 1.0 1.0 1.0 1.0 1.0 1.0 1.3333333333333333 1.0 1.0 1.3333333333333333 0.0
query40 11.99 27% 0.0 133848.0 1.0 1.0 4.0 4.0 HYBRID 1634.6666666666667 147.66666666666666 1.0 1.0 1.0 1.0 1.0 1.0 1.0 1.0 1.0 1.0 1.0 1.0 1.0 1.0 1.0 2.3333333333333335 1.0 501.0 1.0 151.33333333333334 1.0 1.0 1.0 151.0 1.0 1.0 651.3333333333334 2.3333333333333335 2.3333333333333335 151.0 0.0 1.0 1.0 1.0 1.0 1.0 1.0 1.0 1.0 1.0 1.0 1.0 1.0 1.0 1.0 1.0 12.666666666666666 1.0 1.3333333333333333 1.0 12.666666666666666 1.0 1.0 1.0 36.0 1.0 1.0 1.6666666666666667 12.666666666666666 12.666666666666666 36.0 0.0
query87 7.796666666666667 46% 0.0 114641.33333333333 0.6666666666666666 1.0 6.0 4.0 HYBRID 515.0 165.66666666666666 0.6666666666666666 0.6666666666666666 0.6666666666666666 0.6666666666666666 0.6666666666666666 1.0 1.0 1.0 1.0 19.666666666666668 1.0 3.0 1.0 1.0 1.0 1.0 1.0 14.666666666666666 1.0 47.666666666666664 17.666666666666668 1.0 76.66666666666667 1.0 1.0 14.0 152.66666666666666 1.0 14.666666666666666 136.0 0.0 0.6666666666666666 0.6666666666666666 0.6666666666666666 0.6666666666666666 0.6666666666666666 1.0 1.0 1.0 1.0 11.333333333333334 1.0 11.333333333333334 1.0 1.0 1.0 1.0 1.0 11.333333333333334 1.0 16.0 11.333333333333334 1.0 17.333333333333332 1.0 1.0 22.333333333333332 22.666666666666668 11.666666666666666 11.666666666666666 1.3333333333333333 0.0
query20 90.53333333333332 11% 0.0 296602.6666666667 1.0 1.0 6.0 6.0 HYBRID 21084.0 1337.6666666666667 1.0 514.6666666666666 1.0 1.0 1.0 1.0 1.0 1.0 1.0 1.0 1.0 1.0 1.0 1.0 514.6666666666666 1.0 1.0 1.0 1.0 1.0 1.0 1.0 1.0 6334.333333333333 1.0 1.0 1.0 514.6666666666666 12667.333333333334 514.3333333333334 0.0 1.0 1.3333333333333333 1.0 1.0 1.0 1.0 1.0 1.0 1.0 1.0 1.0 1.0 1.0 1.0 424.6666666666667 1.0 1.0 1.0 1.0 1.0 1.0 1.0 1.0 1.3333333333333333 1.0 1.0 1.0 424.6666666666667 425.0 36.666666666666664 0.0
query10 9.446666666666667 20% 0.0 105413.33333333333 1.0 1.0 5.0 5.0 HYBRID 231.0 111.33333333333333 1.0 1.0 1.0 1.0 1.0 1.0 1.0 1.0 1.0 1.0 1.0 1.0 1.0 1.0 13.666666666666666 1.0 1.0 25.666666666666668 1.0 49.666666666666664 14.0 1.0 1.0 25.666666666666668 1.0 1.0 9.0 1.0 27.0 44.333333333333336 0.0 1.0 1.0 1.0 1.0 1.0 1.0 1.0 1.0 1.0 1.0 1.0 1.0 1.0 1.0 1.3333333333333333 1.0 1.0 44.333333333333336 1.0 3.3333333333333335 4.333333333333333 1.0 1.0 3.0 1.0 1.0 1.3333333333333333 1.0 30.333333333333332 1.3333333333333333 0.0
query51 6.489999999999999 33% 0.0 91342.66666666667 1.0 1.0 2.0 2.0 STAR 615.6666666666666 42.0 1.0 1.0 1.0 1.0 1.0 1.0 1.0 1.0 291.3333333333333 1.0 1.0 1.0 148.66666666666666 1.0 1.0 1.0 1.0 1.0 1.0 1.0 1.0 1.0 1.0 1.0 1.0 148.66666666666666 1.0 1.0 1.0 1.0 0.0 1.0 1.0 1.0 1.0 1.0 1.0 1.0 1.0 1.6666666666666667 1.0 1.0 1.0 1.3333333333333333 1.0 1.0 1.0 1.0 1.0 1.0 1.0 1.0 1.0 1.0 1.0 1.0 12.0 1.0 1.0 1.0 1.0 0.0
query94 13.386666666666665 49% 0.0 133110.66666666666 1.0 1.0 2.0 2.0 STAR 3462.6666666666665 125.66666666666667 1.0 1.0 1.0 1.0 1.0 1.0 1.0 1.0 1.0 1.0 1.0 1.0 1.0 1.0 1.0 1.0 1.0 1.0 1.0 1.0 1.0 1.0 1.0 687.6666666666666 687.6666666666666 1.0 1.0 1.0 1374.0 687.3333333333334 0.0 1.0 1.0 1.0 1.0 1.0 1.0 1.0 1.0 1.0 1.0 1.0 1.0 1.0 1.0 1.0 1.0 1.0 1.0 1.0 1.0 1.0 1.0 1.0 1.3333333333333333 1.3333333333333333 1.0 1.0 1.0 48.666666666666664 48.333333333333336 0.0
query57 6.416666666666667 31% 0.0 93281.33333333333 1.0 1.0 3.0 3.0 HYBRID 413.6666666666667 58.666666666666664 1.0 1.0 1.0 1.0 1.0 1.0 1.0 1.0 1.0 1.0 1.0 1.0 1.0 1.0 9.666666666666666 1.0 1.0 1.0 1.0 1.0 1.0 9.666666666666666 1.0 1.0 1.0 9.666666666666666 4.333333333333333 1.0 1.0 355.3333333333333 0.0 1.0 1.0 1.0 1.0 1.0 1.0 1.0 1.0 1.0 1.0 1.0 1.0 1.0 1.0 2.3333333333333335 1.0 1.0 1.0 1.0 1.0 1.0 26.0 1.0 1.0 1.0 2.3333333333333335 1.3333333333333333 1.0 1.0 1.6666666666666667 0.0
query3 9.08 31% 0.0 122798.66666666667 1.0 1.0 3.0 3.0 HYBRID 1167.0 115.0 1.0 1.0 1.0 1.0 1.0 1.0 1.0 1.0 1.0 1.0 1.0 1.0 1.0 1.0 1.0 1.0 177.0 1.0 1.0 1.0 8.666666666666666 1.0 177.0 1.0 184.66666666666666 1.0 1.0 1.0 196.33333333333334 399.3333333333333 0.0 1.0 1.0 1.0 1.0 1.0 1.0 1.0 1.0 1.0 1.0 1.0 1.0 1.0 1.0 1.0 1.0 1.3333333333333333 1.0 1.0 1.0 15.666666666666666 1.0 1.3333333333333333 1.0 16.0 1.0 1.0 1.0 14.333333333333334 42.333333333333336 0.0
query7 10.236666666666666 33% 0.0 126057.33333333333 1.0 1.0 3.0 3.0 STAR 1739.3333333333333 121.0 1.0 1.0 1.0 1.0 1.0 152.66666666666666 1.0 1.0 1.0 1.0 1.0 1.0 1.0 1.0 152.66666666666666 1.0 1.0 1.0 1.0 1.0 801.0 152.33333333333334 1.0 1.0 1.0 1.0 152.33333333333334 1.0 152.66666666666666 152.66666666666666 0.0 1.0 1.0 1.0 1.0 1.0 1.3333333333333333 1.0 1.0 1.0 1.0 1.0 1.0 1.0 1.0 1.3333333333333333 1.0 1.0 1.0 1.0 1.0 1.3333333333333333 12.666666666666666 1.0 1.0 1.0 1.0 12.666666666666666 1.0 12.666666666666666 56.0 0.0
query38 22.753333333333334 12% 0.0 152042.66666666666 1.0 1.0 6.0 6.0 HYBRID 810.3333333333334 336.3333333333333 1.0 1.0 1.0 1.0 1.0 64.33333333333333 1.0 1.0 1.0 67.0 1.0 1.0 1.0 1.0 13.666666666666666 67.0 1.0 1.0 1.0 67.0 1.0 1.0 1.0 148.66666666666666 64.0 1.0 42.0 1.0 214.66666666666666 42.0 0.0 1.0 1.0 1.0 1.0 1.0 64.33333333333333 1.0 1.0 1.0 67.0 1.0 1.0 1.0 1.0 1.3333333333333333 148.66666666666666 1.0 1.0 1.0 7.0 1.0 1.0 1.0 5.333333333333333 3.3333333333333335 1.0 1.3333333333333333 1.0 16.666666666666668 1.3333333333333333 0.0
query26 16.933333333333334 23% 0.0 128874.66666666667 1.0 1.0 5.0 5.0 HYBRID 442.0 215.0 1.0 1.0 1.0 1.0 1.0 1.0 1.0 25.666666666666668 1.0 1.0 1.0 1.0 1.0 7.666666666666667 23.666666666666668 1.0 1.0 1.0 1.0 23.666666666666668 17.0 7.666666666666667 1.0 25.666666666666668 1.0 1.0 7.666666666666667 139.0 1.0 144.33333333333334 0.0 1.0 1.0 1.0 1.0 1.0 1.0 1.0 1.3333333333333333 1.0 1.0 1.0 1.0 1.0 139.0 4.333333333333333 1.0 1.0 1.0 1.0 4.333333333333333 4.0 3.6666666666666665 1.0 1.3333333333333333 1.0 1.0 23.666666666666668 12.0 1.0 1.3333333333333333 0.0
query95 63.339999999999996 31% 0.0 259525.33333333334 1.0 1.0 4.0 4.0 HYBRID 14247.333333333334 878.3333333333334 1.0 1.0 1.0 1.0 1.0 1.0 1.0 1.0 1.0 1.0 1.0 1.0 1.0 1.0 1.0 736.3333333333334 1.0 1.0 1.0 1.0 1.0 1.0 1.0 6334.333333333333 6334.333333333333 1.0 1.0 736.3333333333334 81.0 1.0 0.0 1.0 1.0 1.0 1.0 1.0 1.0 1.0 1.0 1.0 1.0 1.0 1.0 1.0 1.0 1.0 424.6666666666667 1.0 1.0 1.0 1.0 1.0 1.0 1.0 1.3333333333333333 1.3333333333333333 1.0 1.0 424.6666666666667 1.3333333333333333 1.0 0.0
query11 7.1933333333333325 34% 0.0 105692.0 1.0 1.0 2.0 2.0 STAR 1144.0 71.0 1.0 1.0 1.0 1.0 1.0 1.0 1.0 1.0 1.0 1.0 1.0 1.0 1.0 1.0 1.0 1.0 177.0 1.0 1.0 1.0 1.0 1.0 177.0 1.0 177.0 1.0 1.0 1.0 196.33333333333334 391.6666666666667 0.0 1.0 1.0 1.0 1.0 1.0 1.0 1.0 1.0 1.0 1.0 1.0 1.0 1.0 1.0 1.0 1.0 1.3333333333333333 1.0 1.0 1.0 1.0 1.0 1.3333333333333333 1.0 1.3333333333333333 1.0 1.0 1.0 14.333333333333334 27.666666666666668 0.0
query77 13.4 29% 0.0 137760.0 1.0 1.0 3.0 3.0 HYBRID 2785.6666666666665 154.66666666666666 1.0 1.0 1.0 1.0 1.0 1.0 1.0 1.0 1.0 1.0 332.6666666666667 1.0 1.0 1.0 332.6666666666667 1.0 1.0 1.0 1.0 953.6666666666666 332.6666666666667 1.0 1.0 477.3333333333333 1.0 1.0 1.0 1.0 332.6666666666667 1.0 0.0 1.0 1.0 1.0 1.0 1.0 1.0 1.0 1.0 1.0 1.0 24.666666666666668 1.0 1.0 1.0 1.3333333333333333 1.0 1.0 1.0 1.0 1.6666666666666667 34.333333333333336 1.0 1.0 34.333333333333336 1.0 1.0 1.0 1.0 34.333333333333336 1.0 0.0
query37 6.666666666666667 36% 0.0 106965.33333333333 1.0 1.0 5.0 5.0 HYBRID 604.3333333333334 76.66666666666667 1.0 1.0 1.0 1.0 1.0 1.0 1.0 1.0 1.0 1.0 1.0 12.333333333333334 247.33333333333334 1.0 1.0 1.0 1.0 23.333333333333332 9.666666666666666 1.0 1.0 1.0 1.0 120.33333333333333 1.0 25.666666666666668 30.0 1.0 1.0 113.66666666666667 0.0 1.0 1.0 1.0 1.0 1.0 1.0 1.0 1.0 1.0 1.0 1.0 4.0 1.3333333333333333 1.0 1.0 1.0 1.0 9.666666666666666 1.3333333333333333 1.0 1.0 1.0 1.0 21.333333333333332 1.0 3.0 11.0 1.0 1.0 3.0 0.0
query59 87.35666666666667 64% 0.0 277746.6666666667 1.0 1.0 3.0 3.0 STAR 1044483.0 1118.6666666666667 1.0 1.0 1.0 1.0 1691.0 1.0 1.0 1.0 1.0 1.0 1.0 1.0 1.0 1.0 1.0 1.0 1691.0 14473.666666666666 1.0 1.0 81.0 1.0 1.0 1.0 516302.6666666667 1.0 1.0 510219.6666666667 1.0 1.0 0.0 1.0 1.0 1.0 1.0 1.3333333333333333 1.0 1.0 1.0 1.0 1.0 1.0 1.0 1.0 1.0 1.0 1.0 1.3333333333333333 8.0 1.0 1.0 1.3333333333333333 1.0 1.0 1.0 115.33333333333333 1.0 1.0 967.3333333333334 1.0 1.0 0.0
query42 187.1 6% 0.0 371037.3333333333 1.0 1.0 7.0 7.0 HYBRID 22328.666666666668 2870.0 1.0 1.0 1.0 297.6666666666667 1.0 1.0 1.0 1.0 1.0 1085.6666666666667 1.0 1.0 1.0 1.0 11.333333333333334 19.666666666666668 1.0 1.0 1.0 18.666666666666668 1.0 1.0 1.0 66.66666666666667 6334.333333333333 1.0 1.0 1.0 14472.666666666666 1.0 0.0 1.0 1.0 1.0 1.3333333333333333 1.0 1.0 1.0 1.0 1.0 1.3333333333333333 1.0 1.0 1.0 1.0 19.666666666666668 424.6666666666667 1.0 1.0 1.0 3.3333333333333335 1.0 1.0 1.0 2050.6666666666665 1.3333333333333333 1.0 1.0 1.0 345.6666666666667 1.0 0.0
query9 25.069999999999997 26% 0.0 175025.33333333334 1.0 1.0 6.0 6.0 HYBRID 2217.3333333333335 380.0 1.0 1.0 1.0 1.0 1.0 1.0 1.0 1.0 225.0 268.0 1.0 1.0 1.0 114.33333333333333 114.33333333333333 230.33333333333334 1.0 1.0 1.0 1.0 1.0 1.0 1.0 114.33333333333333 629.3333333333334 109.0 1.0 167.66666666666666 225.0 1.0 0.0 1.0 1.0 1.0 1.0 1.0 1.0 1.0 1.0 230.33333333333334 1.3333333333333333 1.0 1.0 1.0 17.333333333333332 17.333333333333332 1.3333333333333333 1.0 1.0 1.0 1.0 1.0 1.0 1.0 6.0 6.333333333333333 20.333333333333332 1.0 18.666666666666668 41.0 1.0 0.0
query21 6.260000000000001 27% 0.0 82633.33333333333 1.0 1.0 2.0 2.0 STAR 186.0 39.666666666666664 1.0 1.0 1.0 1.0 1.0 1.0 1.0 25.666666666666668 1.0 1.0 1.0 1.0 1.0 1.0 1.0 1.0 1.0 1.0 1.0 25.666666666666668 1.0 1.0 1.0 1.0 1.0 1.0 66.66666666666667 1.0 1.0 42.0 0.0 1.0 1.0 1.0 1.0 1.0 1.0 1.0 1.3333333333333333 1.0 1.0 1.0 1.0 1.0 1.0 1.0 1.0 1.0 1.0 1.0 5.333333333333333 1.0 1.0 1.0 1.0 1.0 1.0 5.666666666666667 1.0 1.0 1.3333333333333333 0.0
query30 14.899999999999999 35% 0.0 124129.33333333333 1.0 1.0 4.0 4.0 STAR 518.0 192.33333333333334 1.0 1.0 1.0 1.0 1.0 1.0 1.0 1.0 1.0 1.0 1.0 1.0 1.0 1.0 1.0 1.0 1.0 1.0 1.0 1.0 1.0 34.0 141.33333333333334 1.0 1.0 45.666666666666664 34.333333333333336 1.0 34.333333333333336 204.33333333333334 0.0 1.0 1.0 1.0 1.0 1.0 1.0 1.0 1.0 1.0 1.0 1.0 1.0 1.0 1.0 1.0 1.0 1.0 1.0 1.0 1.0 1.0 5.666666666666667 1.3333333333333333 1.0 1.0 1.3333333333333333 141.33333333333334 1.0 12.666666666666666 6.0 0.0
