query1 30.27 16% 0 148800 1.00 1.00 5 5 HYBRID 343 338 1 1 1 1 1 1 1 1 7 328 0 1 1 1 1 1 1 1 1 328 2 0
query2 8.76 42% 0 106576 1.00 1.00 3 3 HYBRID 2330 55 1 1 1 1 1 1 1 1 593 1729 0 1 1 1 1 1 1 1 1 2 45 0
query3 5.12 31% 0 74140 1.00 1.00 3 3 HYBRID 52 17 1 1 1 1 1 1 1 1 23 21 0 1 1 1 1 1 1 1 1 7 2 0
query4 62.66 17% 0 341028 1.00 1.00 5 5 HYBRID 24570 834 1 1 1 1 1 1 1 1 12281 12281 0 1 1 1 1 1 1 1 1 824 2 0
query5 25.05 23% 0 197348 1.00 1.00 3 3 HYBRID 4246 270 1 1 1 1 1 1 419 1 3819 1 0 1 1 1 1 1 1 260 1 2 1 0
query6 6.81 26% 0 77028 1.00 1.00 5 5 HYBRID 45 35 1 1 1 1 1 6 1 1 10 22 0 1 1 1 1 1 2 1 1 22 4 0
query7 5.97 37% 0 82368 1.00 1.00 3 3 STAR 465 11 1 1 1 1 1 1 1 1 456 1 0 1 1 1 1 1 1 1 1 2 1 0
query8 3.58 61% 0 81276 1.00 1.00 3 3 HYBRID 465 11 1 1 1 1 1 1 1 1 456 1 0 1 1 1 1 1 1 1 1 2 1 0
query9 7.14 49% 0 107596 1.00 1.00 6 6 HYBRID 1362 87 1 1 1 1 1 1 341 341 673 1 0 1 1 1 1 1 1 28 50 2 1 0
query10 5.82 37% 0 84344 1.00 1.00 5 5 HYBRID 93 55 1 40 1 1 1 45 1 1 1 1 0 1 45 1 1 1 2 1 1 1 1 0
query11 5.51 57% 0 94888 1.00 1.00 2 2 STAR 1124 51 1 1 1 1 1 1 1 1 587 529 0 1 1 1 1 1 1 1 1 41 2 0
query12 2.85 53% 0 74040 1.00 1.00 5 5 HYBRID 50 17 1 1 1 1 1 1 1 1 21 21 0 1 1 1 1 1 1 1 1 7 2 0
query13 13.33 35% 0 137932 1.00 1.00 2 2 STAR 4130 153 1 1 1 1 1 1 1 1 2061 2061 0 1 1 1 1 1 1 1 1 143 2 0
query14 267.33 9% 0 335844 1.00 1.00 7 7 HYBRID 4462 3799 1 1 1 1 1 1 1 665 1729 2061 0 1 1 1 1 1 1 1 1729 2061 2 0
query15 2.38 61% 0 71536 1.00 1.00 2 2 STAR 118 11 1 1 1 1 1 1 1 1 1 109 0 1 1 1 1 1 1 1 1 1 2 0
query16 19.60 30% 0 290540 1.00 1.00 3 3 STAR 33204 11 1 1 1 1 1 1 33195 1 1 1 0 1 1 1 1 1 1 2 1 1 1 0
query17 6.18 30% 0 75548 1.00 1.00 5 5 STAR 167 22 1 1 1 1 1 1 95 1 1 64 0 1 1 1 1 1 1 2 1 1 12 0
query18 5.22 27% 0 70660 1.00 1.00 2 2 PATH 12 11 1 1 1 3 1 1 1 1 1 1 0 1 1 1 2 1 1 1 1 1 1 0
query19 5.43 29% 0 73016 1.00 1.00 4 4 STAR 25 15 1 1 1 1 1 1 1 6 11 1 0 1 1 1 1 1 1 1 5 2 1 0
query20 1229.40 4% 0 370000 1.00 1.00 6 6 HYBRID 20551 19011 1 1 1 1 1 1 1542 1 1 19001 0 1 1 1 1 1 1 19001 1 1 2 0
query21 5.13 30% 0 71704 1.00 1.00 2 2 STAR 84 11 1 75 1 1 1 1 1 1 1 1 0 1 2 1 1 1 1 1 1 1 1 0
query22 10.33 34% 0 111676 1.00 1.00 2 2 PATH 1711 76 1 1 1 1 1 1 1 1 802 901 0 1 1 1 1 1 1 1 1 66 2 0
query23 5.91 30% 0 76252 1.00 1.00 2 2 STAR 206 24 1 1 1 1 1 1 1 74 1 124 0 1 1 1 1 1 1 1 14 1 2 0
query24 105.39 10% 0 315996 1.00 1.00 7 7 HYBRID 2687 1521 1 1 1 1 1 1 1 1 1511 1168 0 1 1 1 1 1 1 1 1 2 1511 0
query25 6.24 47% 0 89880 1.00 1.00 2 2 PATH 1439 11 1 1 1 1 1430 1 1 1 1 1 0 1 1 1 1 2 1 1 1 1 1 0
query26 5.38 31% 0 74260 1.00 1.00 5 5 HYBRID 49 17 1 1 1 1 1 1 20 1 1 21 0 1 1 1 1 1 1 7 1 1 2 0
query27 29.07 24% 0 224892 1.00 1.00 4 4 HYBRID 9946 374 1 1 1 1 1 668 1 1 4635 4636 0 1 1 1 1 1 2 1 1 315 50 0
query28 5.54 27% 0 72592 1.00 1.00 3 3 STAR 21 15 1 1 1 1 1 1 1 2 11 1 0 1 1 1 1 1 1 1 5 2 1 0
query29 177.20 8% 0 324820 1.00 1.00 5 5 HYBRID 3224 2645 1 1 1 1 1 1 1 1 581 2635 0 1 1 1 1 1 1 1 1 2635 2 0
query30 10.00 37% 0 113344 1.00 1.00 4 4 STAR 1035 82 1 1 1 1 1 1 1 148 780 100 0 1 1 1 1 1 1 1 58 2 15 0
query32 6.38 46% 0 94420 1.00 1.00 2 2 PATH 1510 11 1 1 1 1 1 1 1 1 1 1501 0 1 1 1 1 1 1 1 1 1 2 0
query33 5.82 35% 0 78472 1.00 1.00 2 2 PATH 517 11 1 1 1 1 1 1 1 1 508 1 0 1 1 1 1 1 1 1 1 2 1 0
query34 5.60 31% 0 74576 1.00 1.00 5 2 STAR 87 22 1 1 1 1 1 1 22 18 29 12 0 1 1 1 1 1 1 2 2 10 2 0
query35 5.86 28% 0 74168 1.00 1.00 3 3 STAR 72 18 1 39 1 1 1 1 1 1 1 25 0 1 2 1 1 1 1 1 1 1 8 0
query36 5.74 31% 0 77212 1.00 1.00 2 2 PATH 331 11 322 1 1 1 1 1 1 1 1 1 0 2 1 1 1 1 1 1 1 1 1 0
query37 6.13 31% 0 78144 1.00 1.00 5 5 HYBRID 191 28 1 1 1 1 1 1 1 75 74 35 0 1 1 1 1 1 1 1 2 8 11 0
query38 20.05 22% 0 134304 1.00 1.00 6 6 HYBRID 849 243 1 1 1 1 1 199 199 1 1 444 0 1 1 1 1 1 35 199 1 1 2 0
query39 6.81 33% 0 84468 1.00 1.00 7 7 HYBRID 249 27 1 1 1 1 1 74 1 1 1 167 0 1 1 1 1 1 17 1 1 1 2 0
query40 7.54 24% 0 79240 1.00 1.00 4 4 HYBRID 45 42 1 32 1 1 1 1 1 1 1 5 0 1 2 1 1 1 1 1 1 1 32 0
query41 24.50 22% 0 174736 1.00 1.00 3 3 STAR 4578 295 1 1 1 1 1 449 1 1 2061 2061 0 1 1 1 1 1 143 1 1 143 2 0
query42 1800.01 0% 0 1432 0.00 1.00 7 7 HYBRID 75551 27940 1 1 1 1 1 1 1 1 75 75468 0 1 1 1 1 1 1 1 1 27930 2 0
query43 13.60 34% 0 130672 1.00 1.00 3 3 PATH 3010 116 1 1 1 1 1 1 1 1 1501 1501 0 1 1 1 1 1 1 1 1 106 2 0
query44 5.80 35% 0 80124 1.00 1.00 3 3 HYBRID 438 11 1 1 1 1 1 1 429 1 1 1 0 1 1 1 1 1 1 2 1 1 1 0
query45 5.95 28% 0 74392 1.00 1.00 3 3 HYBRID 57 17 1 1 1 1 1 1 28 1 1 21 0 1 1 1 1 1 1 7 1 1 2 0
query46 5.79 30% 0 75140 1.00 1.00 7 7 HYBRID 71 19 1 1 1 1 1 1 1 1 15 48 0 1 1 1 1 1 1 1 1 9 2 0
query47 95.36 15% 0 340076 1.00 1.00 3 3 HYBRID 38010 1282 1 1 1 1 1 1 1 1 19001 19001 0 1 1 1 1 1 1 1 1 1272 2 0
query48 3.14 102% 0 96452 1.00 1.00 2 2 STAR 2070 11 1 1 1 1 1 1 1 1 1 2061 0 1 1 1 1 1 1 1 1 1 2 0
query49 2.98 111% 0 97860 1.00 1.00 4 4 HYBRID 1510 11 1 1 1 1 1 1 1 1 1 1501 0 1 1 1 1 1 1 1 1 1 2 0
query50 33.07 17% 0 173924 1.00 1.00 7 7 HYBRID 4076 222 1 1 1 1 1 977 1 1 3091 1 0 1 1 1 1 1 212 1 1 2 1 0
query51 2.65 72% 0 79796 1.00 1.00 2 2 STAR 453 11 1 1 1 1 1 1 1 444 1 1 0 1 1 1 1 1 1 1 2 1 1 0
query52 2.63 59% 0 70992 1.00 1.00 2 2 PATH 121 11 1 1 1 1 1 1 1 1 112 1 0 1 1 1 1 1 1 1 1 2 1 0
query53 2.95 55% 0 73364 1.00 1.00 4 4 STAR 28 16 1 1 1 1 1 1 1 12 1 8 0 1 1 1 1 1 1 1 2 1 6 0
query54 5.07 66% 0 100436 1.00 1.00 6 6 HYBRID 982 63 1 1 1 1 1 325 325 1 325 1 0 1 1 1 1 1 27 27 1 2 1 0
query55 3.12 57% 0 74668 1.00 1.00 4 4 HYBRID 119 18 1 38 1 1 1 1 1 1 73 1 0 1 2 1 1 1 1 1 1 8 1 0
query56 12.83 41% 0 136304 1.00 1.00 3 3 STAR 3828 143 1 1 1 1 1 1910 1910 1 1 1 0 1 1 1 1 1 133 2 1 1 1 0
query57 2.79 53% 0 72524 1.00 1.00 3 3 HYBRID 46 15 1 1 1 1 1 1 1 27 11 1 0 1 1 1 1 1 1 1 5 2 1 0
query58 16.65 25% 0 122748 1.00 1.00 6 6 HYBRID 210 204 1 1 1 1 1 1 1 1 8 194 0 1 1 1 1 1 1 1 1 194 2 0
query59 7.72 44% 0 105552 1.00 1.00 3 3 STAR 5080 11 1 1 1 1 1 1 5071 1 1 1 0 1 1 1 1 1 1 2 1 1 1 0
query60 4.87 51% 0 88696 1.00 1.00 3 3 HYBRID 458 44 1 1 1 1 1 21 429 1 1 1 0 1 1 1 1 1 34 2 1 1 1 0
query61 2.85 56% 0 73452 1.00 1.00 3 3 STAR 23 15 1 1 1 1 1 1 1 1 11 4 0 1 1 1 1 1 1 1 1 2 5 0
query62 2.39 59% 0 71692 1.00 1.00 2 2 STAR 140 11 1 131 1 1 1 1 1 1 1 1 0 1 2 1 1 1 1 1 1 1 1 0
query63 10.01 37% 0 117876 1.00 1.00 2 2 STAR 1593 116 1 1 1 1 1 74 1 1 1511 1 0 1 1 1 1 1 106 1 1 2 1 0
query64 6.03 32% 0 87472 1.00 1.00 7 7 HYBRID 77 71 57 1 1 1 1 1 9 4 1 1 0 2 1 1 1 1 1 57 5 1 1 0
query65 2.17 56% 0 71884 1.00 1.00 2 2 PATH 36 11 1 1 1 1 1 27 1 1 1 1 0 1 1 1 1 1 2 1 1 1 1 0
query66 1800.00 0% 0 1432 0.00 1.00 7 7 HYBRID 227059 27955 1 1 1 1 1 1 10 1 1 227041 0 1 1 1 1 1 1 27945 1 1 2 0
query68 5.24 30% 0 73504 1.00 1.00 3 3 HYBRID 27 17 1 1 1 1 1 1 1 4 1 15 0 1 1 1 1 1 1 1 7 1 2 0
query69 104.10 11% 0 306600 1.00 1.00 7 7 HYBRID 2874 1540 1 1 1 1 1 1 1430 7 1430 1 0 1 1 1 1 1 1 101 1430 2 1 0
query70 5.52 39% 0 81096 1.00 1.00 2 2 PATH 602 11 1 1 1 1 1 1 1 1 593 1 0 1 1 1 1 1 1 1 1 2 1 0
query71 8.76 39% 0 108696 1.00 1.00 3 3 HYBRID 2328 55 1 1 1 1 1 1 1 1 593 1727 0 1 1 1 1 1 1 1 1 2 45 0
query73 5.86 30% 0 74416 1.00 1.00 3 3 STAR 154 20 1 1 1 1 1 1 1 73 73 1 0 1 1 1 1 1 1 1 2 10 1 0
query74 90.27 11% 0 297536 1.00 1.00 7 7 HYBRID 1534 1289 1 1 1 1 1 1279 1 1 247 1 0 1 1 1 1 1 2 1 1 1279 1 0
query75 6.20 27% 0 73788 1.00 1.00 5 5 HYBRID 63 17 1 1 1 1 1 1 27 1 1 28 0 1 1 1 1 1 1 7 1 1 2 0
query76 5.38 40% 0 79920 1.00 1.00 2 2 STAR 554 11 1 1 1 1 1 1 1 1 1 545 0 1 1 1 1 1 1 1 1 1 2 0
query77 10.63 35% 0 113016 1.00 1.00 3 3 HYBRID 2000 82 1 1 1 1 1 1 996 1 1 996 0 1 1 1 1 1 1 72 1 1 2 0
query78 5.97 28% 0 73652 1.00 1.00 3 3 STAR 67 18 1 1 1 1 1 30 1 1 29 1 0 1 1 1 1 1 2 1 1 8 1 0
query79 33.63 19% 0 221996 1.00 1.00 6 6 HYBRID 12254 261 1 1 1 1 1 1 1 1 251 11995 0 1 1 1 1 1 1 1 1 2 251 0
query80 1800.02 0% 0 1428 0.00 1.00 3 3 HYBRID 754522 514 1 1 1 1 1 1 1 1 1 754513 0 1 1 1 1 1 1 1 504 1 2 0
query81 5.14 29% 0 71368 1.00 1.00 2 2 PATH 60 11 1 1 1 1 1 1 51 1 1 1 0 1 1 1 1 1 1 2 1 1 1 0
query82 5.42 31% 0 72736 1.00 1.00 2 2 STAR 210 11 1 201 1 1 1 1 1 1 1 1 0 1 2 1 1 1 1 1 1 1 1 0
query83 5.40 30% 0 71992 1.00 1.00 2 2 PATH 147 11 1 1 1 1 1 138 1 1 1 1 0 1 1 1 1 1 2 1 1 1 1 0
query84 5.89 27% 0 73172 1.00 1.00 3 3 STAR 30 16 1 1 1 1 1 1 1 2 10 11 0 1 1 1 1 1 1 1 2 5 2 0
query85 7.15 34% 0 89820 1.00 1.00 3 3 STAR 449 37 1 1 1 1 1 1 1 126 1 315 0 1 1 1 1 1 1 1 27 1 2 0
query86 5.80 48% 0 91512 1.00 1.00 2 2 STAR 1439 11 1 1 1 1 1 1 1 1 1430 1 0 1 1 1 1 1 1 1 1 2 1 0
query87 8.82 53% 0 137864 1.00 1.00 7 4 HYBRID 1028 161 1 1 1 1 1 1 96 90 350 486 0 1 1 1 1 1 1 32 32 57 34 0
query88 9.15 35% 0 102016 1.00 1.00 3 3 STAR 1280 58 1 1 1 636 1 1 636 1 1 1 0 1 1 1 2 1 1 48 1 1 1 0
query89 10.02 26% 0 101776 1.00 1.00 4 4 HYBRID 128 128 1 1 1 1 1 1 1 118 1 2 0 1 1 1 1 1 1 1 2 1 118 0
query90 2.09 59% 0 72136 1.00 1.00 4 4 HYBRID 107 11 1 98 1 1 1 1 1 1 1 1 0 1 2 1 1 1 1 1 1 1 1 0
query91 2.21 60% 0 71248 1.00 1.00 2 2 STAR 146 11 1 1 1 1 1 137 1 1 1 1 0 1 1 1 1 1 2 1 1 1 1 0
query92 4.83 30% 0 70740 1.00 1.00 2 2 STAR 14 11 1 5 1 1 1 1 1 1 1 1 0 1 2 1 1 1 1 1 1 1 1 0
query93 12.13 35% 0 124312 1.00 1.00 3 3 HYBRID 4455 100 1 1 1 1 1 1 1263 1 1 3184 0 1 1 1 1 1 1 2 1 1 90 0
query94 16.13 32% 0 142424 1.00 1.00 2 2 STAR 4129 153 1 1 1 1 1 1 1 1 2060 2061 0 1 1 1 1 1 1 1 1 143 2 0
query95 92.13 12% 0 319484 1.00 1.00 4 4 HYBRID 21216 1282 1 1 1 1 1 1 1 2207 1 19001 0 1 1 1 1 1 1 1 1272 1 2 0
query96 5.63 27% 0 73332 1.00 1.00 4 4 HYBRID 29 17 1 1 1 1 1 1 1 1 3 18 0 1 1 1 1 1 1 1 1 7 2 0
query97 8.62 37% 0 100008 1.00 1.00 3 3 STAR 677 55 1 1 1 1 1 1 1 76 593 1 0 1 1 1 1 1 1 1 45 2 1 0
query98 10.31 34% 0 107948 1.00 1.00 4 4 HYBRID 1810 76 1 901 1 1 1 901 1 1 1 1 0 1 2 1 1 1 66 1 1 1 1 0
query99 170.85 10% 0 375604 1.00 1.00 6 6 HYBRID 33239 2506 1 1 559 1 1 1 28991 1 1 3682 0 1 1 2 1 1 1 559 1 1 1938 0
query100 18.71 21% 0 123664 1.00 1.00 6 6 HYBRID 255 204 1 1 1 1 1 1 1 1 53 194 0 1 1 1 1 1 1 1 1 194 2 0
