query1 38.93 29% 0 297776 1.00 1.00 22 5 HYBRID 7701 1395 61 1541 576 529 1 529 180 1166 814 2304 0 260 380 66 23 22 7 23 125 303 186 0
query2 127.39 23% 0 364920 1.00 1.00 16 3 HYBRID 74038 7295 18600 6189 73 16180 2061 1 6186 1 22290 2457 0 1728 422 420 1728 421 4 420 4 1727 421 0
query3 56.04 30% 0 336892 1.00 1.00 17 3 HYBRID 11361 3352 277 2050 1014 1568 277 529 1914 1 1914 1817 0 713 123 124 713 712 5 123 4 122 713 0
query4 711.65 17% 0 466036 1.00 1.00 23 5 HYBRID 3342783 31054 12520 38477 124 4 13334 37543 1063261 3 1100806 1076711 0 174 2712 7 174 205 2514 7518 7 10026 7717 0
query5 10.20 66% 0 201236 1.00 1.00 18 3 HYBRID 15227 305 13 18 1 259 4809 241 5049 7 4817 13 0 9 63 4 64 9 11 11 62 63 9 0
query6 102.45 21% 0 328820 1.00 1.00 17 5 HYBRID 23086 4633 1 1684 3187 2872 4555 4294 145 1 5446 901 0 6 105 289 804 1309 1221 191 6 695 7 0
query7 59.93 32% 0 337304 1.00 1.00 12 3 STAR 23623 3785 3766 1 1 4 4 1 4104 1366 7869 6507 0 490 4 4 489 489 4 281 489 767 768 0
query8 103.54 30% 0 371944 1.00 1.00 17 3 HYBRID 33891 7110 4398 1511 607 616 11 1 6299 4369 10667 5412 0 967 5 5 967 967 4 435 966 1397 1397 0
query9 343.84 30% 0 367816 1.00 1.00 28 6 HYBRID 328928 30479 7966 12961 16260 7620 86160 6898 95868 6022 89172 1 0 3259 3473 1047 3430 3311 3140 3645 3259 3311 2604 0
query10 121.44 26% 0 351000 1.00 1.00 26 5 HYBRID 35148 5830 286 7934 8269 3595 821 8149 2443 3 2449 1199 0 174 734 1618 1089 205 1451 173 7 174 205 0
query11 11.21 85% 0 284440 1.00 1.00 13 2 STAR 10506 980 1 2050 1014 1541 1 529 1914 1 1914 1541 0 121 122 122 122 121 4 122 3 121 122 0
query12 326.17 24% 0 361888 1.00 1.00 25 5 HYBRID 73206 20918 8972 2 8074 1632 1430 3 5918 13266 13816 20093 0 2671 7 1806 4290 7 7 3717 1161 2962 4290 0
query13 33.24 64% 0 325912 1.00 1.00 13 2 STAR 25729 3371 2496 6190 73 76 2061 1 6187 1 6187 2457 0 421 421 420 421 421 3 420 3 420 421 0
query14 1800.00 0% 0 1432 0.00 1.00 33 7 HYBRID 720706 84084 57863 182714 217 48546 8246 144937 37752 19166 211831 9434 0 5584 21748 1250 5585 1667 9675 11661 10414 14833 1667 0
query15 13.17 54% 0 210832 1.00 1.00 6 2 STAR 11251 465 1 700 1 3049 1 3049 1 700 1 3748 0 3 4 3 147 3 147 3 4 3 148 0
query16 1800.00 0% 0 1432 .99 1.00 20 3 STAR 40689074 153054 1462 420 39521 13393868 170965 40805 13516924 13393310 131447 352 0 57 58 25428 25482 25480 25482 25471 25481 58 57 0
query17 174.85 22% 0 347840 1.00 1.00 27 5 STAR 61930 13111 9895 4335 2500 6274 136 8317 9963 5629 4335 10546 0 1173 268 1701 1611 1611 2164 1702 1439 268 1174 0
query18 9.11 51% 0 137184 1.00 1.00 9 2 PATH 755 247 1 6 1 247 1 241 241 7 9 1 0 3 57 3 57 3 4 4 56 57 3 0
query19 22.90 38% 0 289092 1.00 1.00 17 4 STAR 3853 1045 88 1144 1 1 241 344 750 145 1093 46 0 59 84 59 59 245 169 59 28 223 60 0
query20 1800.02 0% 0 1432 0.00 1.00 31 6 HYBRID 1663276 136394 539502 15417 241 1560 538578 1 14098 1 14098 539780 0 26538 26814 950 26815 26544 7 1220 7 951 26548 0
query21 7.46 47% 0 104920 1.00 1.00 12 2 STAR 1128 132 7 365 124 4 7 245 1 3 248 124 0 4 35 4 4 4 35 3 4 35 4 0
query22 18.70 50% 0 272604 1.00 1.00 8 2 PATH 10207 958 1 901 2404 2404 1045 1 145 1 2404 901 0 3 4 188 188 189 3 188 3 188 4 0
query23 7.99 55% 0 129644 1.00 1.00 15 2 STAR 1110 225 7 124 124 232 14 232 1 231 14 131 0 4 4 4 35 35 35 3 35 35 35 0
query24 1800.02 0% 0 1432 0.00 1.00 36 7 HYBRID 2037525 135987 55885 105062 1 325 527448 35479 101625 1 633166 578533 0 23805 12987 6764 12800 12985 16505 12800 8 13344 23989 0
query25 25.83 43% 0 306816 1.00 1.00 12 2 PATH 17202 1199 4296 2 1 18 5724 3 4297 1 1430 1430 0 295 4 3 294 294 4 294 3 4 4 0
query26 312.16 17% 0 354060 1.00 1.00 26 5 HYBRID 73266 21228 13279 2 8077 1647 5724 3 5917 8984 9524 20109 0 2965 7 1809 4585 297 7 3720 870 2674 4294 0
query27 240.85 23% 0 366208 1.00 1.00 22 4 HYBRID 444253 17883 2496 14982 8866 130792 2061 139510 6186 130717 6186 2457 0 422 1729 1728 2185 2185 3075 422 1768 2184 2185 0
query28 36.57 31% 0 310852 1.00 1.00 14 3 STAR 6708 1410 30 1606 607 607 11 10 1606 96 1520 615 0 5 435 5 5 29 28 435 434 29 5 0
query29 1119.93 15% 0 516460 1.00 1.00 34 5 HYBRID 410129 97740 52852 539 202 82 5609 13 78071 52815 136479 83467 0 15677 143 37 15677 15677 113 1268 15541 16804 16803 0
query30 93.21 23% 0 345072 1.00 1.00 19 4 STAR 32280 4686 4322 4467 1272 1272 2128 5020 2340 2827 3039 5593 0 581 877 150 150 877 436 150 733 151 581 0
query32 26.77 36% 0 277960 1.00 1.00 6 2 PATH 18007 946 1 1 1 1501 1 1501 4500 1 4500 6000 0 3 3 3 4 3 4 308 3 307 308 0
query33 14.32 50% 0 256184 1.00 1.00 6 2 PATH 32293 400 593 1 1 593 1 1 10170 1 10762 10170 0 4 3 3 4 3 3 125 3 127 125 0
query34 6.17 33% 0 81348 1.00 1.00 12 2 STAR 196 69 50 5 1 41 3 3 22 18 41 12 0 14 4 3 14 4 4 4 4 14 4 0
query35 8.90 51% 0 134216 1.00 1.00 12 3 STAR 1237 244 112 287 28 1 226 103 226 62 62 130 0 46 30 29 4 29 21 29 5 5 46 0
query36 34.57 33% 0 326484 1.00 1.00 8 2 PATH 21748 1286 7245 4 1 5188 2061 1 1 1 5185 2061 0 421 4 3 421 4 3 3 3 420 4 0
query37 22.21 48% 0 309272 1.00 1.00 27 5 HYBRID 23190 1405 827 250 124 7470 133 6653 1 6778 827 127 0 68 25 7 235 193 206 6 224 235 206 0
query38 414.54 13% 0 393436 1.00 1.00 32 6 HYBRID 260380 18790 61227 6776 6776 18793 4905 25051 75097 10 56359 5386 0 3889 1108 1016 1386 130 2272 5022 38 3798 131 0
query39 390.97 15% 0 372724 1.00 1.00 34 7 HYBRID 245740 21427 17 7 4478 54696 5724 53959 18491 1 27211 81156 0 1165 299 1024 5622 299 4000 2071 8 1316 5623 0
query40 11.33 42% 0 150048 1.00 1.00 18 4 HYBRID 1506 335 7 383 124 4 7 245 127 21 356 232 0 6 90 6 6 6 37 66 59 45 14 0
query41 122.70 23% 0 357996 1.00 1.00 16 3 STAR 38374 7302 2496 6190 4288 4291 2061 4216 6187 1 6187 2457 0 422 422 1728 1729 422 1311 421 4 421 422 0
query42 1800.02 0% 0 1428 0.00 1.00 37 7 HYBRID 542931 83685 180744 333 1 1403 179646 1 29 1 1127 179646 0 26759 1676 14 26762 1675 8 14 8 25094 1675 0
query43 100.06 22% 0 354116 1.00 1.00 14 3 PATH 63849 4222 30 1511 607 14970 2 14364 6299 1 6299 19766 0 5 5 5 966 5 966 435 4 435 1396 0
query44 29.92 41% 0 322976 1.00 1.00 15 3 HYBRID 16766 1798 1714 10 6 3864 1 3864 5577 1714 10 6 0 94 265 94 266 4 265 355 95 266 94 0
query45 14.48 47% 0 221476 1.00 1.00 15 3 HYBRID 2892 629 101 437 14 532 368 529 301 1 1 608 0 141 23 23 124 141 5 22 4 4 142 0
query46 937.65 14% 0 390484 1.00 1.00 24 7 HYBRID 233173 42977 13003 1 37207 17308 1 17308 10207 3403 60415 74320 0 1260 8 2713 9665 774 8899 693 774 4650 13541 0
query47 827.86 34% 0 459716 1.00 1.00 18 3 HYBRID 718960 93546 71436 171427 2041 2131 59115 1 171337 1 171337 70134 0 11849 11849 11431 11849 11849 4 11431 4 11431 11849 0
query48 33.97 58% 0 333500 1.00 1.00 10 2 STAR 177506 2116 59107 90 1 90 59107 1 1 1 1 59107 0 420 420 3 420 420 3 3 3 3 421 0
query49 333.24 21% 0 379820 1.00 1.00 12 4 HYBRID 190801 13953 9601 1 1 13500 1 13500 40499 1 50099 63598 0 491 5 5 1449 5 1450 2709 5 3195 4639 0
query50 1800.01 0% 0 1432 0.00 1.00 37 7 HYBRID 1543902 63966 11272 38070 1 1156 453563 487 50760 5470 510793 472330 0 7875 7111 2486 7873 7874 4633 7938 771 8703 8702 0
query51 9.59 83% 0 220960 1.00 1.00 11 2 STAR 5292 575 429 1 2 1330 4 1330 429 1758 4 5 0 4 3 4 93 93 93 4 94 93 94 0
query52 34.31 41% 0 322980 1.00 1.00 11 2 PATH 11910 1328 1868 1511 607 2445 2 1 1511 1 3349 615 0 434 4 4 434 4 3 4 3 434 4 0
query53 16.77 45% 0 218840 1.00 1.00 12 4 STAR 3352 633 216 900 1 1 801 216 1 900 100 216 0 28 176 5 5 51 28 5 176 130 29 0
query54 855.97 15% 0 375876 1.00 1.00 20 6 HYBRID 428506 36561 32488 82135 82936 23293 27427 49870 82183 1 38176 9997 0 2186 5487 5488 1512 4511 6014 5488 7 5186 682 0
query55 22.36 43% 0 264864 1.00 1.00 18 4 HYBRID 9834 864 2003 1271 124 2333 821 4 334 3 2003 938 0 76 204 6 243 37 6 172 6 77 37 0
query56 54.87 54% 0 335732 1.00 1.00 15 3 STAR 63865 5503 1468 2746 2701 946 17182 1423 19882 298 17182 37 0 550 734 189 550 549 550 734 549 549 549 0
query57 35.17 38% 0 308260 1.00 1.00 17 3 HYBRID 7209 1404 30 1511 607 847 33 272 1511 241 1542 615 0 5 5 5 16 446 445 5 15 446 16 0
query58 141.51 25% 0 342184 1.00 1.00 23 6 HYBRID 34594 6423 5158 3357 487 487 3943 4987 1944 1 8199 6031 0 1402 727 113 114 659 1042 113 7 1457 789 0
query59 1800.00 0% 0 1428 .99 1.00 20 3 STAR 39969008 150610 1462 420 38481 13155312 169902 39765 13278666 13153224 131424 352 0 56 57 25021 25074 25073 25075 25067 25074 57 56 0
query60 27.15 40% 0 299604 1.00 1.00 13 3 HYBRID 5697 1277 429 184 2 1286 181 1466 1714 429 4 2 0 5 355 5 93 266 356 94 5 93 5 0
query61 12.67 52% 0 215348 1.00 1.00 20 3 STAR 2024 618 31 540 202 82 40 34 417 3 453 222 0 36 36 36 36 143 112 35 5 143 36 0
query62 5.05 101% 0 137084 1.00 1.00 17 2 STAR 1934 287 31 540 202 82 10 4 417 3 423 222 0 35 35 35 35 35 4 34 4 35 35 0
query63 33.30 36% 0 308460 1.00 1.00 11 2 STAR 7092 1328 30 1511 839 839 2 233 1511 1 1511 615 0 4 4 434 434 4 433 4 3 4 4 0
query64 1800.00 0% 0 1428 0.00 1.00 35 7 HYBRID 694415 103283 231122 525 1 1197 230450 1 1 1 667 230450 0 26517 11852 8 26519 11852 8 8 8 14659 11852 0
query65 2.95 66% 0 86004 1.00 1.00 6 2 PATH 322 63 1 79 1 27 1 105 1 1 79 27 0 3 13 3 4 3 14 3 3 13 4 0
query66 1800.00 0% 0 1428 0.00 1.00 39 7 HYBRID 766847 154066 127867 24347 97054 20143 127705 7956 149362 1 107418 104994 0 26996 1804 20983 27499 7817 512 26996 8 20469 20982 0
query68 18.31 36% 0 222144 1.00 1.00 11 3 HYBRID 2841 621 1 477 2 559 341 559 1 341 1 559 0 4 124 5 78 123 78 4 123 4 78 0
query69 1800.02 0% 0 1432 0.00 1.00 37 7 HYBRID 549663 134874 120804 1514 607 3070 125238 2032 175964 55702 59652 5080 0 8495 439 9 23223 23224 15156 12082 18324 18754 15168 0
query70 35.61 33% 0 322600 1.00 1.00 11 2 PATH 11910 1328 1868 1511 607 2445 2 1 1511 1 3349 615 0 434 4 4 434 4 3 4 3 434 4 0
query71 122.36 24% 0 351216 1.00 1.00 16 3 HYBRID 74041 7302 18600 6190 73 16180 2061 1 6187 1 22291 2457 0 1729 422 421 1729 422 4 421 4 1728 422 0
query73 15.23 39% 0 185876 1.00 1.00 11 3 STAR 3888 459 429 865 2 1 217 649 429 645 649 2 0 5 142 5 4 94 52 5 95 52 5 0
query74 1800.02 0% 0 1428 .29 1.00 34 7 HYBRID 1040904 105372 23949 27576 1 295833 91 303426 20682 24533 49828 294985 0 7179 1854 1390 26406 7323 19701 1390 5935 7786 26408 0
query75 408.02 15% 0 358676 1.00 1.00 29 5 HYBRID 96499 28199 12962 8 11267 2273 18651 14 15156 1 16990 19177 0 3758 297 2599 6018 1162 297 6018 6 2891 5153 0
query76 18.55 39% 0 229924 1.00 1.00 6 2 STAR 7645 594 1633 1 914 1 1 1633 1 1 914 2546 0 190 3 4 3 3 190 3 3 4 191 0
query77 84.41 28% 0 342412 1.00 1.00 17 3 HYBRID 44187 5537 13282 2 1 27 5725 3 4298 8986 1448 10415 0 1161 5 4 1161 296 5 296 869 870 870 0
query78 37.58 30% 0 308380 1.00 1.00 14 3 STAR 8214 1467 444 1703 607 607 194 607 1511 1 1511 1029 0 48 435 5 5 435 477 5 4 5 48 0
query79 1800.03 0% 0 1428 0 1.00 25 6 HYBRID 1700254 64031 333439 219821 1 1 323839 217859 15418 1 242936 346939 0 3329 17375 138 2843 2843 14536 1583 7 16603 4774 0
query80 42.49 47% 0 329928 1.00 1.00 19 3 HYBRID 111387 4071 10 191 2 2633 34446 2588 64 2033 34446 34974 0 418 419 5 538 537 538 418 123 537 538 0
query81 7.48 79% 0 139136 1.00 1.00 9 2 PATH 11665 119 150 3761 64 1 3761 1 3811 1 51 64 0 18 17 17 3 18 3 18 3 4 18 0
query82 34.89 31% 0 310888 1.00 1.00 11 2 STAR 9573 1328 30 2570 607 607 1061 1 1511 1060 1511 615 0 4 434 4 4 434 3 4 433 4 4 0
query83 8.11 74% 0 157856 1.00 1.00 9 2 PATH 6463 226 1 144 144 1994 16 2137 1 1994 16 16 0 3 4 4 35 35 37 3 35 35 35 0
query84 6.42 44% 0 98780 1.00 1.00 16 3 STAR 370 134 31 90 2 1 31 2 90 2 90 31 0 16 16 15 16 16 5 14 5 15 16 0
query85 22.44 39% 0 276176 1.00 1.00 13 3 STAR 7200 948 1665 172 2 676 1 1912 429 429 1 1913 0 156 94 95 94 4 245 5 5 4 246 0
query86 25.90 37% 0 294592 1.00 1.00 11 2 STAR 33633 909 9778 2 1 9779 1430 3 3 1 11206 1430 0 294 4 3 294 4 4 4 3 295 4 0
query87 44.92 40% 0 328248 1.00 1.00 30 4 HYBRID 19846 3860 4408 1505 1451 427 196 58 4591 829 4201 2180 0 597 344 37 344 344 344 565 344 597 344 0
query88 38.90 34% 0 333548 1.00 1.00 11 3 STAR 24595 1538 13 5765 2356 8120 97 13 109 1 2356 5765 0 5 492 10 498 10 5 11 4 11 492 0
query89 43.08 30% 0 328656 1.00 1.00 17 4 HYBRID 8971 2267 4 700 1 190 1 2260 28 2824 2098 865 0 149 6 42 466 42 610 42 187 149 574 0
query90 51.31 30% 0 325152 1.00 1.00 23 4 HYBRID 19944 3072 286 6457 124 4 3899 4 2442 3081 2448 1199 0 173 733 173 172 733 6 171 535 172 204 0
query91 10.47 69% 0 239044 1.00 1.00 11 2 STAR 7869 749 1 137 2 2561 15 2561 1 2033 15 543 0 3 4 4 123 122 123 3 122 122 123 0
query92 7.37 41% 0 101868 1.00 1.00 12 2 STAR 441 132 7 136 124 4 7 4 1 15 19 124 0 4 35 4 4 4 4 3 35 35 4 0
query93 13.66 65% 0 319028 1.00 1.00 18 3 HYBRID 93441 642 699 30390 502 4 30273 4 30662 3 402 502 0 119 88 89 5 88 5 119 5 36 88 0
query94 34.67 51% 0 331948 1.00 1.00 13 2 STAR 25726 3368 2496 6189 73 76 2061 1 6186 1 6186 2457 0 421 421 419 421 421 3 419 3 419 421 0
query95 1800.03 0% 0 1432 .97 1.00 18 4 HYBRID 672943 85358 179632 44782 1 304 179632 1 44479 44479 1 179632 0 1664 27333 5 1666 1666 5 25673 25677 5 1664 0
query96 18.93 40% 0 241144 1.00 1.00 13 4 HYBRID 2947 788 61 763 157 4 61 1 1 763 220 916 0 149 42 22 149 149 5 5 42 58 167 0
query97 10.54 48% 0 147284 1.00 1.00 9 3 STAR 3058 275 674 344 1 674 1 251 94 94 924 1 0 26 60 4 27 4 5 59 59 27 4 0
query98 163.79 27% 0 344452 1.00 1.00 17 4 HYBRID 112023 15223 10576 27893 1 8099 3600 8099 24294 1 24294 5166 0 2172 1813 1628 2172 1813 549 1628 5 1629 1814 0
query99 1800.01 0% 0 1432 0.00 1.00 28 6 HYBRID 1566077 134919 9530 420 367498 368155 151656 9353 160069 100 498944 352 0 604 61 26553 26607 26606 605 27156 60 26607 60 0
query100 432.67 13% 0 358064 1.00 1.00 26 6 HYBRID 135547 24024 16432 3067 802 802 27865 17866 20866 622 31117 16108 0 5286 1302 8 799 1921 5733 799 798 2092 5286 0
