query1 2.92 47% 0 75752 1.00 1.00 6 5 HYBRID 33 25 1 1 1 1 1 1 7 12 1 7 0 1 1 1 1 1 1 4 2 1 12 0
query2 5.78 77% 0 140692 1.00 1.00 4 3 HYBRID 3798 153 1 1 1 542 1 2061 597 592 1 1 0 1 1 1 48 1 2 49 48 1 1 0
query3 3.65 70% 0 98148 1.00 1.00 4 3 HYBRID 620 55 1 1 1 12 1 1 1 13 1 588 0 1 1 1 23 1 1 1 23 1 2 0
query4 31.49 31% 0 338948 1.00 1.00 6 5 HYBRID 24570 834 1 1 1 1 1 12281 6140 6142 1 1 0 1 1 1 1 1 2 413 412 1 1 0
query5 198.71 8% 0 383808 1.00 1.00 4 3 HYBRID 44212 2935 1 1 1 419 1 1 43785 1 1 1 0 1 1 1 2925 1 1 2 1 1 1 0
query6 3.93 65% 0 93360 1.00 1.00 7 5 HYBRID 414 47 1 1 1 1 1 201 10 196 1 1 0 1 1 1 1 1 2 10 19 10 1 0
query7 5.30 79% 0 128164 1.00 1.00 4 3 STAR 1965 116 154 164 140 1 1 1501 1 1 1 1 0 35 36 37 1 1 2 1 1 1 1 0
query8 6.01 64% 0 124868 1.00 1.00 4 3 HYBRID 1965 116 229 1 228 1 1 1501 1 1 1 1 0 54 1 53 1 1 2 1 1 1 1 0
query9 25.02 20% 0 150072 1.00 1.00 6 6 HYBRID 674 335 1 1 1 1 325 1 341 1 1 1 0 1 1 1 1 2 1 325 1 1 1 0
query10 2.50 59% 0 71128 1.00 1.00 5 5 HYBRID 49 11 1 1 1 1 1 40 1 1 1 1 0 1 1 1 1 1 2 1 1 1 1 0
query11 2.45 73% 0 79412 1.00 1.00 2 2 STAR 538 11 1 1 1 1 1 1 1 1 1 529 0 1 1 1 1 1 1 1 1 1 2 0
query12 30.77 16% 0 172364 1.00 1.00 5 5 HYBRID 460 441 1 1 1 431 1 1 1 21 1 1 0 1 1 1 2 1 1 1 431 1 1 0
query13 2.17 67% 0 75224 1.00 1.00 2 2 STAR 304 11 1 1 1 1 1 295 1 1 1 1 0 1 1 1 1 1 2 1 1 1 1 0
query14 41.26 14% 0 222576 1.00 1.00 7 7 HYBRID 1266 603 1 1 1 1 1 665 1 593 1 1 0 1 1 1 1 1 593 1 2 1 1 0
query15 2.19 60% 0 71664 1.00 1.00 2 2 STAR 118 11 1 1 1 1 109 1 1 1 1 1 0 1 1 1 1 2 1 1 1 1 1 0
query16 107.96 41% 0 443836 1.00 1.00 4 3 STAR 1593065 2935 1 1 1 1 1 774849 43785 774424 1 1 0 1 1 1 1 1 1462 2 1464 1 1 0
query17 19.84 22% 0 132712 1.00 1.00 5 5 STAR 323 261 1 1 1 1 1 64 251 1 1 1 0 1 1 1 1 1 251 2 1 1 1 0
query18 2.32 57% 0 70552 1.00 1.00 2 2 PATH 12 11 3 1 1 1 1 1 1 1 1 1 0 2 1 1 1 1 1 1 1 1 1 0
query19 7.67 30% 0 92052 1.00 1.00 4 4 STAR 95 91 1 1 1 1 1 6 81 1 1 1 0 1 1 1 1 1 81 2 1 1 1 0
query20 1260.57 5% 0 365732 1.00 1.00 6 6 HYBRID 20551 19011 1 1 1 1 1 19001 1 1 1 1542 0 1 1 1 1 1 2 1 1 1 19001 0
query21 2.62 63% 0 76308 1.00 1.00 3 2 STAR 207 24 1 1 1 1 25 124 31 21 1 1 0 1 1 1 1 5 2 6 5 1 1 0
query22 4.02 85% 0 110180 1.00 1.00 3 2 PATH 1711 76 1 286 1 1 262 901 1 256 1 1 0 1 23 1 1 22 2 1 23 1 1 0
query23 2.29 60% 0 70996 1.00 1.00 2 2 STAR 83 11 1 1 1 1 1 74 1 1 1 1 0 1 1 1 1 1 2 1 1 1 1 0
query24 63.27 14% 0 249240 1.00 1.00 7 7 HYBRID 2077 911 1 1168 1 1 1 901 1 1 1 1 0 1 901 1 1 1 2 1 1 1 1 0
query25 2.58 91% 0 85876 1.00 1.00 2 2 PATH 1439 11 1 1 1 1 1 1 1 1430 1 1 0 1 1 1 1 1 1 1 2 1 1 0
query26 2.34 57% 0 74596 1.00 1.00 6 5 HYBRID 78 19 1 1 1 9 1 1 1 49 1 13 0 1 1 1 4 1 1 1 2 1 6 0
query27 2.89 116% 0 125232 1.00 1.00 4 4 HYBRID 4645 11 1 1 1 1 1 4636 1 1 1 1 0 1 1 1 1 1 2 1 1 1 1 0
query28 2.43 55% 0 71876 1.00 1.00 3 3 STAR 11 11 1 1 1 1 1 2 1 1 1 1 0 1 1 1 1 1 2 1 1 1 1 0
query29 31.90 16% 0 175356 1.00 1.00 5 5 HYBRID 1041 462 1 581 1 1 1 452 1 1 1 1 0 1 452 1 1 1 2 1 1 1 1 0
query30 58.69 16% 0 234628 1.00 1.00 4 4 STAR 889 790 1 1 1 1 1 101 1 1 1 780 0 1 1 1 1 1 780 1 1 1 2 0
query31 23.12 133% 0 402808 1.00 1.00 6 6 HYBRID 944484 128 1 1 1 118 1 1 944358 1 1 1 0 1 1 1 2 1 1 118 1 1 1 0
query32 3.52 95% 0 91728 1.00 1.00 2 2 PATH 1510 11 1 1 1 1 1 1501 1 1 1 1 0 1 1 1 1 1 2 1 1 1 1 0
query33 3.16 75% 0 80636 1.00 1.00 2 2 PATH 517 11 1 1 1 508 1 1 1 1 1 1 0 1 1 1 2 1 1 1 1 1 1 0
query34 3.46 53% 0 74968 1.00 1.00 7 2 STAR 90 23 1 1 1 20 11 1 1 37 8 9 0 1 1 1 2 2 1 1 10 2 2 0
query35 4.39 80% 0 107164 1.00 1.00 4 3 STAR 808 67 1 1 1 3 7 1 774 1 18 1 0 1 1 1 20 19 1 2 1 20 1 0
query36 6.91 83% 0 145436 1.00 1.00 3 2 PATH 3798 153 1 1 1 542 1 2061 597 592 1 1 0 1 1 1 48 1 2 49 48 1 1 0
query37 4.44 45% 0 77048 1.00 1.00 5 5 HYBRID 106 32 1 1 1 1 1 22 76 1 1 1 0 1 1 1 1 1 2 22 1 1 1 0
query38 2.88 64% 0 71804 1.00 1.00 6 6 HYBRID 31 11 1 1 1 1 1 22 1 1 1 1 0 1 1 1 1 1 2 1 1 1 1 0
query39 33.15 21% 0 175388 1.00 1.00 7 7 HYBRID 497 425 1 415 1 1 1 74 1 1 1 1 0 1 2 1 1 1 415 1 1 1 1 0
query40 2.90 56% 0 72364 1.00 1.00 5 4 HYBRID 18 13 1 1 1 1 1 5 2 4 1 1 0 1 1 1 1 1 2 2 2 1 1 0
query41 2.76 58% 0 71264 1.00 1.00 3 3 STAR 52 11 1 1 1 1 1 43 1 1 1 1 0 1 1 1 1 1 2 1 1 1 1 0
query42 231.83 10% 0 328736 1.00 1.00 7 7 HYBRID 3317 3265 1 1 1 1 1 54 1 3255 1 1 0 1 1 1 1 1 3255 1 2 1 1 0
query43 7.20 41% 0 89832 1.00 1.00 3 3 PATH 1510 11 1 1 1 1 1 1501 1 1 1 1 0 1 1 1 1 1 2 1 1 1 1 0
query44 2.79 71% 0 79324 1.00 1.00 3 3 HYBRID 438 11 1 1 1 1 1 1 429 1 1 1 0 1 1 1 1 1 1 2 1 1 1 0
query45 3.05 57% 0 74032 1.00 1.00 4 3 HYBRID 72 18 1 1 1 1 1 1 1 36 15 14 0 1 1 1 1 1 1 1 2 5 4 0
query46 107.99 11% 0 299596 1.00 1.00 7 7 HYBRID 1402 1389 1 15 1 1 1 1379 1 1 1 1 0 1 1379 1 1 1 2 1 1 1 1 0
query47 3.31 105% 0 97580 1.00 1.00 3 3 HYBRID 2070 11 1 1 1 1 1 2061 1 1 1 1 0 1 1 1 1 1 2 1 1 1 1 0
query48 2.97 98% 0 94376 1.00 1.00 2 2 STAR 2070 11 1 1 1 1 1 2061 1 1 1 1 0 1 1 1 1 1 2 1 1 1 1 0
query49 3.26 105% 0 98812 1.00 1.00 4 4 HYBRID 1510 11 1 1 1 1 1 1501 1 1 1 1 0 1 1 1 1 1 2 1 1 1 1 0
query50 39.08 17% 0 166308 1.00 1.00 7 7 HYBRID 1354 379 1 977 1 1 1 369 1 1 1 1 0 1 369 1 1 1 2 1 1 1 1 0
query51 2.80 71% 0 79588 1.00 1.00 2 2 STAR 453 11 1 1 1 1 1 1 444 1 1 1 0 1 1 1 1 1 1 2 1 1 1 0
query52 5.74 80% 0 126320 1.00 1.00 3 2 PATH 2112 116 1 1 1 187 1 1 210 198 1 1511 0 1 1 1 35 1 1 37 36 1 2 0
query53 3.18 57% 0 76868 1.00 1.00 5 4 STAR 155 25 1 1 1 5 1 138 1 1 5 1 0 1 1 1 8 1 2 1 1 8 1 0
query54 4.74 62% 0 100004 1.00 1.00 7 6 HYBRID 672 38 1 1 1 1 1 339 1 325 1 1 0 1 1 1 1 1 2 1 28 1 1 0
query55 6.21 52% 0 104896 1.00 1.00 5 4 HYBRID 685 56 1 1 1 602 1 1 1 1 1 75 0 1 1 1 2 1 1 1 1 1 46 0
query56 4.63 88% 0 113576 1.00 1.00 4 3 STAR 2819 76 1 1 602 651 1 901 659 1 1 1 0 1 1 22 22 1 2 24 1 1 1 0
query57 2.60 58% 0 70384 1.00 1.00 3 3 HYBRID 36 11 1 1 1 1 1 27 1 1 1 1 0 1 1 1 1 1 2 1 1 1 1 0
query59 111.87 42% 0 393812 1.00 1.00 4 3 STAR 1593065 2935 1 1 1 1 1 774849 43785 774424 1 1 0 1 1 1 1 1 1462 2 1464 1 1 0
query60 56.97 16% 0 305556 1.00 1.00 3 3 HYBRID 10830 736 1 1 1 1 1 1 21 1 10801 1 0 1 1 1 1 1 1 726 1 2 1 0
query61 5.38 27% 0 71404 1.00 1.00 3 3 STAR 13 11 1 1 1 1 1 4 1 1 1 1 0 1 1 1 1 1 2 1 1 1 1 0
query62 5.57 29% 0 71300 1.00 1.00 2 2 STAR 140 11 1 1 1 1 1 131 1 1 1 1 0 1 1 1 1 1 2 1 1 1 1 0
query63 5.46 29% 0 71700 1.00 1.00 2 2 STAR 83 11 1 1 1 1 1 74 1 1 1 1 0 1 1 1 1 1 2 1 1 1 1 0
query64 7.61 32% 0 90012 1.00 1.00 7 7 HYBRID 79 77 1 1 1 1 1 4 1 67 1 1 0 1 1 1 1 1 67 1 2 1 1 0
query65 2.43 56% 0 70632 1.00 1.00 2 2 PATH 36 11 1 1 1 1 1 1 27 1 1 1 0 1 1 1 1 1 1 2 1 1 1 0
query66 1800.00 0% 0 1432 0.00 1.00 7 7 HYBRID 252420 26113 1 1 1 1 1 1 1 1 1 252411 0 1 1 1 1 1 1 1 26103 1 2 0
query67 170.56 97% 0 1153484 1.00 0.00 5 4 HYBRID 1582475 2229 1 1 1 33195 1 1 1 1 1549272 1 0 1 1 1 2 1 1 1 1 2219 1 0
query68 3.00 61% 0 75872 1.00 1.00 4 3 HYBRID 120 23 1 2 108 1 1 1 3 1 1 1 0 1 5 2 5 1 1 5 1 1 1 0
query69 114.36 11% 0 313668 1.00 1.00 7 7 HYBRID 2536 1584 1 1 1 1501 1 1021 1 1 7 1 0 1 1 1 2 1 1501 1 1 74 1 0
query70 5.55 77% 0 122512 1.00 1.00 3 2 PATH 2112 116 1 1 1 187 1 1 210 198 1 1511 0 1 1 1 35 1 1 37 36 1 2 0
query71 6.82 81% 0 140456 1.00 1.00 4 3 HYBRID 3798 153 1 1 1 542 1 2061 597 592 1 1 0 1 1 1 48 1 2 49 48 1 1 0
query73 3.99 69% 0 92180 1.00 1.00 4 3 STAR 510 44 1 1 1 1 35 39 429 1 1 1 0 1 1 1 1 17 18 2 1 1 1 0
query74 93.46 14% 0 289500 1.00 1.00 8 7 HYBRID 1780 1310 247 1 1 1 1 1279 1 247 1 1 0 1279 1 1 1 1 2 1 22 1 1 0
query75 3.05 57% 0 74512 1.00 1.00 6 5 HYBRID 105 20 1 1 1 12 1 1 1 69 1 17 0 1 1 1 5 1 1 1 2 1 6 0
query76 2.84 74% 0 81264 1.00 1.00 2 2 STAR 554 11 1 1 1 1 1 1 545 1 1 1 0 1 1 1 1 1 1 2 1 1 1 0
query77 3.02 94% 0 93244 1.00 1.00 3 3 HYBRID 1005 11 1 1 1 1 1 1 1 996 1 1 0 1 1 1 1 1 1 1 2 1 1 0
query78 4.66 69% 0 98868 1.00 1.00 4 3 STAR 702 60 1 1 1 15 1 663 1 1 17 1 0 1 1 1 26 1 2 1 1 25 1 0
query79 73.99 16% 0 337016 1.00 1.00 7 6 HYBRID 23998 815 1 1 1 1 1 11995 1 11995 1 1 0 1 1 1 1 1 2 1 805 1 1 0
query81 2.89 80% 0 85324 1.00 1.00 3 2 PATH 1322 19 1 472 1 1 1 1 463 330 51 1 0 1 3 1 1 1 1 4 4 2 1 0
query82 2.62 62% 0 72008 1.00 1.00 2 2 STAR 210 11 1 1 1 1 1 201 1 1 1 1 0 1 1 1 1 1 2 1 1 1 1 0
query83 2.65 62% 0 71752 1.00 1.00 2 2 PATH 147 11 1 1 1 1 1 138 1 1 1 1 0 1 1 1 1 1 2 1 1 1 1 0
query84 8.28 61% 0 136476 1.00 1.00 4 3 STAR 2080 153 1 1 7 1 1 2061 5 1 1 1 0 1 1 71 1 1 2 73 1 1 1 0
query85 2.70 63% 0 72044 1.00 1.00 3 3 STAR 135 11 1 1 126 1 1 1 1 1 1 1 0 1 1 2 1 1 1 1 1 1 1 0
query86 3.06 92% 0 91932 1.00 1.00 2 2 STAR 1439 11 1 1 1 1 1 1 1 1430 1 1 0 1 1 1 1 1 1 1 2 1 1 0
query87 7.51 64% 0 139920 .99 1.00 13 4 HYBRID 691 198 1 101 1 1 50 406 1 81 48 1 0 1 63 1 1 32 2 2 63 32 1 0
query88 2.68 69% 0 79580 1.00 1.00 4 3 STAR 654 15 1 246 1 1 1 1 1 391 10 1 0 1 3 1 1 1 1 1 3 2 1 0
query89 2.50 55% 0 70552 1.00 1.00 4 4 HYBRID 11 11 1 1 1 2 1 1 1 1 1 1 0 1 1 1 2 1 1 1 1 1 1 0
query90 4.20 57% 0 89284 1.00 1.00 5 4 HYBRID 355 32 1 1 1 1 1 249 98 1 1 1 0 1 1 1 1 1 2 22 1 1 1 0
query91 2.57 59% 0 71248 1.00 1.00 2 2 STAR 146 11 1 1 137 1 1 1 1 1 1 1 0 1 1 2 1 1 1 1 1 1 1 0
query92 2.46 58% 0 70492 1.00 1.00 2 2 STAR 14 11 1 1 1 5 1 1 1 1 1 1 0 1 1 1 2 1 1 1 1 1 1 0
query93 2.91 104% 0 102952 1.00 1.00 4 3 HYBRID 3316 24 1 966 1 1 1 124 1336 884 1 1 0 1 5 1 1 1 2 6 5 1 1 0
query94 3.11 101% 0 91448 1.00 1.00 2 2 STAR 2070 11 1 1 1 1 1 2061 1 1 1 1 0 1 1 1 1 1 2 1 1 1 1 0
query95 2.75 65% 0 75848 1.00 1.00 4 4 HYBRID 250 11 1 1 1 1 1 241 1 1 1 1 0 1 1 1 1 1 2 1 1 1 1 0
query96 2.44 57% 0 70760 1.00 1.00 4 4 HYBRID 12 11 1 1 1 3 1 1 1 1 1 1 0 1 1 1 2 1 1 1 1 1 1 0
query97 3.89 84% 0 99092 1.00 1.00 4 3 STAR 677 55 1 29 1 1 1 22 1 593 27 1 0 1 16 1 1 1 15 1 2 16 1 0
query98 3.00 90% 0 93128 1.00 1.00 4 4 HYBRID 910 11 1 1 1 1 1 901 1 1 1 1 0 1 1 1 1 1 2 1 1 1 1 0
query99 127.25 13% 0 359880 1.00 1.00 6 6 HYBRID 21769 1742 1 1 1 1 1 1 3682 559 17521 1 0 1 1 1 1 1 1 1174 2 559 1 0
query100 3.50 54% 0 76920 1.00 1.00 8 6 HYBRID 170 27 1 1 1 57 1 1 1 53 53 1 0 1 1 1 2 1 1 1 9 9 1 0
