query1 37.47 29% 0 308192 1.00 1.00 25 5 HYBRID 8732 1529 182 265 529 1981 1320 1061 774 1320 574 726 0 24 279 24 187 406 78 77 406 24 24 0
query2 130.89 27% 0 346280 1.00 1.00 17 3 HYBRID 75265 7955 2457 6186 4 16105 2133 8246 16501 16540 907 6186 0 421 420 421 1392 421 421 1809 1808 421 421 0
query3 50.20 38% 0 336616 1.00 1.00 22 3 HYBRID 11151 4565 137 2092 1894 284 1 2227 2 284 1635 2595 0 132 694 695 566 132 695 132 693 694 132 0
query4 706.31 18% 0 463112 1.00 1.00 23 5 HYBRID 3424466 31681 13596 4 1089574 1090396 51084 1103166 38315 38323 7 1 0 206 7 7842 7705 2735 7873 2566 2566 175 6 0
query5 6.99 103% 0 248972 1.00 1.00 18 3 HYBRID 21843 405 265 1 7013 7011 22 4 7245 22 241 19 0 64 4 63 63 62 63 10 62 5 9 0
query6 99.94 23% 0 337640 1.00 1.00 18 5 HYBRID 23554 4899 1855 3214 1 4492 5509 4960 631 2404 487 1 0 294 293 6 1147 705 808 817 191 632 6 0
query7 55.83 35% 0 329940 1.00 1.00 11 3 STAR 23611 3300 1366 1366 5466 4101 4 6501 2401 1 2401 4 0 489 489 766 281 489 283 5 4 5 489 0
query8 102.04 28% 0 358452 1.00 1.00 17 3 HYBRID 35966 6496 4808 6302 10631 5241 17 6751 16 29 651 1520 0 1058 1058 1452 398 1058 399 5 5 5 1058 0
query9 338.55 25% 0 365256 1.00 1.00 29 6 HYBRID 329953 28314 4656 16308 82621 90424 25137 18480 87276 5049 1 1 0 3479 1050 2604 3876 4219 4218 3479 2778 7 2604 0
query10 123.76 23% 0 356624 1.00 1.00 27 5 HYBRID 37883 6396 5983 11209 3985 946 3 12151 283 291 565 2467 0 798 1747 1156 38 176 1778 176 176 176 175 0
query11 11.66 91% 0 296272 1.00 1.00 16 2 STAR 10230 1181 137 2068 1611 1 1 2203 2 1 1611 2595 0 131 132 131 3 130 131 131 130 131 131 0
query12 310.98 18% 0 352216 1.00 1.00 24 5 HYBRID 73219 18186 4308 9503 13271 12371 4 10594 1630 12023 1430 8085 0 1162 1808 2963 2099 7 2489 2489 2490 7 2672 0
query13 31.54 60% 0 336100 1.00 1.00 14 2 STAR 26956 3788 2457 6187 4 1 2133 8247 397 436 907 6187 0 421 420 421 3 421 421 420 420 421 420 0
query14 1800.00 0% 0 1432 0.00 1.00 34 7 HYBRID 730620 89773 9434 39837 18 48313 153398 48082 194437 194554 23964 18583 0 1669 12899 1670 4170 11336 13314 15081 15079 13305 1250 0
query15 12.43 48% 0 213480 1.00 1.00 6 2 STAR 11251 465 3049 1 1 700 3748 3049 1 700 1 1 0 147 3 3 4 148 147 3 4 3 3 0
query16 1800.00 0% 0 1432 .99 1.00 16 3 STAR 41787273 104649 592 41081 131401 13912493 1495 13784048 131639 13783865 241 418 0 58 26052 58 26094 57 26105 58 26105 5 57 0
query17 156.83 25% 0 347152 1.00 1.00 24 5 STAR 54603 9627 6 6155 11163 3457 1 14874 8805 3457 2359 4326 0 358 1542 1063 1190 268 2156 1062 1452 268 268 0
query18 6.31 80% 0 155176 1.00 1.00 10 2 PATH 759 352 247 1 9 7 4 4 241 4 241 1 0 57 3 57 56 56 56 4 56 4 3 0
query19 19.93 48% 0 274640 1.00 1.00 18 4 STAR 4099 1137 148 750 163 262 251 849 458 335 133 750 0 234 59 83 204 60 235 84 60 59 59 0
query20 1800.00 0% 0 1432 0.00 1.00 32 6 HYBRID 1666280 133938 552476 2023 1350 1 552248 554351 133 70 1605 2023 0 26658 145 26680 7 26650 26657 145 168 26659 169 0
query21 5.03 72% 0 107036 1.00 1.00 12 2 STAR 1133 132 4 4 124 124 245 124 246 254 7 1 0 4 4 4 4 35 4 35 35 4 3 0
query22 15.60 67% 0 273712 1.00 1.00 9 2 PATH 10351 1143 1045 2404 1 901 2404 1045 145 2404 1 1 0 189 188 3 4 188 189 188 188 3 3 0
query23 4.63 94% 0 130312 1.00 1.00 15 2 STAR 1133 225 12 4 358 124 11 358 238 12 15 1 0 35 4 35 4 35 35 35 4 35 3 0
query24 1800.00 0% 0 1432 0.00 1.00 38 7 HYBRID 1805483 115921 14805 568864 163 3681 406 118527 19061 476860 495962 107154 0 13327 13628 13140 6683 13140 7868 7682 13140 13685 13628 0
query25 22.34 51% 0 315152 1.00 1.00 12 2 PATH 17206 1199 4298 1430 17 2 4 4296 1 5725 1430 3 0 294 4 294 4 4 294 3 294 4 4 0
query26 312.23 19% 0 350908 1.00 1.00 25 5 HYBRID 73279 18495 4307 9506 9003 8078 4 14902 1630 16331 1430 8088 0 1163 1811 2966 1811 7 2781 2491 2782 7 2676 0
query27 251.78 25% 0 352760 1.00 1.00 23 4 HYBRID 469672 19298 11880 15609 138154 1 2133 155819 138547 436 907 6186 0 3699 1809 2311 5 2311 3699 2310 421 2311 422 0
query28 30.74 35% 0 301164 1.00 1.00 15 3 STAR 6173 1303 26 1608 600 10 8 1617 16 29 748 1511 0 29 399 5 28 5 423 5 5 399 5 0
query29 1227.56 16% 0 530660 1.00 1.00 34 5 HYBRID 455352 90317 59707 66037 145389 85642 12 86059 25 5979 6075 427 0 17252 17251 18448 1309 17251 1233 37 143 143 17250 0
query30 87.00 31% 0 336256 1.00 1.00 19 4 STAR 28567 4402 700 2339 6906 700 1857 7974 3781 1 1271 3038 0 150 149 1167 6 791 1166 525 149 149 150 0
query31 1800.00 0% 0 1432 0.00 1.00 27 6 HYBRID 2113874 25010 116653 22 599553 611614 1642 352 664911 2233 114313 2581 0 5949 151 5948 304 159 303 5936 303 5797 160 0
query32 25.88 46% 0 292888 1.00 1.00 6 2 PATH 18007 946 1501 1 4500 4500 1501 6000 1 1 1 1 0 4 3 307 307 4 309 3 3 3 3 0
query33 12.67 61% 0 255208 1.00 1.00 6 2 PATH 32290 400 1 1 10169 10761 1 10169 593 593 1 1 0 3 3 125 126 3 126 4 4 3 3 0
query34 3.75 73% 0 79516 1.00 1.00 12 2 STAR 196 69 8 11 2 56 11 1 45 45 8 9 0 4 4 4 14 4 3 14 14 4 4 0
query35 6.37 79% 0 129320 1.00 1.00 12 3 STAR 1216 242 1 226 111 89 71 102 327 226 62 1 0 4 29 46 30 30 20 45 29 5 4 0
query36 34.60 42% 0 322924 1.00 1.00 8 2 PATH 21748 1286 2061 1 4 5185 2061 2061 5185 5185 4 1 0 4 3 4 420 4 4 420 420 4 3 0
query37 21.93 60% 0 310196 1.00 1.00 27 5 HYBRID 23954 1438 71 71 7063 1099 3 6998 7786 855 7 1 0 211 38 230 86 180 211 260 36 180 6 0
query38 448.42 18% 0 408376 1.00 1.00 32 6 HYBRID 271073 19505 11536 26104 520 520 63702 90298 19588 69 58735 1 0 1134 2350 132 38 4049 6361 1347 38 4049 7 0
query39 413.85 21% 0 382208 1.00 1.00 32 7 HYBRID 245749 19700 53230 10207 18485 21500 53237 72414 730 6454 5725 3767 0 3851 1316 1467 1316 3850 4616 764 1055 299 1166 0
query40 9.88 60% 0 147632 1.00 1.00 18 4 HYBRID 1511 335 4 22 232 232 245 250 246 254 25 1 0 6 59 14 14 37 67 37 37 59 5 0
query41 129.37 28% 0 349612 1.00 1.00 17 3 STAR 40501 7965 2457 10702 4519 1 2133 12762 397 436 907 6187 0 422 1810 1811 4 422 1811 421 421 422 421 0
query42 1800.00 0% 0 1432 0.00 1.00 38 7 HYBRID 542700 80347 179642 1 305 1054 179642 179642 1054 1054 305 1 0 1670 8 1669 23999 1669 1669 23992 23994 1669 8 0
query43 108.82 29% 0 347768 1.00 1.00 15 3 PATH 68732 4388 15736 1511 5840 5241 15727 22470 16 29 651 1511 0 1057 5 399 398 1057 1452 5 5 5 5 0
query44 29.29 49% 0 319376 1.00 1.00 12 3 HYBRID 16724 1446 3860 1713 1722 1 1 1 5568 1 3856 1 0 357 94 355 4 4 4 355 4 265 4 0
query45 14.28 74% 0 253208 1.00 1.00 19 3 HYBRID 3263 935 137 362 642 90 40 140 359 432 532 529 0 5 153 153 152 24 133 25 152 133 5 0
query46 963.20 17% 0 398044 1.00 1.00 23 7 HYBRID 233173 42211 16903 7210 13609 51220 13501 70513 50614 1 9601 1 0 2219 8220 1459 10844 2219 5329 10645 8 494 774 0
query47 835.92 39% 0 466928 1.00 1.00 19 3 HYBRID 753319 104973 70134 171337 91 1 61155 230451 11020 12322 25471 171337 0 11849 11431 11849 4 11849 11849 11431 11431 11849 11431 0
query48 34.80 63% 0 332860 1.00 1.00 10 2 STAR 177511 2116 59108 1 91 1 59108 59108 1 1 91 1 0 421 3 420 3 420 420 3 3 420 3 0
query49 336.47 21% 0 374416 1.00 1.00 12 4 HYBRID 190801 13953 13500 1 40499 40499 13500 63598 9601 1 9601 1 0 1449 5 2709 2709 1449 4640 491 5 491 5 0
query50 1800.00 0% 0 1432 0.00 1.00 36 7 HYBRID 1670987 70675 10246 534383 18806 12496 1511 51732 6613 495080 501773 38347 0 8499 8498 9326 6092 8500 3307 2479 7737 7738 8499 0
query51 9.78 78% 0 219552 1.00 1.00 10 2 STAR 5291 574 5 429 1758 1 4 1330 1758 1 4 1 0 94 4 94 3 93 93 94 3 93 3 0
query52 32.25 44% 0 306768 1.00 1.00 12 2 PATH 11369 1221 17 1511 600 1839 8 1511 1854 1867 651 1511 0 4 4 4 397 4 4 398 398 4 4 0
query53 16.82 46% 0 225144 1.00 1.00 12 4 STAR 3352 633 1 1 1016 100 900 1016 216 1 100 1 0 5 5 75 130 176 74 28 5 130 5 0
query54 883.05 16% 0 373540 1.00 1.00 21 6 HYBRID 437230 37288 22972 84637 1 27946 112582 144940 10237 802 10189 22924 0 1541 5602 7 4596 10191 12412 696 8 695 1540 0
query55 22.49 44% 0 257428 1.00 1.00 18 4 HYBRID 9860 870 826 4 457 2942 3 946 2000 2341 7 334 0 37 6 175 107 6 37 77 245 6 174 0
query56 56.46 53% 0 335356 1.00 1.00 14 3 STAR 63928 4958 937 2701 17182 17182 3556 3898 17182 343 1 946 0 550 189 549 549 734 735 549 549 4 550 0
query57 32.80 42% 0 304548 1.00 1.00 18 3 HYBRID 6710 1297 50 1511 852 34 8 1796 268 29 651 1511 0 410 5 16 398 16 410 16 5 16 5 0
query59 1800.01 0% 0 1432 .99 1.00 16 3 STAR 40530785 101868 591 40561 131035 13495541 1494 13364908 131273 13364724 241 417 0 57 25358 57 25407 56 25408 58 25406 5 56 0
query60 28.97 38% 0 300304 1.00 1.00 11 3 HYBRID 5690 1187 1286 429 612 181 1 1 1713 1 1465 1 0 95 5 356 266 4 4 94 4 355 4 0
query61 15.48 47% 0 220076 1.00 1.00 21 3 STAR 2036 646 64 422 202 160 3 578 25 33 130 419 0 142 36 36 111 36 142 36 36 36 35 0
query62 7.57 73% 0 155576 1.00 1.00 18 2 STAR 1928 318 28 422 202 124 3 542 25 33 130 419 0 35 35 35 4 35 35 35 35 35 34 0
query63 33.23 30% 0 287340 1.00 1.00 12 2 STAR 6602 1221 17 1760 849 1 8 1760 16 29 651 1511 0 4 398 398 3 4 398 4 4 4 4 0
query64 1800.02 0% 0 1432 0.00 1.00 36 7 HYBRID 694465 103546 230450 1 525 688 230450 230450 688 687 525 1 0 11852 8 11852 14760 11852 11853 14757 14752 11852 8 0
query65 3.49 65% 0 85360 1.00 1.00 6 2 PATH 322 63 1 105 1 27 1 79 105 1 1 1 0 3 14 3 4 3 13 14 3 3 3 0
query66 1800.00 0% 0 1432 0.00 1.00 42 7 HYBRID 905026 113896 184340 98548 26621 67664 1 215175 32 180124 24665 107856 0 10670 17486 25707 15038 1858 10670 2453 10075 2452 17487 0
query67 1800.01 0% 0 1432 1.00 0.00 19 4 HYBRID 1603620 75255 373219 1 131401 533338 1495 402039 131639 29829 241 418 0 24904 65 59 24963 58 24965 59 118 6 58 0
query68 17.92 45% 0 218532 1.00 1.00 13 3 HYBRID 3044 659 137 35 888 34 360 496 35 1 529 529 0 5 81 133 80 132 133 81 4 5 5 0
query69 1800.00 0% 0 1428 0.00 1.00 39 7 HYBRID 573140 126263 182504 6181 58992 56152 17 129626 1798 131032 5321 1517 0 25593 403 25593 4154 13411 21447 13017 8830 13412 403 0
query70 31.95 43% 0 307904 1.00 1.00 12 2 PATH 11369 1221 17 1511 600 1839 8 1511 1854 1867 651 1511 0 4 4 4 397 4 4 398 398 4 4 0
query71 133.20 32% 0 357884 1.00 1.00 17 3 HYBRID 75268 7965 2457 6187 4 16105 2133 8247 16501 16540 907 6187 0 422 421 422 1393 422 422 1810 1810 422 421 0
query73 13.29 51% 0 187744 1.00 1.00 10 3 STAR 3887 458 2 1077 645 1 217 865 1077 1 1 1 0 5 53 95 4 94 142 53 4 4 4 0
query74 1800.00 0% 0 1428 .19 1.00 33 7 HYBRID 1104851 92724 336919 34152 15765 700 328095 344162 10616 9217 3844 21381 0 25452 4489 4633 9 25914 22344 1999 1854 1535 4495 0
query75 430.05 21% 0 357284 1.00 1.00 27 5 HYBRID 96481 23016 12950 16991 80 11274 21 15124 2188 20848 5725 11280 0 1165 2892 3760 2892 297 3132 2266 3423 297 2892 0
query76 16.93 49% 0 244888 1.00 1.00 6 2 STAR 7645 594 1 1 1633 914 1 2546 2546 1 1 1 0 3 3 190 4 3 191 191 3 3 3 0
query77 86.07 42% 0 343548 1.00 1.00 18 3 HYBRID 44200 6402 4308 1430 9005 2 4 13285 10 14714 1430 12 0 1161 5 1161 5 5 1160 869 1161 5 870 0
query78 34.47 39% 0 313800 1.00 1.00 15 3 STAR 7463 1348 17 1511 1136 171 8 1877 382 29 821 1511 0 5 5 438 398 5 44 44 5 399 5 0
query79 1800.00 0% 0 1432 0 1.00 26 6 HYBRID 1520974 51940 323839 1243 13501 13501 482657 348181 168404 158804 9601 1243 0 2798 93 4243 1452 13391 4730 11171 10685 3284 93 0
query81 3.72 135% 0 138144 1.00 1.00 9 2 PATH 11701 119 1 3761 100 64 150 51 3761 3761 51 1 0 3 17 17 17 19 4 18 17 4 3 0
query82 31.83 40% 0 294984 1.00 1.00 12 2 STAR 8651 1221 17 1511 1532 1 940 2443 16 29 651 1511 0 4 4 398 3 398 398 4 4 4 4 0
query83 5.24 104% 0 142116 1.00 1.00 9 2 PATH 6463 226 159 144 1994 1 16 2137 1994 1 16 1 0 36 4 36 3 35 36 35 3 35 3 0
query84 3.65 90% 0 101548 1.00 1.00 17 3 STAR 370 144 32 90 2 1 31 120 2 1 1 90 0 17 15 17 4 16 16 15 14 16 14 0
query85 21.33 55% 0 283572 1.00 1.00 14 3 STAR 7703 1160 173 429 2451 1 1 1519 1776 1 676 676 0 95 95 257 4 4 256 257 4 94 94 0
query86 24.36 47% 0 302048 1.00 1.00 11 2 STAR 33640 909 3 1430 2 9780 4 1 9779 11208 1430 3 0 4 4 4 294 4 3 293 295 4 4 0
query87 45.73 49% 0 328956 1.00 1.00 30 4 HYBRID 19902 3896 481 490 1464 2274 4190 5181 490 635 4336 361 0 348 348 348 348 601 290 348 348 601 316 0
query88 39.43 36% 0 323384 1.00 1.00 12 3 STAR 24979 1565 97 2356 5861 13 8216 109 97 2356 5873 1 0 10 11 499 5 505 11 10 10 500 4 0
query89 47.15 34% 0 329248 1.00 1.00 14 4 HYBRID 8968 2049 2098 163 1 2986 700 28 166 727 1 2098 0 149 466 5 611 6 42 573 43 5 149 0
query90 59.71 37% 0 330920 1.00 1.00 24 4 HYBRID 21623 3435 1104 2469 3445 4267 3 3411 3603 291 564 2466 0 205 174 764 627 174 205 765 174 174 173 0
query91 12.09 74% 0 252836 1.00 1.00 13 2 STAR 8465 805 153 2 2712 1 17 2320 2185 1 545 529 0 132 4 132 3 131 132 132 3 132 4 0
query92 5.08 66% 0 101752 1.00 1.00 12 2 STAR 443 132 4 4 124 136 15 124 4 12 19 1 0 4 4 4 35 35 4 4 4 35 3 0
query93 11.39 83% 0 310384 1.00 1.00 18 3 HYBRID 93683 643 4 30375 421 502 697 521 30375 30383 404 1 0 5 88 89 88 120 36 89 88 36 4 0
query94 32.45 70% 0 326644 1.00 1.00 14 2 STAR 26950 3780 2456 6186 4 1 2133 8246 396 436 906 6186 0 420 419 420 3 420 420 419 419 421 419 0
query95 1800.00 0% 0 1432 .97 1.00 18 4 HYBRID 666411 81215 179627 42299 304 1 179627 221948 1 1 42602 1 0 1665 24292 1667 5 1664 25956 5 5 25951 5 0
query96 17.41 60% 0 264412 1.00 1.00 15 4 HYBRID 3025 1079 1 4 61 1003 781 166 163 760 85 1 0 5 149 149 204 43 166 22 150 186 5 0
query97 8.20 66% 0 145704 1.00 1.00 9 3 STAR 3058 275 1 94 1 674 251 94 924 924 94 1 0 4 59 4 26 5 59 28 27 59 4 0
query98 170.66 41% 0 352028 1.00 1.00 18 4 HYBRID 117632 16846 13264 24294 1 3600 1 35991 1567 2478 4044 32392 0 2357 1628 1628 191 1628 2357 1628 1628 1629 2172 0
query99 1800.00 0% 0 1432 0.00 1.00 27 6 HYBRID 1537212 156265 20423 360022 131401 131399 361475 19931 151470 360432 241 418 0 26023 25969 61 60 26022 26022 26023 26017 8 60 0
query100 466.38 20% 0 359564 1.00 1.00 26 6 HYBRID 138070 23758 373 14167 21061 41545 6418 10363 26779 1450 2548 13366 0 812 4441 811 6387 1441 2129 1500 812 181 5244 0
