query1 3.03 47% 0 75216 1.00 1.00 5 5 HYBRID 33 25 1 1 1 1 1 1 7 12 1 7 0 1 1 1 1 1 1 4 2 1 12 0
query2 12.32 34% 0 142240 1.00 1.00 3 3 HYBRID 3798 153 1 1 1 1 1 2061 1 1729 1 1 0 1 1 1 1 1 2 1 143 1 1 0
query3 5.15 45% 0 93232 1.00 1.00 3 3 HYBRID 620 55 1 1 1 1 1 1 1 24 1 588 0 1 1 1 1 1 1 1 45 1 2 0
query4 61.03 18% 0 337500 1.00 1.00 5 5 HYBRID 24570 834 1 1 1 1 1 12281 1 12281 1 1 0 1 1 1 1 1 2 1 824 1 1 0
query5 205.45 9% 0 390820 1.00 1.00 3 3 HYBRID 44212 2935 1 1 1 419 1 1 43785 1 1 1 0 1 1 1 2925 1 1 2 1 1 1 0
query6 3.82 60% 0 94236 1.00 1.00 5 5 HYBRID 412 47 1 1 1 1 1 201 1 194 10 1 0 1 1 1 1 1 2 1 19 19 1 0
query7 9.87 42% 0 119680 1.00 1.00 3 3 STAR 1965 116 1 1 456 1 1 1501 1 1 1 1 0 1 1 106 1 1 2 1 1 1 1 0
query8 9.99 41% 0 125620 1.00 1.00 3 3 HYBRID 1965 116 1 1 456 1 1 1501 1 1 1 1 0 1 1 106 1 1 2 1 1 1 1 0
query9 24.85 20% 0 150684 1.00 1.00 6 6 HYBRID 674 335 1 1 1 1 325 1 341 1 1 1 0 1 1 1 1 2 1 325 1 1 1 0
query10 2.29 58% 0 71820 1.00 1.00 5 5 HYBRID 49 11 1 1 1 1 1 40 1 1 1 1 0 1 1 1 1 1 2 1 1 1 1 0
query11 2.50 76% 0 79872 1.00 1.00 2 2 STAR 538 11 1 1 1 1 1 1 1 1 1 529 0 1 1 1 1 1 1 1 1 1 2 0
query12 30.39 14% 0 173492 1.00 1.00 5 5 HYBRID 460 441 1 1 1 431 1 1 1 21 1 1 0 1 1 1 2 1 1 1 431 1 1 0
query13 2.38 64% 0 75520 1.00 1.00 2 2 STAR 304 11 1 1 1 1 1 295 1 1 1 1 0 1 1 1 1 1 2 1 1 1 1 0
query14 42.61 15% 0 224408 1.00 1.00 7 7 HYBRID 1266 603 1 1 1 1 1 665 1 593 1 1 0 1 1 1 1 1 593 1 2 1 1 0
query15 2.16 62% 0 71340 1.00 1.00 2 2 STAR 118 11 1 1 1 1 109 1 1 1 1 1 0 1 1 1 1 2 1 1 1 1 1 0
query16 206.79 20% 0 444280 1.00 1.00 3 3 STAR 1593065 2935 1 1 1 1 1 1 43785 1549272 1 1 0 1 1 1 1 1 1 2 2925 1 1 0
query17 19.51 22% 0 134528 1.00 1.00 5 5 STAR 323 261 1 1 1 1 1 64 251 1 1 1 0 1 1 1 1 1 251 2 1 1 1 0
query18 2.35 54% 0 71148 1.00 1.00 2 2 PATH 12 11 3 1 1 1 1 1 1 1 1 1 0 2 1 1 1 1 1 1 1 1 1 0
query19 7.44 29% 0 91740 1.00 1.00 4 4 STAR 95 91 1 1 1 1 1 6 81 1 1 1 0 1 1 1 1 1 81 2 1 1 1 0
query20 1226.01 4% 0 369176 1.00 1.00 6 6 HYBRID 20551 19011 1 1 1 1 1 19001 1 1 1 1542 0 1 1 1 1 1 2 1 1 1 19001 0
query21 3.29 51% 0 76084 1.00 1.00 2 2 STAR 207 24 1 1 1 1 1 124 1 75 1 1 0 1 1 1 1 1 2 1 14 1 1 0
query22 6.89 46% 0 104248 1.00 1.00 2 2 PATH 1711 76 1 1 1 1 1 901 1 802 1 1 0 1 1 1 1 1 2 1 66 1 1 0
query23 2.25 58% 0 71288 1.00 1.00 2 2 STAR 83 11 1 1 1 1 1 74 1 1 1 1 0 1 1 1 1 1 2 1 1 1 1 0
query24 63.18 13% 0 249276 1.00 1.00 7 7 HYBRID 2077 911 1 1168 1 1 1 901 1 1 1 1 0 1 901 1 1 1 2 1 1 1 1 0
query25 2.61 94% 0 85216 1.00 1.00 2 2 PATH 1439 11 1 1 1 1 1 1 1 1430 1 1 0 1 1 1 1 1 1 1 2 1 1 0
query26 2.82 53% 0 75140 1.00 1.00 5 5 HYBRID 78 19 1 1 1 1 1 1 1 49 1 21 0 1 1 1 1 1 1 1 2 1 9 0
query27 2.89 113% 0 120656 1.00 1.00 4 4 HYBRID 4645 11 1 1 1 1 1 4636 1 1 1 1 0 1 1 1 1 1 2 1 1 1 1 0
query28 2.07 55% 0 71056 1.00 1.00 3 3 STAR 11 11 1 1 1 1 1 2 1 1 1 1 0 1 1 1 1 1 2 1 1 1 1 0
query29 32.02 16% 0 176792 1.00 1.00 5 5 HYBRID 1041 462 1 581 1 1 1 452 1 1 1 1 0 1 452 1 1 1 2 1 1 1 1 0
query30 58.45 15% 0 226784 1.00 1.00 4 4 STAR 889 790 1 1 1 1 1 101 1 1 1 780 0 1 1 1 1 1 780 1 1 1 2 0
query31 23.27 137% 0 392864 1.00 1.00 6 6 HYBRID 944484 128 1 1 1 118 1 1 944358 1 1 1 0 1 1 1 2 1 1 118 1 1 1 0
query32 3.51 97% 0 93200 1.00 1.00 2 2 PATH 1510 11 1 1 1 1 1 1501 1 1 1 1 0 1 1 1 1 1 2 1 1 1 1 0
query33 2.88 77% 0 80004 1.00 1.00 2 2 PATH 517 11 1 1 1 508 1 1 1 1 1 1 0 1 1 1 2 1 1 1 1 1 1 0
query34 3.46 55% 0 75440 1.00 1.00 6 2 STAR 90 23 1 1 1 20 11 1 1 37 8 9 0 1 1 1 2 2 1 1 10 2 2 0
query35 7.38 50% 0 102488 1.00 1.00 3 3 STAR 808 67 1 1 1 1 1 1 774 1 26 1 0 1 1 1 1 1 1 2 1 57 1 0
query36 13.89 41% 0 138180 1.00 1.00 2 2 PATH 3798 153 1 1 1 1 1 2061 1 1729 1 1 0 1 1 1 1 1 2 1 143 1 1 0
query37 4.38 45% 0 77576 1.00 1.00 5 5 HYBRID 106 32 1 1 1 1 1 22 76 1 1 1 0 1 1 1 1 1 2 22 1 1 1 0
query38 2.95 59% 0 71364 1.00 1.00 6 6 HYBRID 31 11 1 1 1 1 1 22 1 1 1 1 0 1 1 1 1 1 2 1 1 1 1 0
query39 33.01 20% 0 174104 1.00 1.00 7 7 HYBRID 497 425 1 415 1 1 1 74 1 1 1 1 0 1 2 1 1 1 415 1 1 1 1 0
query40 2.87 56% 0 72472 1.00 1.00 4 4 HYBRID 18 13 1 1 1 1 1 5 1 5 1 1 0 1 1 1 1 1 2 1 3 1 1 0
query41 2.71 60% 0 70868 1.00 1.00 3 3 STAR 52 11 1 1 1 1 1 43 1 1 1 1 0 1 1 1 1 1 2 1 1 1 1 0
query42 232.48 10% 0 333224 1.00 1.00 7 7 HYBRID 3317 3265 1 1 1 1 1 54 1 3255 1 1 0 1 1 1 1 1 3255 1 2 1 1 0
query43 6.71 45% 0 88552 1.00 1.00 3 3 PATH 1510 11 1 1 1 1 1 1501 1 1 1 1 0 1 1 1 1 1 2 1 1 1 1 0
query44 2.81 70% 0 79152 1.00 1.00 3 3 HYBRID 438 11 1 1 1 1 1 1 429 1 1 1 0 1 1 1 1 1 1 2 1 1 1 0
query45 3.08 52% 0 74256 1.00 1.00 3 3 HYBRID 72 18 1 1 1 1 1 1 1 36 1 28 0 1 1 1 1 1 1 1 2 1 8 0
query46 109.25 12% 0 301516 1.00 1.00 7 7 HYBRID 1402 1389 1 15 1 1 1 1379 1 1 1 1 0 1 1379 1 1 1 2 1 1 1 1 0
query47 3.36 110% 0 99100 1.00 1.00 3 3 HYBRID 2070 11 1 1 1 1 1 2061 1 1 1 1 0 1 1 1 1 1 2 1 1 1 1 0
query48 3.17 106% 0 93304 1.00 1.00 2 2 STAR 2070 11 1 1 1 1 1 2061 1 1 1 1 0 1 1 1 1 1 2 1 1 1 1 0
query49 3.23 105% 0 97196 1.00 1.00 4 4 HYBRID 1510 11 1 1 1 1 1 1501 1 1 1 1 0 1 1 1 1 1 2 1 1 1 1 0
query50 42.97 15% 0 166452 1.00 1.00 7 7 HYBRID 1354 379 1 977 1 1 1 369 1 1 1 1 0 1 369 1 1 1 2 1 1 1 1 0
query51 2.63 71% 0 79848 1.00 1.00 2 2 STAR 453 11 1 1 1 1 1 1 444 1 1 1 0 1 1 1 1 1 1 2 1 1 1 0
query52 10.90 43% 0 125168 1.00 1.00 2 2 PATH 2112 116 1 1 1 1 1 1 1 593 1 1511 0 1 1 1 1 1 1 1 106 1 2 0
query53 3.77 50% 0 76708 1.00 1.00 4 4 STAR 155 25 1 1 1 1 1 138 1 1 9 1 0 1 1 1 1 1 2 1 1 15 1 0
query54 4.80 61% 0 98964 1.00 1.00 6 6 HYBRID 671 38 1 1 1 1 1 339 1 324 1 1 0 1 1 1 1 1 2 1 28 1 1 0
query55 6.29 52% 0 101872 1.00 1.00 4 4 HYBRID 685 56 1 1 1 602 1 1 1 1 1 75 0 1 1 1 2 1 1 1 1 1 46 0
query56 7.87 52% 0 110100 1.00 1.00 3 3 STAR 2819 76 1 1 1 1 1 901 1910 1 1 1 0 1 1 1 1 1 2 66 1 1 1 0
query57 2.41 57% 0 71824 1.00 1.00 3 3 HYBRID 36 11 1 1 1 1 1 27 1 1 1 1 0 1 1 1 1 1 2 1 1 1 1 0
query59 217.30 22% 0 390196 1.00 1.00 3 3 STAR 1593065 2935 1 1 1 1 1 1 43785 1549272 1 1 0 1 1 1 1 1 1 2 2925 1 1 0
query60 55.99 16% 0 305532 1.00 1.00 3 3 HYBRID 10830 736 1 1 1 1 1 1 21 1 10801 1 0 1 1 1 1 1 1 726 1 2 1 0
query61 5.51 27% 0 70880 1.00 1.00 3 3 STAR 13 11 1 1 1 1 1 4 1 1 1 1 0 1 1 1 1 1 2 1 1 1 1 0
query62 5.94 28% 0 71744 1.00 1.00 2 2 STAR 140 11 1 1 1 1 1 131 1 1 1 1 0 1 1 1 1 1 2 1 1 1 1 0
query63 5.61 28% 0 71324 1.00 1.00 2 2 STAR 83 11 1 1 1 1 1 74 1 1 1 1 0 1 1 1 1 1 2 1 1 1 1 0
query64 7.60 32% 0 89652 1.00 1.00 7 7 HYBRID 79 77 1 1 1 1 1 4 1 67 1 1 0 1 1 1 1 1 67 1 2 1 1 0
query65 2.62 57% 0 70688 1.00 1.00 2 2 PATH 36 11 1 1 1 1 1 1 27 1 1 1 0 1 1 1 1 1 1 2 1 1 1 0
query66 1800.00 0% 0 1432 0.00 1.00 7 7 HYBRID 252420 26084 1 1 1 1 1 1 1 1 1 252411 0 1 1 1 1 1 1 1 26074 1 2 0
query67 171.69 93% 0 1135676 1.00 0.00 4 4 HYBRID 1582475 2229 1 1 1 33195 1 1 1 1 1549272 1 0 1 1 1 2 1 1 1 1 2219 1 0
query68 3.58 51% 0 75884 1.00 1.00 3 3 HYBRID 120 23 1 1 108 1 1 1 4 1 1 1 0 1 1 2 1 1 1 13 1 1 1 0
query69 114.25 11% 0 317772 1.00 1.00 7 7 HYBRID 2536 1584 1 1 1 1501 1 1021 1 1 7 1 0 1 1 1 2 1 1501 1 1 74 1 0
query70 10.68 38% 0 119784 1.00 1.00 2 2 PATH 2112 116 1 1 1 1 1 1 1 593 1 1511 0 1 1 1 1 1 1 1 106 1 2 0
query71 13.72 38% 0 141708 1.00 1.00 3 3 HYBRID 3798 153 1 1 1 1 1 2061 1 1729 1 1 0 1 1 1 1 1 2 1 143 1 1 0
query73 5.18 51% 0 88764 1.00 1.00 3 3 STAR 510 44 1 1 1 1 1 73 429 1 1 1 0 1 1 1 1 1 34 2 1 1 1 0
query74 93.55 14% 0 293376 1.00 1.00 7 7 HYBRID 1780 1310 247 1 1 1 1 1279 1 247 1 1 0 1279 1 1 1 1 2 1 22 1 1 0
query75 3.08 50% 0 74348 1.00 1.00 5 5 HYBRID 105 20 1 1 1 1 1 1 1 69 1 28 0 1 1 1 1 1 1 1 2 1 10 0
query76 2.73 76% 0 81296 1.00 1.00 2 2 STAR 554 11 1 1 1 1 1 1 545 1 1 1 0 1 1 1 1 1 1 2 1 1 1 0
query77 3.02 91% 0 91616 1.00 1.00 3 3 HYBRID 1005 11 1 1 1 1 1 1 1 996 1 1 0 1 1 1 1 1 1 1 2 1 1 0
query78 6.45 49% 0 94268 1.00 1.00 3 3 STAR 702 60 1 1 1 1 1 663 1 1 31 1 0 1 1 1 1 1 2 1 1 50 1 0
query79 81.17 14% 0 341836 1.00 1.00 6 6 HYBRID 23998 815 1 1 1 1 1 11995 1 11995 1 1 0 1 1 1 1 1 2 1 805 1 1 0
query81 3.32 75% 0 87388 1.00 1.00 2 2 PATH 1296 19 1 1 1 1 1 1 1 1237 51 1 0 1 1 1 1 1 1 1 9 2 1 0
query82 2.46 64% 0 72136 1.00 1.00 2 2 STAR 210 11 1 1 1 1 1 201 1 1 1 1 0 1 1 1 1 1 2 1 1 1 1 0
query83 2.65 61% 0 71968 1.00 1.00 2 2 PATH 147 11 1 1 1 1 1 138 1 1 1 1 0 1 1 1 1 1 2 1 1 1 1 0
query84 13.70 37% 0 139704 1.00 1.00 3 3 STAR 2080 153 1 1 1 1 1 2061 11 1 1 1 0 1 1 1 1 1 2 143 1 1 1 0
query85 2.62 62% 0 72324 1.00 1.00 3 3 STAR 135 11 1 1 126 1 1 1 1 1 1 1 0 1 1 2 1 1 1 1 1 1 1 0
query86 3.01 94% 0 92172 1.00 1.00 2 2 STAR 1439 11 1 1 1 1 1 1 1 1430 1 1 0 1 1 1 1 1 1 1 2 1 1 0
query87 5.08 91% 0 128156 1.00 1.00 8 4 HYBRID 680 167 1 1 1 91 50 406 1 41 48 40 0 1 1 1 32 32 2 1 32 32 33 0
query88 2.86 68% 0 79720 1.00 1.00 3 3 STAR 606 15 1 1 1 1 1 1 1 588 10 1 0 1 1 1 1 1 1 1 5 2 1 0
query89 2.60 56% 0 71268 1.00 1.00 4 4 HYBRID 11 11 1 1 1 2 1 1 1 1 1 1 0 1 1 1 2 1 1 1 1 1 1 0
query90 4.29 57% 0 90464 1.00 1.00 4 4 HYBRID 355 32 1 1 1 1 1 249 98 1 1 1 0 1 1 1 1 1 2 22 1 1 1 0
query91 2.67 60% 0 71448 1.00 1.00 2 2 STAR 146 11 1 1 137 1 1 1 1 1 1 1 0 1 1 2 1 1 1 1 1 1 1 0
query92 2.61 56% 0 71536 1.00 1.00 2 2 STAR 14 11 1 1 1 5 1 1 1 1 1 1 0 1 1 1 2 1 1 1 1 1 1 0
query93 3.66 84% 0 97272 1.00 1.00 3 3 HYBRID 3291 24 1 1 1 1 1 124 1 3159 1 1 0 1 1 1 1 1 2 1 14 1 1 0
query94 3.06 102% 0 94824 1.00 1.00 2 2 STAR 2070 11 1 1 1 1 1 2061 1 1 1 1 0 1 1 1 1 1 2 1 1 1 1 0
query95 2.74 65% 0 75640 1.00 1.00 4 4 HYBRID 250 11 1 1 1 1 1 241 1 1 1 1 0 1 1 1 1 1 2 1 1 1 1 0
query96 2.51 55% 0 70716 1.00 1.00 4 4 HYBRID 12 11 1 1 1 3 1 1 1 1 1 1 0 1 1 1 2 1 1 1 1 1 1 0
query97 5.98 53% 0 97948 1.00 1.00 3 3 STAR 677 55 1 1 1 1 1 1 1 593 76 1 0 1 1 1 1 1 1 1 2 45 1 0
query98 2.98 88% 0 88912 1.00 1.00 4 4 HYBRID 910 11 1 1 1 1 1 901 1 1 1 1 0 1 1 1 1 1 2 1 1 1 1 0
query99 126.36 13% 0 361264 1.00 1.00 6 6 HYBRID 21769 1742 1 1 1 1 1 1 3682 559 17521 1 0 1 1 1 1 1 1 1174 2 559 1 0
query100 3.41 54% 0 76812 1.00 1.00 6 6 HYBRID 170 27 1 1 1 57 1 1 1 53 53 1 0 1 1 1 2 1 1 1 9 9 1 0
