query1 7.69 43% 0 97100 0 0 3 3 HYBRID 2080 21 1 1 1 1 1 1 1 1 1 1 1 1 1 1 1 1 1 2061 1 1 0 1 1 1 1 1 1 1 1 1 1 1 1 1 1 1 1 1 2 1 1 0
query3 6.26 51% 0 83856 1.00 1.00 3 3 STAR 475 21 1 1 1 1 1 1 1 1 1 1 1 1 1 456 1 1 1 1 1 1 0 1 1 1 1 1 1 1 1 1 1 1 1 1 2 1 1 1 1 1 1 0
query4 6.25 52% 0 85340 1.00 1.00 3 3 STAR 475 21 1 1 1 1 1 1 1 1 1 1 1 1 1 456 1 1 1 1 1 1 0 1 1 1 1 1 1 1 1 1 1 1 1 1 2 1 1 1 1 1 1 0
query6 6.12 52% 0 85808 1.00 1.00 3 3 STAR 475 21 1 1 1 1 1 1 1 1 1 1 1 1 1 456 1 1 1 1 1 1 0 1 1 1 1 1 1 1 1 1 1 1 1 1 2 1 1 1 1 1 1 0
query7 3.97 38% 0 73816 1.00 1.00 3 3 HYBRID 40 21 1 1 1 1 1 1 1 21 1 1 1 1 1 1 1 1 1 1 1 1 0 1 1 1 1 1 1 1 2 1 1 1 1 1 1 1 1 1 1 1 1 0
query8 5.76 36% 0 74040 1.00 1.00 3 3 HYBRID 40 21 1 1 1 1 1 1 1 21 1 1 1 1 1 1 1 1 1 1 1 1 0 1 1 1 1 1 1 1 2 1 1 1 1 1 1 1 1 1 1 1 1 0
query9 4.45 40% 0 74184 1.00 1.00 3 3 HYBRID 40 21 1 1 1 1 1 1 1 21 1 1 1 1 1 1 1 1 1 1 1 1 0 1 1 1 1 1 1 1 2 1 1 1 1 1 1 1 1 1 1 1 1 0
query10 3.14 35% 0 75244 1.00 .19 8 2 STAR 61 27 1 1 1 1 1 1 1 9 1 1 1 1 1 14 8 9 2 1 4 2 0 1 1 1 1 1 1 1 2 1 1 1 1 1 2 2 2 2 1 2 2 0
query11 5.17 36% 0 73784 1.00 1.00 3 3 HYBRID 40 21 1 1 1 1 1 1 1 21 1 1 1 1 1 1 1 1 1 1 1 1 0 1 1 1 1 1 1 1 2 1 1 1 1 1 1 1 1 1 1 1 1 0
query12 3.59 63% 0 96844 0 0 3 3 HYBRID 2080 21 1 1 1 1 1 1 1 1 1 1 1 1 1 1 1 1 1 2061 1 1 0 1 1 1 1 1 1 1 1 1 1 1 1 1 1 1 1 1 2 1 1 0
query13 6.20 51% 0 83232 1.00 1.00 2 2 PATH 612 21 1 1 1 1 593 1 1 1 1 1 1 1 1 1 1 1 1 1 1 1 0 1 1 1 1 2 1 1 1 1 1 1 1 1 1 1 1 1 1 1 1 0
query14 6.21 73% 0 97160 0 0 3 3 HYBRID 2080 21 1 1 1 1 1 1 1 1 1 1 1 1 1 1 1 1 1 2061 1 1 0 1 1 1 1 1 1 1 1 1 1 1 1 1 1 1 1 1 2 1 1 0
query15 6.13 47% 0 83920 1.00 1.00 2 2 STAR 482 21 1 1 1 1 1 1 1 463 1 1 1 1 1 1 1 1 1 1 1 1 0 1 1 1 1 1 1 1 2 1 1 1 1 1 1 1 1 1 1 1 1 0
query16 5.60 39% 0 81364 1.00 1.00 2 2 PATH 464 21 1 1 1 1 1 1 1 1 445 1 1 1 1 1 1 1 1 1 1 1 0 1 1 1 1 1 1 1 1 2 1 1 1 1 1 1 1 1 1 1 1 0
query17 5.61 49% 0 83728 1.00 1.00 2 2 STAR 482 21 1 1 1 1 1 1 1 463 1 1 1 1 1 1 1 1 1 1 1 1 0 1 1 1 1 1 1 1 2 1 1 1 1 1 1 1 1 1 1 1 1 0
query18 6.15 72% 0 97828 0 0 3 3 HYBRID 2080 21 1 1 1 1 1 1 1 1 1 1 1 1 1 1 1 1 1 2061 1 1 0 1 1 1 1 1 1 1 1 1 1 1 1 1 1 1 1 1 2 1 1 0
query19 5.87 47% 0 83544 1.00 1.00 2 2 PATH 464 21 1 1 1 1 1 1 1 1 445 1 1 1 1 1 1 1 1 1 1 1 0 1 1 1 1 1 1 1 1 2 1 1 1 1 1 1 1 1 1 1 1 0
query20 5.45 40% 0 75748 1.00 1.00 2 2 STAR 138 21 1 1 1 1 1 1 1 119 1 1 1 1 1 1 1 1 1 1 1 1 0 1 1 1 1 1 1 1 2 1 1 1 1 1 1 1 1 1 1 1 1 0
query21 6.48 70% 0 99320 0 0 3 3 HYBRID 2080 21 1 1 1 1 1 1 1 1 1 1 1 1 1 1 1 1 1 2061 1 1 0 1 1 1 1 1 1 1 1 1 1 1 1 1 1 1 1 1 2 1 1 0
query22 3.55 62% 0 99416 0 0 3 3 HYBRID 2080 21 1 1 1 1 1 1 1 1 1 1 1 1 1 1 1 1 1 2061 1 1 0 1 1 1 1 1 1 1 1 1 1 1 1 1 1 1 1 1 2 1 1 0
query23 6.24 54% 0 84036 1.00 1.00 2 2 PATH 612 21 1 1 1 1 593 1 1 1 1 1 1 1 1 1 1 1 1 1 1 1 0 1 1 1 1 2 1 1 1 1 1 1 1 1 1 1 1 1 1 1 1 0
query24 5.58 37% 0 74712 0 0 4 4 HYBRID 143 21 1 1 1 1 1 1 1 1 1 124 1 1 1 1 1 1 1 1 1 1 0 1 1 1 1 1 1 1 1 1 2 1 1 1 1 1 1 1 1 1 1 0
query25 6.11 43% 0 75272 0 0 4 4 HYBRID 143 21 1 1 1 1 1 1 1 1 1 124 1 1 1 1 1 1 1 1 1 1 0 1 1 1 1 1 1 1 1 1 2 1 1 1 1 1 1 1 1 1 1 0
query26 5.40 38% 0 74912 0 0 4 4 HYBRID 143 21 1 1 1 1 1 1 1 1 1 124 1 1 1 1 1 1 1 1 1 1 0 1 1 1 1 1 1 1 1 1 2 1 1 1 1 1 1 1 1 1 1 0
query27 3.66 64% 0 98564 0 0 3 3 HYBRID 2080 21 1 1 1 1 1 1 1 1 1 1 1 1 1 1 1 1 1 2061 1 1 0 1 1 1 1 1 1 1 1 1 1 1 1 1 1 1 1 1 2 1 1 0
query28 4.68 41% 0 82760 1.00 1.00 3 3 HYBRID 475 21 1 1 1 1 1 1 1 1 1 1 1 1 1 456 1 1 1 1 1 1 0 1 1 1 1 1 1 1 1 1 1 1 1 1 2 1 1 1 1 1 1 0
query29 5.90 54% 0 82748 1.00 1.00 3 3 HYBRID 475 21 1 1 1 1 1 1 1 1 1 1 1 1 1 456 1 1 1 1 1 1 0 1 1 1 1 1 1 1 1 1 1 1 1 1 2 1 1 1 1 1 1 0
query30 6.20 54% 0 85200 1.00 1.00 3 3 HYBRID 475 21 1 1 1 1 1 1 1 1 1 1 1 1 1 456 1 1 1 1 1 1 0 1 1 1 1 1 1 1 1 1 1 1 1 1 2 1 1 1 1 1 1 0
query31 3.16 34% 0 74688 0 0 2 2 STAR 143 21 1 1 1 1 1 1 1 1 1 124 1 1 1 1 1 1 1 1 1 1 0 1 1 1 1 1 1 1 1 1 2 1 1 1 1 1 1 1 1 1 1 0
query32 3.19 34% 0 75036 0 0 2 2 STAR 143 21 1 1 1 1 1 1 1 1 1 124 1 1 1 1 1 1 1 1 1 1 0 1 1 1 1 1 1 1 1 1 2 1 1 1 1 1 1 1 1 1 1 0
query33 5.90 52% 0 83780 1.00 1.00 2 2 PATH 612 21 1 1 1 1 593 1 1 1 1 1 1 1 1 1 1 1 1 1 1 1 0 1 1 1 1 2 1 1 1 1 1 1 1 1 1 1 1 1 1 1 1 0
query34 5.50 44% 0 77696 0 0 4 4 STAR 220 21 1 1 1 1 1 1 1 1 1 1 1 1 201 1 1 1 1 1 1 1 0 1 1 1 1 1 1 1 1 1 1 1 1 2 1 1 1 1 1 1 1 0
query35 5.87 38% 0 73984 0 0 2 2 STAR 143 21 1 1 1 1 1 1 1 1 1 124 1 1 1 1 1 1 1 1 1 1 0 1 1 1 1 1 1 1 1 1 2 1 1 1 1 1 1 1 1 1 1 0
query36 5.97 46% 0 75540 0 0 2 2 STAR 143 21 1 1 1 1 1 1 1 1 1 124 1 1 1 1 1 1 1 1 1 1 0 1 1 1 1 1 1 1 1 1 2 1 1 1 1 1 1 1 1 1 1 0
query37 5.71 37% 0 75600 0 0 2 2 STAR 143 21 1 1 1 1 1 1 1 1 1 124 1 1 1 1 1 1 1 1 1 1 0 1 1 1 1 1 1 1 1 1 2 1 1 1 1 1 1 1 1 1 1 0
query38 3.18 34% 0 74040 0 0 2 2 STAR 143 21 1 1 1 1 1 1 1 1 1 124 1 1 1 1 1 1 1 1 1 1 0 1 1 1 1 1 1 1 1 1 2 1 1 1 1 1 1 1 1 1 1 0
query39 3.27 35% 0 74524 0 0 2 2 STAR 143 21 1 1 1 1 1 1 1 1 1 124 1 1 1 1 1 1 1 1 1 1 0 1 1 1 1 1 1 1 1 1 2 1 1 1 1 1 1 1 1 1 1 0
query40 5.84 39% 0 75868 0 0 2 2 STAR 143 21 1 1 1 1 1 1 1 1 1 124 1 1 1 1 1 1 1 1 1 1 0 1 1 1 1 1 1 1 1 1 2 1 1 1 1 1 1 1 1 1 1 0
query42 4.26 38% 0 75076 1.00 1.00 2 2 PATH 131 21 1 1 1 1 112 1 1 1 1 1 1 1 1 1 1 1 1 1 1 1 0 1 1 1 1 2 1 1 1 1 1 1 1 1 1 1 1 1 1 1 1 0
query43 3.23 35% 0 74760 0 0 2 2 STAR 143 21 1 1 1 1 1 1 1 1 1 124 1 1 1 1 1 1 1 1 1 1 0 1 1 1 1 1 1 1 1 1 2 1 1 1 1 1 1 1 1 1 1 0
query44 6.08 52% 0 84160 1.00 1.00 2 2 PATH 612 21 1 1 1 1 593 1 1 1 1 1 1 1 1 1 1 1 1 1 1 1 0 1 1 1 1 2 1 1 1 1 1 1 1 1 1 1 1 1 1 1 1 0
query45 5.58 37% 0 74460 0 0 2 2 STAR 143 21 1 1 1 1 1 1 1 1 1 124 1 1 1 1 1 1 1 1 1 1 0 1 1 1 1 1 1 1 1 1 2 1 1 1 1 1 1 1 1 1 1 0
query46 5.56 37% 0 74552 0 0 2 2 STAR 143 21 1 1 1 1 1 1 1 1 1 124 1 1 1 1 1 1 1 1 1 1 0 1 1 1 1 1 1 1 1 1 2 1 1 1 1 1 1 1 1 1 1 0
query47 3.20 34% 0 73776 0 0 2 2 STAR 143 21 1 1 1 1 1 1 1 1 1 124 1 1 1 1 1 1 1 1 1 1 0 1 1 1 1 1 1 1 1 1 2 1 1 1 1 1 1 1 1 1 1 0
query48 5.75 47% 0 74924 0 0 2 2 STAR 143 21 1 1 1 1 1 1 1 1 1 124 1 1 1 1 1 1 1 1 1 1 0 1 1 1 1 1 1 1 1 1 2 1 1 1 1 1 1 1 1 1 1 0
query49 5.69 38% 0 74420 0 0 2 2 STAR 143 21 1 1 1 1 1 1 1 1 1 124 1 1 1 1 1 1 1 1 1 1 0 1 1 1 1 1 1 1 1 1 2 1 1 1 1 1 1 1 1 1 1 0
query50 4.66 50% 0 83864 1.00 1.00 2 2 PATH 612 21 1 1 1 1 593 1 1 1 1 1 1 1 1 1 1 1 1 1 1 1 0 1 1 1 1 2 1 1 1 1 1 1 1 1 1 1 1 1 1 1 1 0
query51 5.62 37% 0 74632 0 0 2 2 STAR 143 21 1 1 1 1 1 1 1 1 1 124 1 1 1 1 1 1 1 1 1 1 0 1 1 1 1 1 1 1 1 1 2 1 1 1 1 1 1 1 1 1 1 0
query52 5.81 60% 0 82924 1.00 1.00 2 2 PATH 612 21 1 1 1 1 593 1 1 1 1 1 1 1 1 1 1 1 1 1 1 1 0 1 1 1 1 2 1 1 1 1 1 1 1 1 1 1 1 1 1 1 1 0
query53 5.16 70% 0 97540 0 0 5 5 HYBRID 1668 21 1 1 1 1 1 1 1 1 1 1 1 1 1649 1 1 1 1 1 1 1 0 1 1 1 1 1 1 1 1 1 1 1 1 2 1 1 1 1 1 1 1 0
query54 6.35 64% 0 100436 0 0 5 5 HYBRID 1668 21 1 1 1 1 1 1 1 1 1 1 1 1 1649 1 1 1 1 1 1 1 0 1 1 1 1 1 1 1 1 1 1 1 1 2 1 1 1 1 1 1 1 0
query55 5.53 68% 0 99412 0 0 5 5 HYBRID 1668 21 1 1 1 1 1 1 1 1 1 1 1 1 1649 1 1 1 1 1 1 1 0 1 1 1 1 1 1 1 1 1 1 1 1 2 1 1 1 1 1 1 1 0
query56 4.69 54% 0 99988 0 0 5 5 HYBRID 1668 21 1 1 1 1 1 1 1 1 1 1 1 1 1649 1 1 1 1 1 1 1 0 1 1 1 1 1 1 1 1 1 1 1 1 2 1 1 1 1 1 1 1 0
query57 3.50 59% 0 98992 0 0 5 5 HYBRID 1668 21 1 1 1 1 1 1 1 1 1 1 1 1 1649 1 1 1 1 1 1 1 0 1 1 1 1 1 1 1 1 1 1 1 1 2 1 1 1 1 1 1 1 0
query58 5.25 67% 0 95844 0 0 5 5 HYBRID 1668 21 1 1 1 1 1 1 1 1 1 1 1 1 1649 1 1 1 1 1 1 1 0 1 1 1 1 1 1 1 1 1 1 1 1 2 1 1 1 1 1 1 1 0
query59 6.45 66% 0 97136 0 0 5 5 HYBRID 1668 21 1 1 1 1 1 1 1 1 1 1 1 1 1649 1 1 1 1 1 1 1 0 1 1 1 1 1 1 1 1 1 1 1 1 2 1 1 1 1 1 1 1 0
query60 4.89 67% 0 100472 0 0 5 5 HYBRID 1668 21 1 1 1 1 1 1 1 1 1 1 1 1 1649 1 1 1 1 1 1 1 0 1 1 1 1 1 1 1 1 1 1 1 1 2 1 1 1 1 1 1 1 0
query61 6.10 72% 0 99772 0 0 5 5 HYBRID 1668 21 1 1 1 1 1 1 1 1 1 1 1 1 1649 1 1 1 1 1 1 1 0 1 1 1 1 1 1 1 1 1 1 1 1 2 1 1 1 1 1 1 1 0
query62 6.69 71% 0 100436 0 0 5 5 HYBRID 1668 21 1 1 1 1 1 1 1 1 1 1 1 1 1649 1 1 1 1 1 1 1 0 1 1 1 1 1 1 1 1 1 1 1 1 2 1 1 1 1 1 1 1 0
query63 6.37 61% 0 97964 0 0 5 5 HYBRID 1668 21 1 1 1 1 1 1 1 1 1 1 1 1 1649 1 1 1 1 1 1 1 0 1 1 1 1 1 1 1 1 1 1 1 1 2 1 1 1 1 1 1 1 0
query64 6.07 68% 0 97084 0 0 5 5 HYBRID 1668 21 1 1 1 1 1 1 1 1 1 1 1 1 1649 1 1 1 1 1 1 1 0 1 1 1 1 1 1 1 1 1 1 1 1 2 1 1 1 1 1 1 1 0
query65 5.51 65% 0 98144 0 0 5 5 HYBRID 1668 21 1 1 1 1 1 1 1 1 1 1 1 1 1649 1 1 1 1 1 1 1 0 1 1 1 1 1 1 1 1 1 1 1 1 2 1 1 1 1 1 1 1 0
query66 6.10 61% 0 100148 0 0 5 5 HYBRID 1668 21 1 1 1 1 1 1 1 1 1 1 1 1 1649 1 1 1 1 1 1 1 0 1 1 1 1 1 1 1 1 1 1 1 1 2 1 1 1 1 1 1 1 0
query67 5.70 78% 0 99236 0 0 5 5 HYBRID 1668 21 1 1 1 1 1 1 1 1 1 1 1 1 1649 1 1 1 1 1 1 1 0 1 1 1 1 1 1 1 1 1 1 1 1 2 1 1 1 1 1 1 1 0
query68 6.38 66% 0 99608 0 0 5 5 HYBRID 1668 21 1 1 1 1 1 1 1 1 1 1 1 1 1649 1 1 1 1 1 1 1 0 1 1 1 1 1 1 1 1 1 1 1 1 2 1 1 1 1 1 1 1 0
query69 5.87 64% 0 100124 0 0 5 5 HYBRID 1668 21 1 1 1 1 1 1 1 1 1 1 1 1 1649 1 1 1 1 1 1 1 0 1 1 1 1 1 1 1 1 1 1 1 1 2 1 1 1 1 1 1 1 0
query70 6.06 65% 0 100736 0 0 5 5 HYBRID 1668 21 1 1 1 1 1 1 1 1 1 1 1 1 1649 1 1 1 1 1 1 1 0 1 1 1 1 1 1 1 1 1 1 1 1 2 1 1 1 1 1 1 1 0
query71 5.85 71% 0 100376 0 0 5 5 HYBRID 1668 21 1 1 1 1 1 1 1 1 1 1 1 1 1649 1 1 1 1 1 1 1 0 1 1 1 1 1 1 1 1 1 1 1 1 2 1 1 1 1 1 1 1 0
query72 3.50 60% 0 98500 0 0 5 5 HYBRID 1668 21 1 1 1 1 1 1 1 1 1 1 1 1 1649 1 1 1 1 1 1 1 0 1 1 1 1 1 1 1 1 1 1 1 1 2 1 1 1 1 1 1 1 0
query73 5.88 72% 0 97796 0 0 5 5 HYBRID 1668 21 1 1 1 1 1 1 1 1 1 1 1 1 1649 1 1 1 1 1 1 1 0 1 1 1 1 1 1 1 1 1 1 1 1 2 1 1 1 1 1 1 1 0
query74 6.69 71% 0 98436 0 0 5 5 HYBRID 1668 21 1 1 1 1 1 1 1 1 1 1 1 1 1649 1 1 1 1 1 1 1 0 1 1 1 1 1 1 1 1 1 1 1 1 2 1 1 1 1 1 1 1 0
query75 6.26 69% 0 91692 0 0 5 5 HYBRID 1668 21 1 1 1 1 1 1 1 1 1 1 1 1 1649 1 1 1 1 1 1 1 0 1 1 1 1 1 1 1 1 1 1 1 1 2 1 1 1 1 1 1 1 0
query76 6.46 72% 0 102532 0 0 3 3 HYBRID 2080 21 1 1 1 1 1 1 1 1 1 1 1 1 1 1 1 1 1 2061 1 1 0 1 1 1 1 1 1 1 1 1 1 1 1 1 1 1 1 1 2 1 1 0
query77 6.70 77% 0 97560 0 0 3 3 HYBRID 2080 21 1 1 1 1 1 1 1 1 1 1 1 1 1 1 1 1 1 2061 1 1 0 1 1 1 1 1 1 1 1 1 1 1 1 1 1 1 1 1 2 1 1 0
query78 5.97 73% 0 99976 0 0 5 5 HYBRID 1668 21 1 1 1 1 1 1 1 1 1 1 1 1 1649 1 1 1 1 1 1 1 0 1 1 1 1 1 1 1 1 1 1 1 1 2 1 1 1 1 1 1 1 0
query79 6.24 66% 0 99692 0 0 5 5 HYBRID 1668 21 1 1 1 1 1 1 1 1 1 1 1 1 1649 1 1 1 1 1 1 1 0 1 1 1 1 1 1 1 1 1 1 1 1 2 1 1 1 1 1 1 1 0
query80 5.44 71% 0 100708 0 0 5 5 HYBRID 1668 21 1 1 1 1 1 1 1 1 1 1 1 1 1649 1 1 1 1 1 1 1 0 1 1 1 1 1 1 1 1 1 1 1 1 2 1 1 1 1 1 1 1 0
query81 4.91 60% 0 98616 0 0 5 5 HYBRID 1668 21 1 1 1 1 1 1 1 1 1 1 1 1 1649 1 1 1 1 1 1 1 0 1 1 1 1 1 1 1 1 1 1 1 1 2 1 1 1 1 1 1 1 0
query82 6.89 73% 0 100120 0 0 5 5 HYBRID 1668 21 1 1 1 1 1 1 1 1 1 1 1 1 1649 1 1 1 1 1 1 1 0 1 1 1 1 1 1 1 1 1 1 1 1 2 1 1 1 1 1 1 1 0
query83 6.18 66% 0 98204 0 0 5 5 HYBRID 1668 21 1 1 1 1 1 1 1 1 1 1 1 1 1649 1 1 1 1 1 1 1 0 1 1 1 1 1 1 1 1 1 1 1 1 2 1 1 1 1 1 1 1 0
query84 3.99 85% 0 94464 0 0 5 5 HYBRID 1668 21 1 1 1 1 1 1 1 1 1 1 1 1 1649 1 1 1 1 1 1 1 0 1 1 1 1 1 1 1 1 1 1 1 1 2 1 1 1 1 1 1 1 0
query85 6.06 61% 0 100132 0 0 5 5 HYBRID 1668 21 1 1 1 1 1 1 1 1 1 1 1 1 1649 1 1 1 1 1 1 1 0 1 1 1 1 1 1 1 1 1 1 1 1 2 1 1 1 1 1 1 1 0
query86 6.00 62% 0 97580 0 0 5 5 HYBRID 1668 21 1 1 1 1 1 1 1 1 1 1 1 1 1649 1 1 1 1 1 1 1 0 1 1 1 1 1 1 1 1 1 1 1 1 2 1 1 1 1 1 1 1 0
query87 6.44 67% 0 98264 0 0 5 5 HYBRID 1668 21 1 1 1 1 1 1 1 1 1 1 1 1 1649 1 1 1 1 1 1 1 0 1 1 1 1 1 1 1 1 1 1 1 1 2 1 1 1 1 1 1 1 0
query88 4.49 63% 0 99684 0 0 5 5 HYBRID 1668 21 1 1 1 1 1 1 1 1 1 1 1 1 1649 1 1 1 1 1 1 1 0 1 1 1 1 1 1 1 1 1 1 1 1 2 1 1 1 1 1 1 1 0
query89 5.22 77% 0 95468 0 0 5 5 HYBRID 1668 21 1 1 1 1 1 1 1 1 1 1 1 1 1649 1 1 1 1 1 1 1 0 1 1 1 1 1 1 1 1 1 1 1 1 2 1 1 1 1 1 1 1 0
query90 6.75 76% 0 100420 0 0 3 3 HYBRID 2080 21 1 1 1 1 1 1 1 1 1 1 1 1 1 1 1 1 1 2061 1 1 0 1 1 1 1 1 1 1 1 1 1 1 1 1 1 1 1 1 2 1 1 0
query91 5.94 66% 0 98536 0 0 5 5 HYBRID 1668 21 1 1 1 1 1 1 1 1 1 1 1 1 1649 1 1 1 1 1 1 1 0 1 1 1 1 1 1 1 1 1 1 1 1 2 1 1 1 1 1 1 1 0
query92 6.11 79% 0 97060 0 0 3 3 HYBRID 2080 21 1 1 1 1 1 1 1 1 1 1 1 1 1 1 1 1 1 2061 1 1 0 1 1 1 1 1 1 1 1 1 1 1 1 1 1 1 1 1 2 1 1 0
query93 5.45 39% 0 74084 1.00 1.00 3 3 STAR 49 21 1 1 1 1 1 1 1 1 1 1 1 1 1 1 1 1 1 1 1 30 0 1 1 1 1 1 1 1 1 1 1 1 1 1 1 1 1 1 1 1 2 0
query94 6.34 61% 0 92832 0 0 5 5 HYBRID 1668 21 1 1 1 1 1 1 1 1 1 1 1 1 1649 1 1 1 1 1 1 1 0 1 1 1 1 1 1 1 1 1 1 1 1 2 1 1 1 1 1 1 1 0
query95 6.40 71% 0 99852 0 0 5 5 HYBRID 1668 21 1 1 1 1 1 1 1 1 1 1 1 1 1649 1 1 1 1 1 1 1 0 1 1 1 1 1 1 1 1 1 1 1 1 2 1 1 1 1 1 1 1 0
query96 6.15 64% 0 102120 0 0 3 3 HYBRID 2080 21 1 1 1 1 1 1 1 1 1 1 1 1 1 1 1 1 1 2061 1 1 0 1 1 1 1 1 1 1 1 1 1 1 1 1 1 1 1 1 2 1 1 0
query97 6.39 69% 0 100648 0 0 5 5 HYBRID 1668 21 1 1 1 1 1 1 1 1 1 1 1 1 1649 1 1 1 1 1 1 1 0 1 1 1 1 1 1 1 1 1 1 1 1 2 1 1 1 1 1 1 1 0
query98 6.51 69% 0 97960 0 0 5 5 HYBRID 1668 21 1 1 1 1 1 1 1 1 1 1 1 1 1649 1 1 1 1 1 1 1 0 1 1 1 1 1 1 1 1 1 1 1 1 2 1 1 1 1 1 1 1 0
query99 6.07 67% 0 98160 0 0 5 5 HYBRID 1668 21 1 1 1 1 1 1 1 1 1 1 1 1 1649 1 1 1 1 1 1 1 0 1 1 1 1 1 1 1 1 1 1 1 1 2 1 1 1 1 1 1 1 0
query100 5.46 70% 0 98076 0 0 5 5 HYBRID 1668 21 1 1 1 1 1 1 1 1 1 1 1 1 1649 1 1 1 1 1 1 1 0 1 1 1 1 1 1 1 1 1 1 1 1 2 1 1 1 1 1 1 1 0
