query1 20.14 13% 0 86316 1.00 1.00 5 5 HYBRID 63 43 1 1 1 1 1 1 1 1 1 1 1 1 1 1 1 1 8 1 1 1 1 1 1 1 1 1 7 1 7 15 0 1 1 1 1 1 1 1 1 1 1 1 1 1 1 1 1 7 1 1 1 1 1 1 1 1 1 4 1 4 2 0
query2 20.44 35% 0 148404 1.00 1.00 3 3 HYBRID 3818 173 1 1 1 1 1 1 1 1 1 1 1 1 1 1 1 1 1 1 1 1 1 1 1 1729 1 1 1 1 2061 1 0 1 1 1 1 1 1 1 1 1 1 1 1 1 1 1 1 1 1 1 1 1 1 1 143 1 1 1 1 2 1 0
query3 9.54 27% 0 121404 1.00 1.00 3 3 HYBRID 1167 115 1 1 1 1 1 1 1 1 1 1 1 1 1 1 1 1 529 1 1 1 24 1 1 1 1 1 1 1 1 587 0 1 1 1 1 1 1 1 1 1 1 1 1 1 1 1 1 2 1 1 1 45 1 1 1 1 1 1 1 1 41 0
query4 92.54 15% 0 292984 1.00 1.00 5 5 HYBRID 13814 1309 1 1 1 1 1 1 1 1 1 1 1 1 1 1 1 1 1 1 1 1 1 1 249 1 1 1 12281 1 1257 1 0 1 1 1 1 1 1 1 1 1 1 1 1 1 1 1 1 1 1 1 1 1 1 2 1 1 1 1258 1 22 1 0
query5 10.15 36% 0 95360 1.00 1.00 3 3 HYBRID 272 54 1 1 1 1 1 1 1 1 1 1 1 1 1 1 1 1 1 1 1 1 1 241 1 1 1 1 1 3 1 1 0 1 1 1 1 1 1 1 1 1 1 1 1 1 1 1 1 1 1 1 1 1 2 1 1 3 1 1 22 1 1 0
query6 5.93 24% 0 92752 1.00 1.00 5 5 HYBRID 65 55 1 1 1 1 1 1 1 1 1 1 1 1 1 1 1 1 1 1 1 1 6 1 22 10 1 1 1 1 1 1 0 1 1 1 1 1 1 1 1 1 1 1 1 1 1 1 1 1 1 1 1 2 1 4 22 1 1 1 1 1 1 0
query7 11.31 45% 0 109528 1.00 1.00 3 3 STAR 939 66 1 1 1 1 1 456 1 1 1 1 1 1 1 1 1 1 1 1 1 1 1 1 1 1 1 1 455 1 1 1 0 1 1 1 1 1 2 1 1 1 1 1 1 1 1 1 1 1 1 1 1 1 1 1 1 1 1 36 1 1 1 0
query8 17.89 20% 0 159320 1.00 1.00 3 3 HYBRID 3495 241 1 1 1 1 1 1 1 1 1 1 1 1 1 1 1 1 1 1 1 1 456 1 1 1 1 1 1501 1 1 1511 0 1 1 1 1 1 1 1 1 1 1 1 1 1 1 1 1 1 1 1 1 106 1 1 1 1 1 106 1 1 2 0
query9 15.43 23% 0 160060 1.00 1.00 6 6 HYBRID 3107 227 1 1 1 1 1 1 1 1 1 1 1 1 1 341 1 1 1 1 1 1 1 1 1 1 1726 1 1 341 673 1 0 1 1 1 1 1 1 1 1 1 1 1 1 1 50 1 1 1 1 1 1 1 1 1 1 2 1 1 28 121 1 0
query10 18.36 30% 0 123300 1.00 1.00 5 5 HYBRID 273 171 1 1 1 1 1 1 1 1 1 1 1 1 1 1 1 1 1 75 1 1 40 1 1 1 1 1 1 1 1 131 0 1 1 1 1 1 1 1 1 1 1 1 1 1 1 1 1 1 131 1 1 11 1 1 1 1 1 1 1 1 2 0
query11 7.66 34% 0 108880 1.00 1.00 2 2 STAR 1144 71 1 1 1 1 1 1 1 1 1 1 1 1 1 1 1 1 529 1 1 1 1 1 1 1 1 1 1 1 1 587 0 1 1 1 1 1 1 1 1 1 1 1 1 1 1 1 1 2 1 1 1 1 1 1 1 1 1 1 1 1 41 0
query12 6.96 37% 0 115756 1.00 1.00 5 5 HYBRID 957 104 1 1 1 1 1 1 1 1 1 1 1 1 1 1 299 1 1 1 1 1 1 1 21 299 1 1 312 1 1 1 0 1 1 1 1 1 1 1 1 1 1 1 1 1 1 26 1 1 1 1 1 1 1 25 25 1 1 2 1 1 1 0
query13 4.46 29% 0 82072 1.00 1.00 2 2 STAR 324 31 1 1 1 1 1 1 1 1 1 1 1 1 1 1 1 1 1 1 1 1 1 1 1 1 1 1 1 1 295 1 0 1 1 1 1 1 1 1 1 1 1 1 1 1 1 1 1 1 1 1 1 1 1 1 1 1 1 1 1 2 1 0
query14 301.98 6% 0 478184 1.00 1.00 7 7 HYBRID 64763 4502 1 1 1 1 1 1 1 1 1 1 1 1 665 1 1 1 1 1 1 1 1 1 1 210 1 1 1 1 63861 1 0 1 1 1 1 1 1 1 1 1 1 1 1 210 1 1 1 1 1 1 1 1 1 1 4263 1 1 1 1 2 1 0
query15 12.31 43% 0 118168 1.00 1.00 2 2 STAR 1745 82 1 1 1 1 1 1 1 1 1 1 1 1 1 1 1 1 1 1 1 1 1 1 1 1 1 1 1 1 700 1017 0 1 1 1 1 1 1 1 1 1 1 1 1 1 1 1 1 1 1 1 1 1 1 1 1 1 1 1 1 2 52 0
query16 38.46 74% 0 368768 1.00 1.00 3 3 STAR 1554371 374 1 1 1 1 5071 1 1 1 1 1 1 1 1 1 1 1 1 1 1 1 1 1 1 1 1549272 1 1 1 1 1 0 1 1 1 1 2 1 1 1 1 1 1 1 1 1 1 1 1 1 1 1 1 1 1 1 344 1 1 1 1 1 0
query17 10.17 48% 0 105404 1.00 1.00 5 5 STAR 617 75 1 1 1 1 1 1 64 1 1 251 1 1 1 1 1 1 1 1 1 1 1 1 1 1 1 1 1 1 1 275 0 1 1 1 1 1 1 24 1 1 2 1 1 1 1 1 1 1 1 1 1 1 1 1 1 1 1 1 1 1 22 0
query18 5.90 27% 0 95716 1.00 1.00 2 2 PATH 272 52 1 1 1 1 1 1 1 1 1 1 1 1 1 1 1 1 1 1 1 1 1 241 1 1 1 1 1 3 1 1 0 1 1 1 1 1 1 1 1 1 1 1 1 1 1 1 1 1 1 1 1 1 2 1 1 1 1 1 22 1 1 0
query19 8.18 37% 0 94724 1.00 1.00 4 4 STAR 194 51 1 1 1 1 1 1 1 81 1 1 1 1 1 1 1 1 1 1 1 1 1 6 1 1 1 1 1 1 1 80 0 1 1 1 1 1 1 1 2 1 1 1 1 1 1 1 1 1 1 1 1 1 11 1 1 1 1 1 1 1 11 0
query20 93.15 15% 0 351640 1.00 1.00 6 6 HYBRID 20571 1302 1 1 1 1 1 1 1 1 1 1 1 1 1 1 1542 1 1 1 1 1 1 1 1 1 1 1 1 1 19001 1 0 1 1 1 1 1 1 1 1 1 1 1 1 1 1 1272 1 1 1 1 1 1 1 1 1 1 1 1 1 2 1 0
query21 5.77 40% 0 83928 1.00 1.00 2 2 STAR 227 44 1 1 1 1 1 1 1 1 1 1 1 1 1 1 1 1 1 1 1 1 1 1 1 1 1 1 75 1 1 124 0 1 1 1 1 1 1 1 1 1 1 1 1 1 1 1 1 1 1 1 1 1 1 1 1 1 1 14 1 1 2 0
query22 8.87 28% 0 120664 1.00 1.00 2 2 PATH 1731 96 1 1 1 1 1 1 1 1 1 1 1 1 1 1 1 1 1 1 1 1 1 1 901 1 802 1 1 1 1 1 0 1 1 1 1 1 1 1 1 1 1 1 1 1 1 1 1 1 1 1 1 1 1 2 1 66 1 1 1 1 1 0
query23 4.36 27% 0 77384 1.00 1.00 2 2 STAR 103 31 1 1 1 1 1 1 1 1 1 1 1 1 1 1 1 1 1 1 1 1 1 1 1 1 1 1 1 1 1 74 0 1 1 1 1 1 1 1 1 1 1 1 1 1 1 1 1 1 1 1 1 1 1 1 1 1 1 1 1 1 2 0
query24 63.29 9% 0 267164 1.00 1.00 7 7 HYBRID 2290 948 1 1 1 1 1 1 1 1 1 901 1 1 1 1 1168 1 1 1 1 1 1 1 1 1 1 1 1 1 194 1 0 1 1 1 1 1 1 1 1 1 2 1 1 1 1 18 1 1 1 1 1 1 1 1 1 1 1 1 1 901 1 0
query25 8.58 50% 0 100108 1.00 1.00 2 2 PATH 1459 31 1 1 1 1430 1 1 1 1 1 1 1 1 1 1 1 1 1 1 1 1 1 1 1 1 1 1 1 1 1 1 0 1 1 1 2 1 1 1 1 1 1 1 1 1 1 1 1 1 1 1 1 1 1 1 1 1 1 1 1 1 1 0
query26 9.67 22% 0 104276 1.00 1.00 5 5 HYBRID 192 109 1 1 1 1 1 1 1 75 1 1 1 1 1 1 69 1 1 1 1 1 1 1 1 1 1 1 21 1 1 1 0 1 1 1 1 1 1 1 2 1 1 1 1 1 1 11 1 1 1 1 1 1 1 1 1 1 1 69 1 1 1 0
query27 41.16 13% 0 271020 1.00 1.00 4 4 HYBRID 13012 597 1 1 1 1 1 1 1 1 1 1 1 1 1 1 1 1 1 1 1 1 4636 1 1 1 1 1 1 1 7295 1054 0 1 1 1 1 1 1 1 1 1 1 1 1 1 1 1 1 1 1 1 1 492 1 1 1 1 1 1 1 76 2 0
query28 4.82 25% 0 79596 1.00 1.00 3 3 STAR 62 38 1 1 1 1 1 1 1 1 1 1 1 1 1 1 1 1 1 1 1 1 1 2 1 1 1 1 1 1 32 1 0 1 1 1 1 1 1 1 1 1 1 1 1 1 1 1 1 1 1 1 1 1 8 1 1 1 1 1 1 2 1 0
query29 21.61 37% 0 169784 1.00 1.00 5 5 HYBRID 3960 268 1 1 1 1 1 1 1 1 1 1 1 1 1 1 587 1 1 1 1 1 581 1 1 1 1 1 2635 1 1 131 0 1 1 1 1 1 1 1 1 1 1 1 1 1 1 14 1 1 1 1 1 181 1 1 1 1 1 45 1 1 2 0
query30 9.48 42% 0 102124 1.00 1.00 4 4 STAR 410 59 1 1 1 1 1 1 1 1 1 1 1 1 1 1 1 1 1 1 1 1 1 100 1 1 1 135 1 1 1 148 0 1 1 1 1 1 1 1 1 1 1 1 1 1 1 1 1 1 1 1 1 1 15 1 1 1 2 1 1 1 15 0
query31 335.06 8% 0 336772 1.00 1.00 6 6 HYBRID 949457 5101 1 1 1 1 5071 1 1 1 1 1 1 1 1 944358 1 1 1 1 1 1 1 1 1 1 1 1 1 1 1 1 0 1 1 1 1 2 1 1 1 1 1 1 1 1 5071 1 1 1 1 1 1 1 1 1 1 1 1 1 1 1 1 0
query32 11.54 28% 0 135696 1.00 1.00 2 2 PATH 3029 136 1 1 1 1 1 1 1 1 1 1 1 1 1 1 1 1 1 1 1 1 1 1 1 1 1 1 1500 1 1 1501 0 1 1 1 1 1 1 1 1 1 1 1 1 1 1 1 1 1 1 1 1 1 1 1 1 1 1 106 1 1 2 0
query33 4.53 32% 0 85848 1.00 1.00 2 2 PATH 537 31 1 1 1 1 1 1 1 1 1 1 1 1 1 1 1 1 508 1 1 1 1 1 1 1 1 1 1 1 1 1 0 1 1 1 1 1 1 1 1 1 1 1 1 1 1 1 1 2 1 1 1 1 1 1 1 1 1 1 1 1 1 0
query34 4.71 27% 0 81500 1.00 1.00 7 2 STAR 69 42 1 1 1 1 1 1 1 1 1 15 1 1 1 1 1 1 1 1 1 2 1 1 1 13 1 8 2 2 4 1 0 1 1 1 1 1 1 1 1 1 2 1 1 1 1 1 1 1 1 1 2 1 1 1 7 1 2 2 2 2 1 0
query35 5.06 29% 0 92220 1.00 1.00 3 3 STAR 149 47 1 1 1 1 1 1 1 1 1 1 1 1 1 1 1 1 1 1 1 1 1 34 26 1 1 1 62 1 1 1 0 1 1 1 1 1 1 1 1 1 1 1 1 1 1 1 1 1 1 1 1 1 10 8 1 1 1 2 1 1 1 0
query36 19.22 40% 0 148072 1.00 1.00 2 2 PATH 3818 173 1 1 1 1 1 1 1 1 1 1 1 1 1 1 1 1 1 1 1 1 1 1 1 1729 1 1 1 1 2061 1 0 1 1 1 1 1 1 1 1 1 1 1 1 1 1 1 1 1 1 1 1 1 1 1 143 1 1 1 1 2 1 0
query37 6.39 34% 0 108112 1.00 1.00 5 5 HYBRID 517 73 1 1 1 1 1 1 1 1 1 1 1 35 1 1 1 1 1 68 1 1 1 1 1 73 1 1 1 1 1 315 0 1 1 1 1 1 1 1 1 1 1 1 10 1 1 1 1 1 27 1 1 1 1 1 8 1 1 1 1 1 2 0
query38 33.67 11% 0 185240 1.00 1.00 6 6 HYBRID 992 505 1 1 1 1 1 1 1 1 1 1 1 1 1 1 1 199 1 1 1 199 1 1 1 1 1 1 1 1 444 124 0 1 1 1 1 1 1 1 1 1 1 1 1 1 1 1 444 1 1 1 19 1 1 1 1 1 1 1 1 14 2 0
query39 279.78 8% 0 331740 1.00 1.00 7 7 HYBRID 4472 4250 1 1 1 1 1 1 1 1 1 1 1 1 1 1 1430 1 1 1 1 1 1 167 1 1 1 1 2775 1 74 1 0 1 1 1 1 1 1 1 1 1 1 1 1 1 1 2 1 1 1 1 1 1 2775 1 1 1 1 1430 1 17 1 0
query40 12.82 27% 0 142608 1.00 1.00 4 4 HYBRID 1984 171 1 1 1 1 1 1 1 1 1 1 1 1 1 1 1 1 1 1 1 1 1 1 1 1 1 1 1501 1 5 451 0 1 1 1 1 1 1 1 1 1 1 1 1 1 1 1 1 1 1 1 1 1 1 1 1 1 1 2 1 36 106 0
query41 5.58 27% 0 77396 1.00 1.00 3 3 STAR 72 31 1 1 1 1 1 1 1 1 1 1 1 1 1 1 1 1 1 1 1 1 1 1 1 1 1 1 1 1 43 1 0 1 1 1 1 1 1 1 1 1 1 1 1 1 1 1 1 1 1 1 1 1 1 1 1 1 1 1 1 2 1 0
query42 266.25 10% 0 419612 1.00 1.00 7 7 HYBRID 44335 3816 1 1 1 891 1 1 1 1 1 1 1 1 1 1 1 1 1 1 1 1 1 1 1 54 1 1 1 1 43363 1 0 1 1 1 2 1 1 1 1 1 1 1 1 1 1 1 1 1 1 1 1 1 1 1 2896 1 1 1 1 891 1 0
query44 7.33 37% 0 109884 1.00 1.00 3 3 HYBRID 885 64 1 1 1 1 1 1 1 1 1 1 1 1 429 1 1 1 1 1 1 1 1 428 1 1 1 1 1 1 1 1 0 1 1 1 1 1 1 1 1 1 1 1 1 2 1 1 1 1 1 1 1 1 34 1 1 1 1 1 1 1 1 0
query45 11.20 45% 0 108664 1.00 1.00 3 3 HYBRID 605 77 1 1 1 1 1 1 1 1 1 1 1 1 1 1 1 1 529 1 1 1 21 1 28 1 1 1 1 1 1 1 0 1 1 1 1 1 1 1 1 1 1 1 1 1 1 1 1 2 1 1 1 41 1 7 1 1 1 1 1 1 1 0
query46 8.46 27% 0 102092 1.00 1.00 7 7 HYBRID 138 86 1 1 1 1 1 1 1 1 1 1 1 1 1 1 1 1 1 1 1 1 15 48 1 1 1 1 48 1 1 1 0 1 1 1 1 1 1 1 1 1 1 1 1 1 1 1 1 1 1 1 1 9 2 1 1 1 1 48 1 1 1 0
query47 5.20 56% 0 101640 1.00 1.00 3 3 HYBRID 2090 31 1 1 1 1 1 1 1 1 1 1 1 1 1 1 1 1 1 1 1 1 1 1 1 1 1 1 1 1 2061 1 0 1 1 1 1 1 1 1 1 1 1 1 1 1 1 1 1 1 1 1 1 1 1 1 1 1 1 1 1 2 1 0
query48 4.73 54% 0 98236 1.00 1.00 2 2 STAR 2090 31 1 1 1 1 1 1 1 1 1 1 1 1 1 1 1 1 1 1 1 1 1 1 1 1 1 1 1 1 2061 1 0 1 1 1 1 1 1 1 1 1 1 1 1 1 1 1 1 1 1 1 1 1 1 1 1 1 1 1 1 2 1 0
query49 12.05 29% 0 137104 1.00 1.00 4 4 HYBRID 3030 136 1 1 1 1 1 1 1 1 1 1 1 1 1 1 1 1 1 1 1 1 1 1501 1 1 1 1 1501 1 1 1 0 1 1 1 1 1 1 1 1 1 1 1 1 1 1 1 1 1 1 1 1 1 2 1 1 1 1 106 1 1 1 0
query50 195.30 7% 0 381092 1.00 1.00 7 7 HYBRID 34781 2717 1 1 1 1 1 456 1 1 1 1 1 1 1 1 977 1 1 1 1 1 1 1 1 1 1 1 106 1 33216 1 0 1 1 1 1 1 2 1 1 1 1 1 1 1 1 13 1 1 1 1 1 1 1 1 1 1 1 2220 1 456 1 0
query51 7.95 37% 0 84524 1.00 1.00 2 2 STAR 473 31 1 1 1 1 1 1 1 1 1 1 1 1 444 1 1 1 1 1 1 1 1 1 1 1 1 1 1 1 1 1 0 1 1 1 1 1 1 1 1 1 1 1 1 2 1 1 1 1 1 1 1 1 1 1 1 1 1 1 1 1 1 0
query52 11.82 28% 0 134416 1.00 1.00 2 2 PATH 2132 136 1 1 1 1 1 1 1 1 1 1 1 1 1 1 1 1 1 1 1 1 1 1 1 593 1 1 1 1 1 1511 0 1 1 1 1 1 1 1 1 1 1 1 1 1 1 1 1 1 1 1 1 1 1 1 106 1 1 1 1 1 2 0
query53 9.58 39% 0 97724 1.00 1.00 4 4 STAR 248 54 1 1 1 1 1 1 1 1 1 1 1 1 1 1 1 1 1 1 1 1 1 8 1 1 1 201 12 1 1 1 0 1 1 1 1 1 1 1 1 1 1 1 1 1 1 1 1 1 1 1 1 1 6 1 1 1 2 19 1 1 1 0
query54 63.23 9% 0 269852 1.00 1.00 6 6 HYBRID 1578 957 1 1 1 1 1 901 1 1 1 1 1 1 1 1 1 1 1 1 1 1 1 1 1 325 1 1 1 325 1 1 0 1 1 1 1 1 2 1 1 1 1 1 1 1 1 1 1 1 1 1 1 1 1 1 901 1 1 1 27 1 1 0
query55 9.11 38% 0 100536 1.00 1.00 4 4 HYBRID 387 59 1 1 1 1 1 1 1 1 1 1 1 1 1 1 38 1 1 1 1 1 1 1 249 73 1 1 1 1 1 1 0 1 1 1 1 1 1 1 1 1 1 1 1 1 1 22 1 1 1 1 1 1 1 2 8 1 1 1 1 1 1 0
query56 14.63 38% 0 142864 1.00 1.00 3 3 STAR 3739 161 1 1 1 1 1 1 1 1 1 1 1 1 1 1 1 1 1 1 1 1 1 1 1 1 1910 1 901 901 1 1 0 1 1 1 1 1 1 1 1 1 1 1 1 1 1 1 1 1 1 1 1 1 1 1 1 66 1 2 66 1 1 0
query57 10.14 28% 0 122104 1.00 1.00 3 3 HYBRID 1109 106 1 1 1 1 1 1 1 1 1 1 1 1 1 1 1 1 1 1 1 1 1 27 1 1 1 1 1 1 1 1054 0 1 1 1 1 1 1 1 1 1 1 1 1 1 1 1 1 1 1 1 1 1 76 1 1 1 1 1 1 1 2 0
query58 73.39 16% 0 268172 1.00 1.00 6 6 HYBRID 1013 1007 1 1 1 1 1 1 1 1 1 901 1 1 1 1 1 1 1 1 1 1 1 1 1 1 1 1 1 1 77 8 0 1 1 1 1 1 1 1 1 1 2 1 1 1 1 1 1 1 1 1 1 1 1 1 1 1 1 1 1 901 77 0
query59 43.94 93% 0 340104 1.00 1.00 3 3 STAR 1554005 374 1 1 1 1 5071 1 1 1 1 1 1 1 1 1 1 1 1 1 1 1 1 1 1 1 1548906 1 1 1 1 1 0 1 1 1 1 2 1 1 1 1 1 1 1 1 1 1 1 1 1 1 1 1 1 1 1 344 1 1 1 1 1 0
query60 12.18 46% 0 108284 1.00 1.00 3 3 HYBRID 905 97 1 1 1 1 1 1 1 1 1 1 1 1 429 1 1 1 1 1 1 1 1 428 1 1 1 21 1 1 1 1 0 1 1 1 1 1 1 1 1 1 1 1 1 2 1 1 1 1 1 1 1 1 34 1 1 1 34 1 1 1 1 0
query61 5.22 26% 0 83884 1.00 1.00 3 3 STAR 163 44 1 1 1 1 1 1 1 1 1 1 1 1 1 1 1 1 1 1 1 1 1 4 1 1 1 1 1 1 1 131 0 1 1 1 1 1 1 1 1 1 1 1 1 1 1 1 1 1 1 1 1 1 14 1 1 1 1 1 1 1 2 0
query62 4.33 28% 0 78224 1.00 1.00 2 2 STAR 160 31 1 1 1 1 1 1 1 1 1 1 1 1 1 1 1 1 1 1 1 1 1 1 1 1 1 1 1 1 1 131 0 1 1 1 1 1 1 1 1 1 1 1 1 1 1 1 1 1 1 1 1 1 1 1 1 1 1 1 1 1 2 0
query63 8.00 30% 0 78216 1.00 1.00 2 2 STAR 103 31 1 1 1 1 1 1 1 1 1 1 1 1 1 1 1 1 1 1 1 1 1 1 1 1 1 1 1 1 74 1 0 1 1 1 1 1 1 1 1 1 1 1 1 1 1 1 1 1 1 1 1 1 1 1 1 1 1 1 1 2 1 0
query64 9.18 32% 0 110268 1.00 1.00 7 7 HYBRID 600 83 1 1 1 1 11 1 1 1 1 1 1 1 1 1 1 1 1 1 1 1 1 1 1 4 1 1 1 1 558 1 0 1 1 1 1 2 1 1 1 1 1 1 1 1 1 1 1 1 1 1 1 1 1 1 43 1 1 1 1 11 1 0
query65 8.42 28% 0 77872 1.00 1.00 2 2 PATH 82 37 1 1 1 1 1 1 1 1 1 1 1 1 1 1 1 1 1 1 1 27 1 1 1 27 1 1 1 1 1 1 0 1 1 1 1 1 1 1 1 1 1 1 1 1 1 1 1 1 1 1 7 1 1 1 2 1 1 1 1 1 1 0
query66 1800.00 0% 0 1432 0.00 1.00 7 7 HYBRID 227070 28464 1 1 1 1 1 1 1 1 1 1 1 227041 1 1 1 1 1 1 1 1 1 1 1 1 1 1 1 1 1 1 0 1 1 1 28434 1 1 1 1 1 1 1 2 1 1 1 1 1 1 1 1 1 1 1 1 1 1 1 1 1 1 0
query67 1800.00 0% 0 1432 1.00 0.00 4 4 HYBRID 1957613 27263 1 1 1 1 5071 1 1 1 1 1 1 1 1 1 1 1 1 1 1 1 1 1 403243 1 1549272 1 1 1 1 1 0 1 1 1 1 2 1 1 1 1 1 1 1 1 1 1 1 1 1 1 1 1 1 26890 1 344 1 1 1 1 1 0
query68 7.56 28% 0 107912 1.00 1.00 3 3 HYBRID 668 83 1 1 1 1 1 1 1 1 1 1 1 1 1 1 1 1 529 1 1 1 1 1 1 4 1 108 1 1 1 1 0 1 1 1 1 1 1 1 1 1 1 1 1 1 1 1 1 2 1 1 1 1 1 1 13 1 41 1 1 1 1 0
query69 1800.00 0% 0 1432 0.00 1.00 7 7 HYBRID 1234593 1203 1 1 1 1 1 1 1 1 1 1 1 1 1 1 1 1 1 1 1 1 1 1 1 1501 1 1 1 1 1 1233064 0 1 1 1 1 1 1 1 1 1 1 1 1 1 1 1 1 1 1 1 1 1 1 1 2 1 1 1 1 1 1173 0
query70 16.13 39% 0 128416 1.00 1.00 2 2 PATH 2132 136 1 1 1 1 1 1 1 1 1 1 1 1 1 1 1 1 1 1 1 1 1 1 1 593 1 1 1 1 1 1511 0 1 1 1 1 1 1 1 1 1 1 1 1 1 1 1 1 1 1 1 1 1 1 1 106 1 1 1 1 1 2 0
query71 19.03 39% 0 144576 1.00 1.00 3 3 HYBRID 3818 173 1 1 1 1 1 1 1 1 1 1 1 1 1 1 1 1 1 1 1 1 1 1 1 1729 1 1 1 1 2061 1 0 1 1 1 1 1 1 1 1 1 1 1 1 1 1 1 1 1 1 1 1 1 1 1 143 1 1 1 1 2 1 0
query73 5.66 32% 0 93492 1.00 1.00 3 3 STAR 302 49 1 201 1 1 1 1 1 1 1 1 1 1 73 1 1 1 1 1 1 1 1 1 1 1 1 1 1 1 1 1 0 1 2 1 1 1 1 1 1 1 1 1 1 19 1 1 1 1 1 1 1 1 1 1 1 1 1 1 1 1 1 0
query74 15.89 44% 0 163160 1.00 1.00 7 7 HYBRID 3244 243 1 1 1 1 1 1 1 1 1 1 1 1 1 1 1 1 1 1 1 1 247 1 1 1 1 846 846 1 1 1279 0 1 1 1 1 1 1 1 1 1 1 1 1 1 1 1 1 1 1 1 1 62 1 1 1 1 91 62 1 1 2 0
query75 12.11 26% 0 139996 1.00 1.00 5 5 HYBRID 1900 163 1 1 1 1430 1 1 1 1 1 1 1 1 1 1 1 1 1 1 1 1 1 1 28 1 1 1 415 1 1 1 0 1 1 1 2 1 1 1 1 1 1 1 1 1 1 1 1 1 1 1 1 1 1 33 1 1 1 101 1 1 1 0
query76 12.01 47% 0 116872 1.00 1.00 2 2 STAR 1487 96 1 1 1 1 1 1 1 1 1 1 1 1 1 1 1 1 1 1 1 1 1 545 1 1 1 1 914 1 1 1 0 1 1 1 1 1 1 1 1 1 1 1 1 1 1 1 1 1 1 1 1 1 66 1 1 1 1 2 1 1 1 0
query77 14.58 40% 0 118852 1.00 1.00 3 3 HYBRID 2020 102 1 1 1 1 1 1 1 1 1 1 996 1 1 1 996 1 1 1 1 1 1 1 1 1 1 1 1 1 1 1 0 1 1 1 1 1 1 1 1 1 1 72 1 1 1 2 1 1 1 1 1 1 1 1 1 1 1 1 1 1 1 0
query78 13.35 39% 0 131972 1.00 1.00 3 3 STAR 1612 143 1 1 1 1 1 1 1 1 1 1 1 1 1 1 1 1 1 1 1 1 1 31 1 1 1 43 1 1 1 1511 0 1 1 1 1 1 1 1 1 1 1 1 1 1 1 1 1 1 1 1 1 1 8 1 1 1 106 1 1 1 2 0
query81 6.50 35% 0 93772 1.00 1.00 2 2 PATH 1316 39 1 1 1 1 1 1 1 1 1 1 1 1 1 1 1 1 1 1 1 51 1 1 1237 1 1 1 1 1 1 1 0 1 1 1 1 1 1 1 1 1 1 1 1 1 1 1 1 1 1 1 2 1 1 9 1 1 1 1 1 1 1 0
query82 16.67 40% 0 131956 1.00 1.00 2 2 STAR 1766 136 1 1 1 1 1 1 1 1 1 1 1 1 1 1 1 1 1 1 1 1 1 1 1 1 1 227 1 1 1 1511 0 1 1 1 1 1 1 1 1 1 1 1 1 1 1 1 1 1 1 1 1 1 1 1 1 1 106 1 1 1 2 0
query83 4.34 28% 0 77776 1.00 1.00 2 2 PATH 167 31 1 1 1 1 1 1 1 1 1 1 1 1 1 1 1 1 1 1 1 1 138 1 1 1 1 1 1 1 1 1 0 1 1 1 1 1 1 1 1 1 1 1 1 1 1 1 1 1 1 1 1 2 1 1 1 1 1 1 1 1 1 0
query84 17.10 40% 0 145752 1.00 1.00 3 3 STAR 2100 173 1 1 1 1 1 1 1 1 1 1 1 1 1 1 1 1 1 1 1 1 1 1 1 11 1 1 1 1 2061 1 0 1 1 1 1 1 1 1 1 1 1 1 1 1 1 1 1 1 1 1 1 1 1 1 143 1 1 1 1 2 1 0
query85 5.97 29% 0 97756 1.00 1.00 3 3 STAR 380 51 1 1 1 1 1 1 1 1 1 1 1 226 1 1 1 1 1 1 1 1 1 126 1 1 1 1 1 1 1 1 0 1 1 1 1 1 1 1 1 1 1 1 2 1 1 1 1 1 1 1 1 1 21 1 1 1 1 1 1 1 1 0
query86 15.77 39% 0 133224 1.00 1.00 2 2 STAR 4711 131 1 1 1 1 1 1 1 1 1 1 1 1 1 1 1430 1 1 1 1 1 1 1 1 3253 1 1 1 1 1 1 0 1 1 1 1 1 1 1 1 1 1 1 1 1 1 2 1 1 1 1 1 1 1 1 101 1 1 1 1 1 1 0
query87 7.96 72% 0 145636 1.00 1.00 9 4 HYBRID 712 235 1 1 1 1 1 1 1 1 1 57 1 1 1 1 1 1 1 1 1 141 1 1 1 1 1 40 2 1 42 406 0 1 1 1 1 1 1 1 1 1 32 1 1 1 1 1 1 1 1 1 46 1 1 1 1 1 33 33 33 33 2 0
query88 11.27 43% 0 112576 1.00 1.00 3 3 STAR 1300 78 1 1 1 1 1 1 1 1 1 1 1 1 1 1 1 1 1 1 1 1 1 1 1 1 636 1 1 1 636 1 0 1 1 1 1 1 1 1 1 1 1 1 1 1 1 1 1 1 1 1 1 1 1 1 1 2 1 1 1 48 1 0
query89 6.27 55% 0 95996 1.00 1.00 4 4 HYBRID 265 55 1 1 1 118 1 1 1 1 1 1 1 1 1 1 1 1 1 1 1 1 1 1 1 2 1 1 1 1 118 1 0 1 1 1 2 1 1 1 1 1 1 1 1 1 1 1 1 1 1 1 1 1 1 1 13 1 1 1 1 13 1 0
query90 17.30 30% 0 113492 1.00 1.00 4 4 HYBRID 257 161 1 1 1 1 1 1 1 1 1 98 1 1 1 1 1 1 1 1 1 1 1 1 1 1 1 1 1 1 1 131 0 1 1 1 1 1 1 1 1 1 131 1 1 1 1 1 1 1 1 1 1 1 1 1 1 1 1 1 1 1 2 0
query91 7.10 31% 0 111156 1.00 1.00 2 2 STAR 1184 71 1 1 1 1 1 1 1 1 1 1 1 1 1 1 1 1 529 1 1 1 1 1 1 1 1 1 1 1 1 627 0 1 1 1 1 1 1 1 1 1 1 1 1 1 1 1 1 2 1 1 1 1 1 1 1 1 1 1 1 1 41 0
query92 9.04 32% 0 84680 1.00 1.00 2 2 STAR 157 44 1 1 1 1 1 1 1 1 1 1 1 1 1 1 1 1 1 1 1 1 1 1 1 1 1 1 5 1 1 124 0 1 1 1 1 1 1 1 1 1 1 1 1 1 1 1 1 1 1 1 1 1 1 1 1 1 1 14 1 1 2 0
query93 21.48 19% 0 173096 1.00 1.00 3 3 HYBRID 6396 248 1 1 1 1 1 1 1 1 1 1 1 1 1 1 1 1 1 1 1 3184 1 1 3184 1 1 1 1 1 1 1 0 1 1 1 1 1 1 1 1 1 1 1 1 1 1 1 1 1 1 1 218 1 1 2 1 1 1 1 1 1 1 0
query94 8.50 57% 0 102480 1.00 1.00 2 2 STAR 2090 31 1 1 1 1 1 1 1 1 1 1 1 1 1 1 1 1 1 1 1 1 1 1 1 1 1 1 1 1 2061 1 0 1 1 1 1 1 1 1 1 1 1 1 1 1 1 1 1 1 1 1 1 1 1 1 1 1 1 1 1 2 1 0
query95 4.39 31% 0 83328 1.00 1.00 4 4 HYBRID 270 31 1 1 1 1 1 1 1 1 1 1 1 1 1 1 1 1 1 1 1 1 1 1 1 1 1 1 1 1 241 1 0 1 1 1 1 1 1 1 1 1 1 1 1 1 1 1 1 1 1 1 1 1 1 1 1 1 1 1 1 2 1 0
query96 11.92 31% 0 98200 1.00 1.00 4 4 HYBRID 88 87 1 1 1 1 1 1 1 1 1 1 1 1 1 1 1 1 1 1 3 1 1 1 1 1 1 1 57 1 1 1 0 1 1 1 1 1 1 1 1 1 1 1 1 1 1 1 1 1 1 57 1 1 1 1 1 1 1 2 1 1 1 0
query97 9.74 40% 0 98588 1.00 1.00 3 3 STAR 384 59 1 1 1 1 1 1 1 1 1 1 1 1 1 1 1 1 1 1 1 1 1 1 1 74 1 1 251 1 32 1 0 1 1 1 1 1 1 1 1 1 1 1 1 1 1 1 1 1 1 1 1 1 1 1 8 1 1 2 1 22 1 0
query98 15.45 44% 0 136120 1.00 1.00 4 4 HYBRID 2729 161 1 1 1 1 1 1 1 1 1 1 1 1 1 1 1 1 1 1 1 1 1 1 901 1 1 1 901 1 1 900 0 1 1 1 1 1 1 1 1 1 1 1 1 1 1 1 1 1 1 1 1 1 1 2 1 1 1 66 1 1 66 0
query99 1118.37 3% 0 370480 1.00 1.00 6 6 HYBRID 21231 17551 1 1 1 17521 1 1 1 1 1 1 1 1 1 1 3682 1 1 1 1 1 1 1 1 1 1 1 1 1 1 1 0 1 1 1 2 1 1 1 1 1 1 1 1 1 1 17521 1 1 1 1 1 1 1 1 1 1 1 1 1 1 1 0
query100 68.37 8% 0 274180 1.00 1.00 6 6 HYBRID 1082 1031 1 1 1 1 1 1 1 1 1 354 1 1 1 1 1 1 1 1 1 1 1 1 1 1 648 1 1 1 53 1 0 1 1 1 1 1 1 1 1 1 2 1 1 1 1 1 1 1 1 1 1 1 1 1 1 354 1 1 1 648 1 0
