query1 25.24 27% 0 143880 1.00 1.00 3 3 HYBRID 3808 163 1 1 1 1 1 1 1 1 1729 1 1 1 1 1 1 1 1 2061 1 1 0 1 1 1 1 1 1 1 1 143 1 1 1 1 1 1 1 1 2 1 1 0
query3 3.34 45% 0 84752 1.00 1.00 3 3 STAR 475 21 1 1 1 1 1 1 1 1 1 1 1 1 1 456 1 1 1 1 1 1 0 1 1 1 1 1 1 1 1 1 1 1 1 1 2 1 1 1 1 1 1 0
query4 3.37 45% 0 85740 1.00 1.00 3 3 STAR 475 21 1 1 1 1 1 1 1 1 1 1 1 1 1 456 1 1 1 1 1 1 0 1 1 1 1 1 1 1 1 1 1 1 1 1 2 1 1 1 1 1 1 0
query6 3.41 46% 0 84032 1.00 1.00 3 3 STAR 475 21 1 1 1 1 1 1 1 1 1 1 1 1 1 456 1 1 1 1 1 1 0 1 1 1 1 1 1 1 1 1 1 1 1 1 2 1 1 1 1 1 1 0
query7 3.76 32% 0 76836 1.00 1.00 3 3 HYBRID 62 27 1 1 1 1 1 1 1 21 1 1 1 1 1 1 1 1 1 23 1 1 0 1 1 1 1 1 1 1 2 1 1 1 1 1 1 1 1 1 7 1 1 0
query8 3.49 32% 0 77436 1.00 1.00 3 3 HYBRID 62 27 1 1 1 1 1 1 1 21 1 1 1 1 1 1 1 1 1 23 1 1 0 1 1 1 1 1 1 1 2 1 1 1 1 1 1 1 1 1 7 1 1 0
query9 3.64 33% 0 76804 1.00 1.00 3 3 HYBRID 62 27 1 1 1 1 1 1 1 21 1 1 1 1 1 1 1 1 1 23 1 1 0 1 1 1 1 1 1 1 2 1 1 1 1 1 1 1 1 1 7 1 1 0
query10 3.63 33% 0 78124 1.00 1.00 8 2 STAR 81 34 1 1 1 1 1 1 1 9 21 1 1 1 1 14 8 9 2 1 4 2 0 1 1 1 1 1 1 1 2 8 1 1 1 1 2 2 2 2 1 2 2 0
query11 3.68 33% 0 77548 1.00 1.00 3 3 HYBRID 62 27 1 1 1 1 1 1 1 21 1 1 1 1 1 1 1 1 1 23 1 1 0 1 1 1 1 1 1 1 2 1 1 1 1 1 1 1 1 1 7 1 1 0
query12 13.09 25% 0 140660 1.00 1.00 3 3 HYBRID 3808 163 1 1 1 1 1 1 1 1 1729 1 1 1 1 1 1 1 1 2061 1 1 0 1 1 1 1 1 1 1 1 143 1 1 1 1 1 1 1 1 2 1 1 0
query13 3.43 45% 0 84340 1.00 1.00 2 2 PATH 612 21 1 1 1 1 593 1 1 1 1 1 1 1 1 1 1 1 1 1 1 1 0 1 1 1 1 2 1 1 1 1 1 1 1 1 1 1 1 1 1 1 1 0
query14 13.19 26% 0 142408 1.00 1.00 3 3 HYBRID 3808 163 1 1 1 1 1 1 1 1 1729 1 1 1 1 1 1 1 1 2061 1 1 0 1 1 1 1 1 1 1 1 143 1 1 1 1 1 1 1 1 2 1 1 0
query15 3.31 43% 0 83612 1.00 1.00 2 2 STAR 482 21 1 1 1 1 1 1 1 463 1 1 1 1 1 1 1 1 1 1 1 1 0 1 1 1 1 1 1 1 2 1 1 1 1 1 1 1 1 1 1 1 1 0
query16 3.29 43% 0 82888 1.00 1.00 2 2 PATH 464 21 1 1 1 1 1 1 1 1 445 1 1 1 1 1 1 1 1 1 1 1 0 1 1 1 1 1 1 1 1 2 1 1 1 1 1 1 1 1 1 1 1 0
query17 3.36 43% 0 82408 1.00 1.00 2 2 STAR 482 21 1 1 1 1 1 1 1 463 1 1 1 1 1 1 1 1 1 1 1 1 0 1 1 1 1 1 1 1 2 1 1 1 1 1 1 1 1 1 1 1 1 0
query18 13.25 27% 0 145716 1.00 1.00 3 3 HYBRID 3808 163 1 1 1 1 1 1 1 1 1729 1 1 1 1 1 1 1 1 2061 1 1 0 1 1 1 1 1 1 1 1 143 1 1 1 1 1 1 1 1 2 1 1 0
query19 3.35 42% 0 83176 1.00 1.00 2 2 PATH 464 21 1 1 1 1 1 1 1 1 445 1 1 1 1 1 1 1 1 1 1 1 0 1 1 1 1 1 1 1 1 2 1 1 1 1 1 1 1 1 1 1 1 0
query20 3.20 36% 0 74836 1.00 1.00 2 2 STAR 138 21 1 1 1 1 1 1 1 119 1 1 1 1 1 1 1 1 1 1 1 1 0 1 1 1 1 1 1 1 2 1 1 1 1 1 1 1 1 1 1 1 1 0
query21 13.02 26% 0 140080 1.00 1.00 3 3 HYBRID 3808 163 1 1 1 1 1 1 1 1 1729 1 1 1 1 1 1 1 1 2061 1 1 0 1 1 1 1 1 1 1 1 143 1 1 1 1 1 1 1 1 2 1 1 0
query22 13.20 28% 0 142156 1.00 1.00 3 3 HYBRID 3808 163 1 1 1 1 1 1 1 1 1729 1 1 1 1 1 1 1 1 2061 1 1 0 1 1 1 1 1 1 1 1 143 1 1 1 1 1 1 1 1 2 1 1 0
query23 3.30 45% 0 84216 1.00 1.00 2 2 PATH 612 21 1 1 1 1 593 1 1 1 1 1 1 1 1 1 1 1 1 1 1 1 0 1 1 1 1 2 1 1 1 1 1 1 1 1 1 1 1 1 1 1 1 0
query24 4.49 33% 0 83648 1.00 1.00 4 4 HYBRID 223 46 1 1 1 1 1 1 1 1 1 124 1 1 75 5 1 1 1 1 1 3 0 1 1 1 1 1 1 1 1 1 2 1 1 14 3 1 1 1 1 1 11 0
query25 4.38 32% 0 84212 1.00 1.00 4 4 HYBRID 223 46 1 1 1 1 1 1 1 1 1 124 1 1 75 5 1 1 1 1 1 3 0 1 1 1 1 1 1 1 1 1 2 1 1 14 3 1 1 1 1 1 11 0
query26 4.50 34% 0 84220 1.00 1.00 4 4 HYBRID 223 46 1 1 1 1 1 1 1 1 1 124 1 1 75 5 1 1 1 1 1 3 0 1 1 1 1 1 1 1 1 1 2 1 1 14 3 1 1 1 1 1 11 0
query27 13.13 28% 0 141512 1.00 1.00 3 3 HYBRID 3808 163 1 1 1 1 1 1 1 1 1729 1 1 1 1 1 1 1 1 2061 1 1 0 1 1 1 1 1 1 1 1 143 1 1 1 1 1 1 1 1 2 1 1 0
query28 5.89 38% 0 100460 1.00 1.00 3 3 HYBRID 929 56 1 1 1 1 1 1 1 1 1 1 1 1 1 456 1 1 1 455 1 1 0 1 1 1 1 1 1 1 1 1 1 1 1 1 2 1 1 1 36 1 1 0
query29 5.82 39% 0 105168 1.00 1.00 3 3 HYBRID 929 56 1 1 1 1 1 1 1 1 1 1 1 1 1 456 1 1 1 455 1 1 0 1 1 1 1 1 1 1 1 1 1 1 1 1 2 1 1 1 36 1 1 0
query30 5.95 39% 0 99920 1.00 1.00 3 3 HYBRID 929 56 1 1 1 1 1 1 1 1 1 1 1 1 1 456 1 1 1 455 1 1 0 1 1 1 1 1 1 1 1 1 1 1 1 1 2 1 1 1 36 1 1 0
query31 4.04 31% 0 79196 1.00 1.00 2 2 STAR 217 34 1 1 1 1 1 1 1 1 1 124 1 1 75 1 1 1 1 1 1 1 0 1 1 1 1 1 1 1 1 1 2 1 1 14 1 1 1 1 1 1 1 0
query32 4.01 31% 0 78912 1.00 1.00 2 2 STAR 217 34 1 1 1 1 1 1 1 1 1 124 1 1 75 1 1 1 1 1 1 1 0 1 1 1 1 1 1 1 1 1 2 1 1 14 1 1 1 1 1 1 1 0
query33 3.34 46% 0 82700 1.00 1.00 2 2 PATH 612 21 1 1 1 1 593 1 1 1 1 1 1 1 1 1 1 1 1 1 1 1 0 1 1 1 1 2 1 1 1 1 1 1 1 1 1 1 1 1 1 1 1 0
query34 4.79 37% 0 91904 1.00 1.00 4 4 STAR 238 44 1 1 1 1 1 1 1 1 1 1 1 1 201 1 1 1 1 1 12 8 0 1 1 1 1 1 1 1 1 1 1 1 1 2 1 1 1 1 1 19 6 0
query35 4.01 31% 0 77936 1.00 1.00 2 2 STAR 217 34 1 1 1 1 1 1 1 1 1 124 1 1 75 1 1 1 1 1 1 1 0 1 1 1 1 1 1 1 1 1 2 1 1 14 1 1 1 1 1 1 1 0
query36 4.00 30% 0 77892 1.00 1.00 2 2 STAR 217 34 1 1 1 1 1 1 1 1 1 124 1 1 75 1 1 1 1 1 1 1 0 1 1 1 1 1 1 1 1 1 2 1 1 14 1 1 1 1 1 1 1 0
query37 4.00 31% 0 78876 1.00 1.00 2 2 STAR 217 34 1 1 1 1 1 1 1 1 1 124 1 1 75 1 1 1 1 1 1 1 0 1 1 1 1 1 1 1 1 1 2 1 1 14 1 1 1 1 1 1 1 0
query38 4.09 31% 0 78944 1.00 1.00 2 2 STAR 217 34 1 1 1 1 1 1 1 1 1 124 1 1 75 1 1 1 1 1 1 1 0 1 1 1 1 1 1 1 1 1 2 1 1 14 1 1 1 1 1 1 1 0
query39 4.17 32% 0 79380 1.00 1.00 2 2 STAR 217 34 1 1 1 1 1 1 1 1 1 124 1 1 75 1 1 1 1 1 1 1 0 1 1 1 1 1 1 1 1 1 2 1 1 14 1 1 1 1 1 1 1 0
query40 4.09 31% 0 78800 1.00 1.00 2 2 STAR 217 34 1 1 1 1 1 1 1 1 1 124 1 1 75 1 1 1 1 1 1 1 0 1 1 1 1 1 1 1 1 1 2 1 1 14 1 1 1 1 1 1 1 0
query42 4.09 31% 0 78752 0 0 2 2 STAR 217 34 1 1 1 1 1 1 1 1 1 124 1 1 75 1 1 1 1 1 1 1 0 1 1 1 1 1 1 1 1 1 2 1 1 14 1 1 1 1 1 1 1 0
query43 3.31 46% 0 83524 0 0 2 2 PATH 612 21 1 1 1 1 593 1 1 1 1 1 1 1 1 1 1 1 1 1 1 1 0 1 1 1 1 2 1 1 1 1 1 1 1 1 1 1 1 1 1 1 1 0
query44 4.08 31% 0 78868 0 0 2 2 STAR 217 34 1 1 1 1 1 1 1 1 1 124 1 1 75 1 1 1 1 1 1 1 0 1 1 1 1 1 1 1 1 1 2 1 1 14 1 1 1 1 1 1 1 0
query45 4.07 31% 0 77892 1.00 1.00 2 2 STAR 217 34 1 1 1 1 1 1 1 1 1 124 1 1 75 1 1 1 1 1 1 1 0 1 1 1 1 1 1 1 1 1 2 1 1 14 1 1 1 1 1 1 1 0
query46 3.99 30% 0 79024 1.00 1.00 2 2 STAR 217 34 1 1 1 1 1 1 1 1 1 124 1 1 75 1 1 1 1 1 1 1 0 1 1 1 1 1 1 1 1 1 2 1 1 14 1 1 1 1 1 1 1 0
query47 4.00 31% 0 77924 1.00 1.00 2 2 STAR 217 34 1 1 1 1 1 1 1 1 1 124 1 1 75 1 1 1 1 1 1 1 0 1 1 1 1 1 1 1 1 1 2 1 1 14 1 1 1 1 1 1 1 0
query48 4.19 32% 0 78280 1.00 1.00 2 2 STAR 217 34 1 1 1 1 1 1 1 1 1 124 1 1 75 1 1 1 1 1 1 1 0 1 1 1 1 1 1 1 1 1 2 1 1 14 1 1 1 1 1 1 1 0
query49 3.38 45% 0 84164 0 0 2 2 PATH 612 21 1 1 1 1 593 1 1 1 1 1 1 1 1 1 1 1 1 1 1 1 0 1 1 1 1 2 1 1 1 1 1 1 1 1 1 1 1 1 1 1 1 0
query50 4.16 32% 0 78896 0 0 2 2 STAR 217 34 1 1 1 1 1 1 1 1 1 124 1 1 75 1 1 1 1 1 1 1 0 1 1 1 1 1 1 1 1 1 2 1 1 14 1 1 1 1 1 1 1 0
query51 3.33 46% 0 83928 0 0 2 2 PATH 612 21 1 1 1 1 593 1 1 1 1 1 1 1 1 1 1 1 1 1 1 1 0 1 1 1 1 2 1 1 1 1 1 1 1 1 1 1 1 1 1 1 1 0
query52 116.13 8% 0 319008 0 0 5 5 HYBRID 15211 1758 1 1 1 1 1 1 1 1 1264 1 1 1 1649 12281 1 1 1 1 1 1 0 1 1 1 1 1 1 1 1 1649 1 1 1 2 90 1 1 1 1 1 1 0
query53 114.03 7% 0 327548 1.00 1.00 5 5 HYBRID 15211 1758 1 1 1 1 1 1 1 1 1264 1 1 1 1649 12281 1 1 1 1 1 1 0 1 1 1 1 1 1 1 1 1649 1 1 1 2 90 1 1 1 1 1 1 0
query54 115.31 8% 0 325968 1.00 1.00 5 5 HYBRID 15211 1758 1 1 1 1 1 1 1 1 1264 1 1 1 1649 12281 1 1 1 1 1 1 0 1 1 1 1 1 1 1 1 1649 1 1 1 2 90 1 1 1 1 1 1 0
query55 114.30 8% 0 324348 1.00 1.00 5 5 HYBRID 15211 1758 1 1 1 1 1 1 1 1 1264 1 1 1 1649 12281 1 1 1 1 1 1 0 1 1 1 1 1 1 1 1 1649 1 1 1 2 90 1 1 1 1 1 1 0
query56 114.47 10% 0 320500 1.00 1.00 5 5 HYBRID 15211 1758 1 1 1 1 1 1 1 1 1264 1 1 1 1649 12281 1 1 1 1 1 1 0 1 1 1 1 1 1 1 1 1649 1 1 1 2 90 1 1 1 1 1 1 0
query57 113.67 8% 0 323556 1.00 1.00 5 5 HYBRID 15211 1758 1 1 1 1 1 1 1 1 1264 1 1 1 1649 12281 1 1 1 1 1 1 0 1 1 1 1 1 1 1 1 1649 1 1 1 2 90 1 1 1 1 1 1 0
query58 114.14 8% 0 325928 1.00 1.00 5 5 HYBRID 15211 1758 1 1 1 1 1 1 1 1 1264 1 1 1 1649 12281 1 1 1 1 1 1 0 1 1 1 1 1 1 1 1 1649 1 1 1 2 90 1 1 1 1 1 1 0
query59 114.32 8% 0 323956 1.00 1.00 5 5 HYBRID 15211 1758 1 1 1 1 1 1 1 1 1264 1 1 1 1649 12281 1 1 1 1 1 1 0 1 1 1 1 1 1 1 1 1649 1 1 1 2 90 1 1 1 1 1 1 0
query60 114.28 8% 0 327744 1.00 1.00 5 5 HYBRID 15211 1758 1 1 1 1 1 1 1 1 1264 1 1 1 1649 12281 1 1 1 1 1 1 0 1 1 1 1 1 1 1 1 1649 1 1 1 2 90 1 1 1 1 1 1 0
query61 114.44 8% 0 327704 1.00 1.00 5 5 HYBRID 15211 1758 1 1 1 1 1 1 1 1 1264 1 1 1 1649 12281 1 1 1 1 1 1 0 1 1 1 1 1 1 1 1 1649 1 1 1 2 90 1 1 1 1 1 1 0
query62 114.12 8% 0 317612 1.00 1.00 5 5 HYBRID 15211 1758 1 1 1 1 1 1 1 1 1264 1 1 1 1649 12281 1 1 1 1 1 1 0 1 1 1 1 1 1 1 1 1649 1 1 1 2 90 1 1 1 1 1 1 0
query63 113.95 7% 0 319636 1.00 1.00 5 5 HYBRID 15211 1758 1 1 1 1 1 1 1 1 1264 1 1 1 1649 12281 1 1 1 1 1 1 0 1 1 1 1 1 1 1 1 1649 1 1 1 2 90 1 1 1 1 1 1 0
query64 113.70 8% 0 325492 1.00 1.00 5 5 HYBRID 15211 1758 1 1 1 1 1 1 1 1 1264 1 1 1 1649 12281 1 1 1 1 1 1 0 1 1 1 1 1 1 1 1 1649 1 1 1 2 90 1 1 1 1 1 1 0
query65 114.38 8% 0 326068 1.00 1.00 5 5 HYBRID 15211 1758 1 1 1 1 1 1 1 1 1264 1 1 1 1649 12281 1 1 1 1 1 1 0 1 1 1 1 1 1 1 1 1649 1 1 1 2 90 1 1 1 1 1 1 0
query66 113.88 7% 0 323976 1.00 1.00 5 5 HYBRID 15211 1758 1 1 1 1 1 1 1 1 1264 1 1 1 1649 12281 1 1 1 1 1 1 0 1 1 1 1 1 1 1 1 1649 1 1 1 2 90 1 1 1 1 1 1 0
query67 113.90 8% 0 324420 1.00 1.00 5 5 HYBRID 15211 1758 1 1 1 1 1 1 1 1 1264 1 1 1 1649 12281 1 1 1 1 1 1 0 1 1 1 1 1 1 1 1 1649 1 1 1 2 90 1 1 1 1 1 1 0
query68 112.64 7% 0 325748 1.00 1.00 5 5 HYBRID 15211 1758 1 1 1 1 1 1 1 1 1264 1 1 1 1649 12281 1 1 1 1 1 1 0 1 1 1 1 1 1 1 1 1649 1 1 1 2 90 1 1 1 1 1 1 0
query69 114.04 8% 0 321672 1.00 1.00 5 5 HYBRID 15211 1758 1 1 1 1 1 1 1 1 1264 1 1 1 1649 12281 1 1 1 1 1 1 0 1 1 1 1 1 1 1 1 1649 1 1 1 2 90 1 1 1 1 1 1 0
query70 114.10 8% 0 318748 1.00 1.00 5 5 HYBRID 15211 1758 1 1 1 1 1 1 1 1 1264 1 1 1 1649 12281 1 1 1 1 1 1 0 1 1 1 1 1 1 1 1 1649 1 1 1 2 90 1 1 1 1 1 1 0
query71 114.27 8% 0 326408 1.00 1.00 5 5 HYBRID 15211 1758 1 1 1 1 1 1 1 1 1264 1 1 1 1649 12281 1 1 1 1 1 1 0 1 1 1 1 1 1 1 1 1649 1 1 1 2 90 1 1 1 1 1 1 0
query72 113.52 7% 0 323540 1.00 1.00 5 5 HYBRID 15211 1758 1 1 1 1 1 1 1 1 1264 1 1 1 1649 12281 1 1 1 1 1 1 0 1 1 1 1 1 1 1 1 1649 1 1 1 2 90 1 1 1 1 1 1 0
query73 114.10 8% 0 327564 1.00 1.00 5 5 HYBRID 15211 1758 1 1 1 1 1 1 1 1 1264 1 1 1 1649 12281 1 1 1 1 1 1 0 1 1 1 1 1 1 1 1 1649 1 1 1 2 90 1 1 1 1 1 1 0
query74 114.23 8% 0 325184 1.00 1.00 5 5 HYBRID 15211 1758 1 1 1 1 1 1 1 1 1264 1 1 1 1649 12281 1 1 1 1 1 1 0 1 1 1 1 1 1 1 1 1649 1 1 1 2 90 1 1 1 1 1 1 0
query75 13.42 34% 0 143200 0 0 3 3 HYBRID 3808 163 1 1 1 1 1 1 1 1 1729 1 1 1 1 1 1 1 1 2061 1 1 0 1 1 1 1 1 1 1 1 143 1 1 1 1 1 1 1 1 2 1 1 0
query76 12.94 28% 0 140072 1.00 1.00 3 3 HYBRID 3808 163 1 1 1 1 1 1 1 1 1729 1 1 1 1 1 1 1 1 2061 1 1 0 1 1 1 1 1 1 1 1 143 1 1 1 1 1 1 1 1 2 1 1 0
query77 114.01 7% 0 329428 0 0 5 5 HYBRID 15211 1758 1 1 1 1 1 1 1 1 1264 1 1 1 1649 12281 1 1 1 1 1 1 0 1 1 1 1 1 1 1 1 1649 1 1 1 2 90 1 1 1 1 1 1 0
query78 114.38 8% 0 322488 1.00 1.00 5 5 HYBRID 15211 1758 1 1 1 1 1 1 1 1 1264 1 1 1 1649 12281 1 1 1 1 1 1 0 1 1 1 1 1 1 1 1 1649 1 1 1 2 90 1 1 1 1 1 1 0
query79 113.82 8% 0 325044 1.00 1.00 5 5 HYBRID 15211 1758 1 1 1 1 1 1 1 1 1264 1 1 1 1649 12281 1 1 1 1 1 1 0 1 1 1 1 1 1 1 1 1649 1 1 1 2 90 1 1 1 1 1 1 0
query80 114.11 8% 0 319824 1.00 1.00 5 5 HYBRID 15211 1758 1 1 1 1 1 1 1 1 1264 1 1 1 1649 12281 1 1 1 1 1 1 0 1 1 1 1 1 1 1 1 1649 1 1 1 2 90 1 1 1 1 1 1 0
query81 113.57 7% 0 321004 1.00 1.00 5 5 HYBRID 15211 1758 1 1 1 1 1 1 1 1 1264 1 1 1 1649 12281 1 1 1 1 1 1 0 1 1 1 1 1 1 1 1 1649 1 1 1 2 90 1 1 1 1 1 1 0
query82 114.06 7% 0 322488 1.00 1.00 5 5 HYBRID 15211 1758 1 1 1 1 1 1 1 1 1264 1 1 1 1649 12281 1 1 1 1 1 1 0 1 1 1 1 1 1 1 1 1649 1 1 1 2 90 1 1 1 1 1 1 0
query83 113.93 8% 0 317212 1.00 1.00 5 5 HYBRID 15211 1758 1 1 1 1 1 1 1 1 1264 1 1 1 1649 12281 1 1 1 1 1 1 0 1 1 1 1 1 1 1 1 1649 1 1 1 2 90 1 1 1 1 1 1 0
query84 113.94 8% 0 328400 1.00 1.00 5 5 HYBRID 15211 1758 1 1 1 1 1 1 1 1 1264 1 1 1 1649 12281 1 1 1 1 1 1 0 1 1 1 1 1 1 1 1 1649 1 1 1 2 90 1 1 1 1 1 1 0
query85 114.62 9% 0 324792 1.00 1.00 5 5 HYBRID 15211 1758 1 1 1 1 1 1 1 1 1264 1 1 1 1649 12281 1 1 1 1 1 1 0 1 1 1 1 1 1 1 1 1649 1 1 1 2 90 1 1 1 1 1 1 0
query86 114.17 8% 0 321712 1.00 1.00 5 5 HYBRID 15211 1758 1 1 1 1 1 1 1 1 1264 1 1 1 1649 12281 1 1 1 1 1 1 0 1 1 1 1 1 1 1 1 1649 1 1 1 2 90 1 1 1 1 1 1 0
query87 113.94 8% 0 319488 1.00 1.00 5 5 HYBRID 15211 1758 1 1 1 1 1 1 1 1 1264 1 1 1 1649 12281 1 1 1 1 1 1 0 1 1 1 1 1 1 1 1 1649 1 1 1 2 90 1 1 1 1 1 1 0
query88 114.39 8% 0 320748 1.00 1.00 5 5 HYBRID 15211 1758 1 1 1 1 1 1 1 1 1264 1 1 1 1649 12281 1 1 1 1 1 1 0 1 1 1 1 1 1 1 1 1649 1 1 1 2 90 1 1 1 1 1 1 0
query89 12.89 28% 0 140920 0 0 3 3 HYBRID 3808 163 1 1 1 1 1 1 1 1 1729 1 1 1 1 1 1 1 1 2061 1 1 0 1 1 1 1 1 1 1 1 143 1 1 1 1 1 1 1 1 2 1 1 0
query90 112.58 7% 0 322984 0 0 5 5 HYBRID 15211 1758 1 1 1 1 1 1 1 1 1264 1 1 1 1649 12281 1 1 1 1 1 1 0 1 1 1 1 1 1 1 1 1649 1 1 1 2 90 1 1 1 1 1 1 0
query91 16.64 45% 0 138716 0 0 3 3 HYBRID 3808 163 1 1 1 1 1 1 1 1 1729 1 1 1 1 1 1 1 1 2061 1 1 0 1 1 1 1 1 1 1 1 143 1 1 1 1 1 1 1 1 2 1 1 0
query92 3.81 34% 0 77020 0 0 3 3 STAR 77 28 1 1 1 1 1 1 1 1 1 1 1 1 1 1 1 1 1 29 1 30 0 1 1 1 1 1 1 1 1 1 1 1 1 1 1 1 1 1 8 1 2 0
query93 112.55 7% 0 326736 0 0 5 5 HYBRID 15211 1758 1 1 1 1 1 1 1 1 1264 1 1 1 1649 12281 1 1 1 1 1 1 0 1 1 1 1 1 1 1 1 1649 1 1 1 2 90 1 1 1 1 1 1 0
query94 113.94 8% 0 323400 1.00 1.00 5 5 HYBRID 15211 1758 1 1 1 1 1 1 1 1 1264 1 1 1 1649 12281 1 1 1 1 1 1 0 1 1 1 1 1 1 1 1 1649 1 1 1 2 90 1 1 1 1 1 1 0
query95 12.64 27% 0 139756 0 0 3 3 HYBRID 3808 163 1 1 1 1 1 1 1 1 1729 1 1 1 1 1 1 1 1 2061 1 1 0 1 1 1 1 1 1 1 1 143 1 1 1 1 1 1 1 1 2 1 1 0
query96 112.61 7% 0 319632 0 0 5 5 HYBRID 15211 1758 1 1 1 1 1 1 1 1 1264 1 1 1 1649 12281 1 1 1 1 1 1 0 1 1 1 1 1 1 1 1 1649 1 1 1 2 90 1 1 1 1 1 1 0
query97 113.78 8% 0 330536 1.00 1.00 5 5 HYBRID 15211 1758 1 1 1 1 1 1 1 1 1264 1 1 1 1649 12281 1 1 1 1 1 1 0 1 1 1 1 1 1 1 1 1649 1 1 1 2 90 1 1 1 1 1 1 0
query98 114.11 8% 0 323644 1.00 1.00 5 5 HYBRID 15211 1758 1 1 1 1 1 1 1 1 1264 1 1 1 1649 12281 1 1 1 1 1 1 0 1 1 1 1 1 1 1 1 1649 1 1 1 2 90 1 1 1 1 1 1 0
query99 113.17 7% 0 326940 1.00 1.00 5 5 HYBRID 15211 1758 1 1 1 1 1 1 1 1 1264 1 1 1 1649 12281 1 1 1 1 1 1 0 1 1 1 1 1 1 1 1 1649 1 1 1 2 90 1 1 1 1 1 1 0
query100 114.25 9% 0 328952 1.00 1.00 5 5 HYBRID 15211 1758 1 1 1 1 1 1 1 1 1264 1 1 1 1649 12281 1 1 1 1 1 1 0 1 1 1 1 1 1 1 1 1649 1 1 1 2 90 1 1 1 1 1 1 0
