query1 4.21 26% 0 75420 1.00 1.00 5 5 HYBRID 33 25 1 1 1 1 1 1 7 12 1 7 0 1 1 1 1 1 1 4 2 1 12 0
query2 12.19 27% 0 142472 1.00 1.00 3 3 HYBRID 3798 153 1 1 1 1 1 2061 1 1729 1 1 0 1 1 1 1 1 2 1 143 1 1 0
query3 5.00 40% 0 97476 1.00 1.00 3 3 HYBRID 620 55 1 1 1 1 1 1 1 24 1 588 0 1 1 1 1 1 1 1 45 1 2 0
query4 58.18 12% 0 345980 1.00 1.00 5 5 HYBRID 24570 834 1 1 1 1 1 12281 1 12281 1 1 0 1 1 1 1 1 2 1 824 1 1 0
query5 202.94 10% 0 383412 1.00 1.00 3 3 HYBRID 44212 2935 1 1 1 419 1 1 43785 1 1 1 0 1 1 1 2925 1 1 2 1 1 1 0
query6 5.23 65% 0 91920 1.00 1.00 5 5 HYBRID 412 47 1 1 1 1 1 201 1 194 10 1 0 1 1 1 1 1 2 1 19 19 1 0
query7 9.60 30% 0 124944 1.00 1.00 3 3 STAR 1965 116 1 1 456 1 1 1501 1 1 1 1 0 1 1 106 1 1 2 1 1 1 1 0
query8 12.68 49% 0 127440 1.00 1.00 3 3 HYBRID 1965 116 1 1 456 1 1 1501 1 1 1 1 0 1 1 106 1 1 2 1 1 1 1 0
query9 26.82 28% 0 150608 1.00 1.00 6 6 HYBRID 674 335 1 1 1 1 325 1 341 1 1 1 0 1 1 1 1 2 1 325 1 1 1 0
query10 2.78 58% 0 71408 1.00 1.00 5 5 HYBRID 49 11 1 1 1 1 1 40 1 1 1 1 0 1 1 1 1 1 2 1 1 1 1 0
query11 2.03 67% 0 80496 1.00 1.00 2 2 STAR 538 11 1 1 1 1 1 1 1 1 1 529 0 1 1 1 1 1 1 1 1 1 2 0
query12 33.49 24% 0 170564 1.00 1.00 5 5 HYBRID 460 441 1 1 1 431 1 1 1 21 1 1 0 1 1 1 2 1 1 1 431 1 1 0
query13 1.94 58% 0 75472 1.00 1.00 2 2 STAR 304 11 1 1 1 1 1 295 1 1 1 1 0 1 1 1 1 1 2 1 1 1 1 0
query14 41.69 11% 0 220492 1.00 1.00 7 7 HYBRID 1266 603 1 1 1 1 1 665 1 593 1 1 0 1 1 1 1 1 593 1 2 1 1 0
query15 3.33 56% 0 71860 1.00 1.00 2 2 STAR 118 11 1 1 1 1 109 1 1 1 1 1 0 1 1 1 1 2 1 1 1 1 1 0
query16 215.70 22% 0 433960 1.00 1.00 3 3 STAR 1593065 2935 1 1 1 1 1 1 43785 1549272 1 1 0 1 1 1 1 1 1 2 2925 1 1 0
query17 18.25 15% 0 132624 1.00 1.00 5 5 STAR 323 261 1 1 1 1 1 64 251 1 1 1 0 1 1 1 1 1 251 2 1 1 1 0
query18 1.82 49% 0 71108 1.00 1.00 2 2 PATH 12 11 3 1 1 1 1 1 1 1 1 1 0 2 1 1 1 1 1 1 1 1 1 0
query19 7.14 23% 0 93944 1.00 1.00 4 4 STAR 95 91 1 1 1 1 1 6 81 1 1 1 0 1 1 1 1 1 81 2 1 1 1 0
query20 1195.95 2% 0 367292 1.00 1.00 6 6 HYBRID 20551 19011 1 1 1 1 1 19001 1 1 1 1542 0 1 1 1 1 1 2 1 1 1 19001 0
query21 2.72 43% 0 76440 1.00 1.00 2 2 STAR 207 24 1 1 1 1 1 124 1 75 1 1 0 1 1 1 1 1 2 1 14 1 1 0
query22 6.32 36% 0 111084 1.00 1.00 2 2 PATH 1711 76 1 1 1 1 1 901 1 802 1 1 0 1 1 1 1 1 2 1 66 1 1 0
query23 1.84 53% 0 71840 1.00 1.00 2 2 STAR 83 11 1 1 1 1 1 74 1 1 1 1 0 1 1 1 1 1 2 1 1 1 1 0
query24 60.57 8% 0 248300 1.00 1.00 7 7 HYBRID 2077 911 1 1168 1 1 1 901 1 1 1 1 0 1 901 1 1 1 2 1 1 1 1 0
query25 2.17 86% 0 91712 1.00 1.00 2 2 PATH 1439 11 1 1 1 1 1 1 1 1430 1 1 0 1 1 1 1 1 1 1 2 1 1 0
query26 3.95 54% 0 74516 1.00 1.00 5 5 HYBRID 78 19 1 1 1 1 1 1 1 49 1 21 0 1 1 1 1 1 1 1 2 1 9 0
query27 4.22 99% 0 126980 1.00 1.00 4 4 HYBRID 4645 11 1 1 1 1 1 4636 1 1 1 1 0 1 1 1 1 1 2 1 1 1 1 0
query28 3.37 53% 0 71788 1.00 1.00 3 3 STAR 11 11 1 1 1 1 1 2 1 1 1 1 0 1 1 1 1 1 2 1 1 1 1 0
query29 32.09 12% 0 174600 1.00 1.00 5 5 HYBRID 1041 462 1 581 1 1 1 452 1 1 1 1 0 1 452 1 1 1 2 1 1 1 1 0
query30 52.21 9% 0 235180 1.00 1.00 4 4 STAR 889 790 1 1 1 1 1 101 1 1 1 780 0 1 1 1 1 1 780 1 1 1 2 0
query31 14.94 111% 0 396548 1.00 1.00 6 6 HYBRID 944484 128 1 1 1 118 1 1 944358 1 1 1 0 1 1 1 2 1 1 118 1 1 1 0
query32 2.12 86% 0 92880 1.00 1.00 2 2 PATH 1510 11 1 1 1 1 1 1501 1 1 1 1 0 1 1 1 1 1 2 1 1 1 1 0
query33 1.97 65% 0 80352 1.00 1.00 2 2 PATH 517 11 1 1 1 508 1 1 1 1 1 1 0 1 1 1 2 1 1 1 1 1 1 0
query34 2.37 47% 0 75580 1.00 1.00 6 2 STAR 90 23 1 1 1 20 11 1 1 37 8 9 0 1 1 1 2 2 1 1 10 2 2 0
query35 5.94 34% 0 102248 1.00 1.00 3 3 STAR 808 67 1 1 1 1 1 1 774 1 26 1 0 1 1 1 1 1 1 2 1 57 1 0
query36 11.56 28% 0 142788 1.00 1.00 2 2 PATH 3798 153 1 1 1 1 1 2061 1 1729 1 1 0 1 1 1 1 1 2 1 143 1 1 0
query37 3.23 37% 0 77232 1.00 1.00 5 5 HYBRID 106 32 1 1 1 1 1 22 76 1 1 1 0 1 1 1 1 1 2 22 1 1 1 0
query38 1.83 52% 0 70868 1.00 1.00 6 6 HYBRID 31 11 1 1 1 1 1 22 1 1 1 1 0 1 1 1 1 1 2 1 1 1 1 0
query39 28.80 13% 0 175472 1.00 1.00 7 7 HYBRID 497 425 1 415 1 1 1 74 1 1 1 1 0 1 2 1 1 1 415 1 1 1 1 0
query40 1.94 49% 0 72432 1.00 1.00 4 4 HYBRID 18 13 1 1 1 1 1 5 1 5 1 1 0 1 1 1 1 1 2 1 3 1 1 0
query41 1.84 52% 0 72012 1.00 1.00 3 3 STAR 52 11 1 1 1 1 1 43 1 1 1 1 0 1 1 1 1 1 2 1 1 1 1 0
query42 209.48 5% 0 334100 1.00 1.00 7 7 HYBRID 3317 3265 1 1 1 1 1 54 1 3255 1 1 0 1 1 1 1 1 3255 1 2 1 1 0
query43 3.35 55% 0 90120 1.00 1.00 3 3 PATH 1510 11 1 1 1 1 1 1501 1 1 1 1 0 1 1 1 1 1 2 1 1 1 1 0
query44 1.95 63% 0 78516 1.00 1.00 3 3 HYBRID 438 11 1 1 1 1 1 1 429 1 1 1 0 1 1 1 1 1 1 2 1 1 1 0
query45 2.29 44% 0 74284 1.00 1.00 3 3 HYBRID 72 18 1 1 1 1 1 1 1 36 1 28 0 1 1 1 1 1 1 1 2 1 8 0
query46 91.98 7% 0 296144 1.00 1.00 7 7 HYBRID 1402 1389 1 15 1 1 1 1379 1 1 1 1 0 1 1379 1 1 1 2 1 1 1 1 0
query47 2.22 99% 0 98912 1.00 1.00 3 3 HYBRID 2070 11 1 1 1 1 1 2061 1 1 1 1 0 1 1 1 1 1 2 1 1 1 1 0
query48 2.17 94% 0 96348 1.00 1.00 2 2 STAR 2070 11 1 1 1 1 1 2061 1 1 1 1 0 1 1 1 1 1 2 1 1 1 1 0
query49 2.20 96% 0 96756 1.00 1.00 4 4 HYBRID 1510 11 1 1 1 1 1 1501 1 1 1 1 0 1 1 1 1 1 2 1 1 1 1 0
query50 28.94 12% 0 166472 1.00 1.00 7 7 HYBRID 1354 379 1 977 1 1 1 369 1 1 1 1 0 1 369 1 1 1 2 1 1 1 1 0
query51 1.92 64% 0 78768 1.00 1.00 2 2 STAR 453 11 1 1 1 1 1 1 444 1 1 1 0 1 1 1 1 1 1 2 1 1 1 0
query52 9.03 32% 0 125572 1.00 1.00 2 2 PATH 2112 116 1 1 1 1 1 1 1 593 1 1511 0 1 1 1 1 1 1 1 106 1 2 0
query53 4.55 51% 0 76596 1.00 1.00 4 4 STAR 155 25 1 1 1 1 1 138 1 1 9 1 0 1 1 1 1 1 2 1 1 15 1 0
query54 5.40 74% 0 100684 1.00 1.00 6 6 HYBRID 671 38 1 1 1 1 1 339 1 324 1 1 0 1 1 1 1 1 2 1 28 1 1 0
query55 5.16 40% 0 104396 1.00 1.00 4 4 HYBRID 685 56 1 1 1 602 1 1 1 1 1 75 0 1 1 1 2 1 1 1 1 1 46 0
query56 7.87 64% 0 113516 1.00 1.00 3 3 STAR 2819 76 1 1 1 1 1 901 1910 1 1 1 0 1 1 1 1 1 2 66 1 1 1 0
query57 2.97 59% 0 71456 1.00 1.00 3 3 HYBRID 36 11 1 1 1 1 1 27 1 1 1 1 0 1 1 1 1 1 2 1 1 1 1 0
query58 1800.00 0% 0 1428 0.00 1.00 6 6 HYBRID 510390 413 1 1 1 1 1 510381 1 1 1 1 0 1 403 1 1 1 2 1 1 1 1 0
query59 215.81 22% 0 387944 1.00 1.00 3 3 STAR 1593065 2935 1 1 1 1 1 1 43785 1549272 1 1 0 1 1 1 1 1 1 2 2925 1 1 0
query60 55.02 15% 0 299660 1.00 1.00 3 3 HYBRID 10830 736 1 1 1 1 1 1 21 1 10801 1 0 1 1 1 1 1 1 726 1 2 1 0
query61 1.88 50% 0 70932 1.00 1.00 3 3 STAR 13 11 1 1 1 1 1 4 1 1 1 1 0 1 1 1 1 1 2 1 1 1 1 0
query62 3.24 60% 0 72172 1.00 1.00 2 2 STAR 140 11 1 1 1 1 1 131 1 1 1 1 0 1 1 1 1 1 2 1 1 1 1 0
query63 1.91 53% 0 70952 1.00 1.00 2 2 STAR 83 11 1 1 1 1 1 74 1 1 1 1 0 1 1 1 1 1 2 1 1 1 1 0
query64 6.33 26% 0 89548 1.00 1.00 7 7 HYBRID 79 77 1 1 1 1 1 4 1 67 1 1 0 1 1 1 1 1 67 1 2 1 1 0
query65 3.20 55% 0 71484 1.00 1.00 2 2 PATH 36 11 1 1 1 1 1 1 27 1 1 1 0 1 1 1 1 1 1 2 1 1 1 0
query66 1800.00 0% 0 1432 0.00 1.00 7 7 HYBRID 252420 28814 1 1 1 1 1 1 1 1 1 252411 0 1 1 1 1 1 1 1 28804 1 2 0
query67 153.37 88% 0 934972 1.00 0.00 4 4 HYBRID 1582475 2229 1 1 1 33195 1 1 1 1 1549272 1 0 1 1 1 2 1 1 1 1 2219 1 0
query68 4.12 51% 0 75788 1.00 1.00 3 3 HYBRID 120 23 1 1 108 1 1 1 4 1 1 1 0 1 1 2 1 1 1 13 1 1 1 0
query69 118.29 14% 0 315716 1.00 1.00 7 7 HYBRID 2536 1584 1 1 1 1501 1 1021 1 1 7 1 0 1 1 1 2 1 1501 1 1 74 1 0
query70 11.55 50% 0 120512 1.00 1.00 2 2 PATH 2112 116 1 1 1 1 1 1 1 593 1 1511 0 1 1 1 1 1 1 1 106 1 2 0
query71 14.09 48% 0 141412 1.00 1.00 3 3 HYBRID 3798 153 1 1 1 1 1 2061 1 1729 1 1 0 1 1 1 1 1 2 1 143 1 1 0
query73 4.21 41% 0 89056 1.00 1.00 3 3 STAR 510 44 1 1 1 1 1 73 429 1 1 1 0 1 1 1 1 1 34 2 1 1 1 0
query74 93.77 16% 0 290480 1.00 1.00 7 7 HYBRID 1780 1310 247 1 1 1 1 1279 1 247 1 1 0 1279 1 1 1 1 2 1 22 1 1 0
query75 3.90 54% 0 75016 1.00 1.00 5 5 HYBRID 105 20 1 1 1 1 1 1 1 69 1 28 0 1 1 1 1 1 1 1 2 1 10 0
query76 3.41 74% 0 80644 1.00 1.00 2 2 STAR 554 11 1 1 1 1 1 1 545 1 1 1 0 1 1 1 1 1 1 2 1 1 1 0
query77 2.18 86% 0 93880 1.00 1.00 3 3 HYBRID 1005 11 1 1 1 1 1 1 1 996 1 1 0 1 1 1 1 1 1 1 2 1 1 0
query78 5.37 39% 0 94696 1.00 1.00 3 3 STAR 702 60 1 1 1 1 1 663 1 1 31 1 0 1 1 1 1 1 2 1 1 50 1 0
query79 64.55 10% 0 344176 1.00 1.00 6 6 HYBRID 23998 815 1 1 1 1 1 11995 1 11995 1 1 0 1 1 1 1 1 2 1 805 1 1 0
query80 1800.00 0% 0 1432 0.00 1.00 3 3 HYBRID 754522 396 1 1 1 1 1 1 1 1 754513 1 0 1 1 1 1 1 1 386 1 2 1 0
query81 2.50 67% 0 85552 1.00 1.00 2 2 PATH 1296 19 1 1 1 1 1 1 1 1237 51 1 0 1 1 1 1 1 1 1 9 2 1 0
query82 2.59 64% 0 74132 1.00 1.00 2 2 STAR 210 11 1 1 1 1 1 201 1 1 1 1 0 1 1 1 1 1 2 1 1 1 1 0
query83 1.89 55% 0 72240 1.00 1.00 2 2 PATH 147 11 1 1 1 1 1 138 1 1 1 1 0 1 1 1 1 1 2 1 1 1 1 0
query84 14.20 47% 0 137348 1.00 1.00 3 3 STAR 2080 153 1 1 1 1 1 2061 11 1 1 1 0 1 1 1 1 1 2 143 1 1 1 0
query85 2.60 59% 0 74000 1.00 1.00 3 3 STAR 135 11 1 1 126 1 1 1 1 1 1 1 0 1 1 2 1 1 1 1 1 1 1 0
query86 2.10 86% 0 91364 1.00 1.00 2 2 STAR 1439 11 1 1 1 1 1 1 1 1430 1 1 0 1 1 1 1 1 1 1 2 1 1 0
query87 4.16 65% 0 119532 1.00 1.00 8 4 HYBRID 680 167 1 1 1 91 50 406 1 41 48 40 0 1 1 1 32 32 2 1 32 32 33 0
query88 2.07 60% 0 81520 1.00 1.00 3 3 STAR 606 15 1 1 1 1 1 1 1 588 10 1 0 1 1 1 1 1 1 1 5 2 1 0
query89 1.81 50% 0 70844 1.00 1.00 4 4 HYBRID 11 11 1 1 1 2 1 1 1 1 1 1 0 1 1 1 2 1 1 1 1 1 1 0
query90 3.38 47% 0 89576 1.00 1.00 4 4 HYBRID 355 32 1 1 1 1 1 249 98 1 1 1 0 1 1 1 1 1 2 22 1 1 1 0
query91 2.78 60% 0 72796 1.00 1.00 2 2 STAR 146 11 1 1 137 1 1 1 1 1 1 1 0 1 1 2 1 1 1 1 1 1 1 0
query92 1.86 50% 0 71496 1.00 1.00 2 2 STAR 14 11 1 1 1 5 1 1 1 1 1 1 0 1 1 1 2 1 1 1 1 1 1 0
query93 3.19 83% 0 95540 1.00 1.00 3 3 HYBRID 3291 24 1 1 1 1 1 124 1 3159 1 1 0 1 1 1 1 1 2 1 14 1 1 0
query94 3.95 93% 0 95240 1.00 1.00 2 2 STAR 2070 11 1 1 1 1 1 2061 1 1 1 1 0 1 1 1 1 1 2 1 1 1 1 0
query95 3.31 57% 0 78284 1.00 1.00 4 4 HYBRID 250 11 1 1 1 1 1 241 1 1 1 1 0 1 1 1 1 1 2 1 1 1 1 0
query96 3.09 46% 0 70840 1.00 1.00 4 4 HYBRID 12 11 1 1 1 3 1 1 1 1 1 1 0 1 1 1 2 1 1 1 1 1 1 0
query97 6.53 66% 0 101564 1.00 1.00 3 3 STAR 677 55 1 1 1 1 1 1 1 593 76 1 0 1 1 1 1 1 1 1 2 45 1 0
query98 3.96 92% 0 91668 1.00 1.00 4 4 HYBRID 910 11 1 1 1 1 1 901 1 1 1 1 0 1 1 1 1 1 2 1 1 1 1 0
query99 115.97 8% 0 357564 1.00 1.00 6 6 HYBRID 21769 1742 1 1 1 1 1 1 3682 559 17521 1 0 1 1 1 1 1 1 1174 2 559 1 0
query100 2.58 45% 0 77124 1.00 1.00 6 6 HYBRID 170 27 1 1 1 57 1 1 1 53 53 1 0 1 1 1 2 1 1 1 9 9 1 0
