query1 5.88 60% 0 139488 1.00 1.00 4 3 HYBRID 3798 153 1 1 1 542 1 2061 597 592 1 1 0 1 1 1 49 1 2 48 48 1 1 0
query3 5.00 64% 0 127152 1.00 1.00 4 3 STAR 1965 116 154 165 139 1 1 1501 1 1 1 1 0 35 37 36 1 1 2 1 1 1 1 0
query4 4.85 67% 0 127460 1.00 1.00 4 3 STAR 1965 116 154 165 139 1 1 1501 1 1 1 1 0 35 37 36 1 1 2 1 1 1 1 0
query6 4.79 67% 0 126364 1.00 1.00 4 3 STAR 1965 116 154 165 139 1 1 1501 1 1 1 1 0 35 37 36 1 1 2 1 1 1 1 0
query7 3.66 59% 0 98148 1.00 1.00 4 3 HYBRID 620 55 1 1 1 12 1 1 1 13 1 588 0 1 1 1 23 1 1 1 23 1 2 0
query8 3.72 63% 0 96260 1.00 1.00 4 3 HYBRID 620 55 1 1 1 12 1 1 1 13 1 588 0 1 1 1 23 1 1 1 23 1 2 0
query9 3.68 60% 0 100552 1.00 1.00 4 3 HYBRID 620 55 1 1 1 12 1 1 1 13 1 588 0 1 1 1 23 1 1 1 23 1 2 0
query10 2.54 48% 0 74860 1.00 1.00 7 2 STAR 90 23 1 1 1 20 11 1 1 37 8 9 0 1 1 1 2 2 1 1 10 2 2 0
query11 3.69 61% 0 100764 1.00 1.00 4 3 HYBRID 620 55 1 1 1 12 1 1 1 13 1 588 0 1 1 1 23 1 1 1 23 1 2 0
query12 5.70 64% 0 139488 1.00 1.00 4 3 HYBRID 3798 153 1 1 1 542 1 2061 597 592 1 1 0 1 1 1 49 1 2 48 48 1 1 0
query13 4.65 61% 0 124856 1.00 1.00 3 2 PATH 2112 116 1 1 1 187 1 1 210 198 1 1511 0 1 1 1 36 1 1 36 36 1 2 0
query14 5.67 64% 0 143180 1.00 1.00 4 3 HYBRID 3798 153 1 1 1 542 1 2061 597 592 1 1 0 1 1 1 49 1 2 48 48 1 1 0
query15 3.68 70% 0 114052 1.00 1.00 3 2 STAR 2819 76 1 1 602 651 1 1 659 1 1 901 0 1 1 22 23 1 1 23 1 1 2 0
query16 3.77 65% 0 112380 1.00 1.00 3 2 PATH 1711 76 1 286 1 1 262 901 1 256 1 1 0 1 23 1 1 22 2 1 23 1 1 0
query17 3.71 72% 0 113664 1.00 1.00 3 2 STAR 2819 76 1 1 602 651 1 1 659 1 1 901 0 1 1 22 23 1 1 23 1 1 2 0
query18 5.62 63% 0 142604 1.00 1.00 4 3 HYBRID 3798 153 1 1 1 542 1 2061 597 592 1 1 0 1 1 1 49 1 2 48 48 1 1 0
query19 3.69 67% 0 112992 1.00 1.00 3 2 PATH 1711 76 1 286 1 1 262 901 1 256 1 1 0 1 23 1 1 22 2 1 23 1 1 0
query20 2.30 57% 0 76504 1.00 1.00 3 2 STAR 246 23 35 1 1 1 1 49 119 1 1 37 0 5 1 1 1 1 5 2 1 1 5 0
query21 5.57 63% 0 144416 1.00 1.00 4 3 HYBRID 3798 153 1 1 1 542 1 2061 597 592 1 1 0 1 1 1 49 1 2 48 48 1 1 0
query22 5.61 63% 0 143396 1.00 1.00 4 3 HYBRID 3798 153 1 1 1 542 1 2061 597 592 1 1 0 1 1 1 49 1 2 48 48 1 1 0
query23 4.58 62% 0 125252 1.00 1.00 3 2 PATH 2112 116 1 1 1 187 1 1 210 198 1 1511 0 1 1 1 36 1 1 36 36 1 2 0
query24 2.01 51% 0 73280 1.00 1.00 5 4 HYBRID 18 13 1 1 1 1 1 5 2 4 1 1 0 1 1 1 1 1 2 2 2 1 1 0
query25 2.02 51% 0 72680 1.00 1.00 5 4 HYBRID 18 13 1 1 1 1 1 5 2 4 1 1 0 1 1 1 1 1 2 2 2 1 1 0
query26 1.95 51% 0 71820 1.00 1.00 5 4 HYBRID 18 13 1 1 1 1 1 5 2 4 1 1 0 1 1 1 1 1 2 2 2 1 1 0
query27 5.62 68% 0 140724 1.00 1.00 4 3 HYBRID 3798 153 1 1 1 542 1 2061 597 592 1 1 0 1 1 1 49 1 2 48 48 1 1 0
query28 5.95 53% 0 127576 1.00 1.00 4 3 HYBRID 1965 116 229 1 228 1 1 1501 1 1 1 1 0 54 1 53 1 1 2 1 1 1 1 0
query29 5.96 53% 0 126556 1.00 1.00 4 3 HYBRID 1965 116 229 1 228 1 1 1501 1 1 1 1 0 54 1 53 1 1 2 1 1 1 1 0
query30 5.95 53% 0 124328 1.00 1.00 4 3 HYBRID 1965 116 229 1 228 1 1 1501 1 1 1 1 0 54 1 53 1 1 2 1 1 1 1 0
query31 2.33 55% 0 76044 1.00 1.00 3 2 STAR 207 24 1 1 1 1 25 124 31 21 1 1 0 1 1 1 1 5 2 6 5 1 1 0
query32 2.30 55% 0 76512 1.00 1.00 3 2 STAR 207 24 1 1 1 1 25 124 31 21 1 1 0 1 1 1 1 5 2 6 5 1 1 0
query33 4.57 61% 0 126760 1.00 1.00 3 2 PATH 2112 116 1 1 1 187 1 1 210 198 1 1511 0 1 1 1 36 1 1 36 36 1 2 0
query34 2.53 50% 0 76576 1.00 1.00 5 4 STAR 155 25 1 1 1 5 1 138 1 1 5 1 0 1 1 1 8 1 2 1 1 8 1 0
query35 2.33 55% 0 76568 1.00 1.00 3 2 STAR 207 24 1 1 1 1 25 124 31 21 1 1 0 1 1 1 1 5 2 6 5 1 1 0
query36 2.32 55% 0 75940 1.00 1.00 3 2 STAR 207 24 1 1 1 1 25 124 31 21 1 1 0 1 1 1 1 5 2 6 5 1 1 0
query37 2.33 55% 0 75908 1.00 1.00 3 2 STAR 207 24 1 1 1 1 25 124 31 21 1 1 0 1 1 1 1 5 2 6 5 1 1 0
query38 2.34 55% 0 76232 1.00 1.00 3 2 STAR 207 24 1 1 1 1 25 124 31 21 1 1 0 1 1 1 1 5 2 6 5 1 1 0
query39 2.32 56% 0 76036 1.00 1.00 3 2 STAR 207 24 1 1 1 1 25 124 31 21 1 1 0 1 1 1 1 5 2 6 5 1 1 0
query40 2.33 54% 0 76500 1.00 1.00 3 2 STAR 207 24 1 1 1 1 25 124 31 21 1 1 0 1 1 1 1 5 2 6 5 1 1 0
query42 2.34 56% 0 76452 0 0 3 2 STAR 207 24 1 1 1 1 25 124 31 21 1 1 0 1 1 1 1 5 2 6 5 1 1 0
query43 4.58 62% 0 123172 0 0 3 2 PATH 2112 116 1 1 1 187 1 1 210 198 1 1511 0 1 1 1 36 1 1 36 36 1 2 0
query44 2.29 55% 0 76384 0 0 3 2 STAR 207 24 1 1 1 1 25 124 31 21 1 1 0 1 1 1 1 5 2 6 5 1 1 0
query45 2.33 56% 0 76296 1.00 1.00 3 2 STAR 207 24 1 1 1 1 25 124 31 21 1 1 0 1 1 1 1 5 2 6 5 1 1 0
query46 2.29 55% 0 76340 1.00 1.00 3 2 STAR 207 24 1 1 1 1 25 124 31 21 1 1 0 1 1 1 1 5 2 6 5 1 1 0
query47 2.31 55% 0 76776 1.00 1.00 3 2 STAR 207 24 1 1 1 1 25 124 31 21 1 1 0 1 1 1 1 5 2 6 5 1 1 0
query48 2.33 56% 0 76224 1.00 1.00 3 2 STAR 207 24 1 1 1 1 25 124 31 21 1 1 0 1 1 1 1 5 2 6 5 1 1 0
query49 4.58 63% 0 124568 0 0 3 2 PATH 2112 116 1 1 1 187 1 1 210 198 1 1511 0 1 1 1 36 1 1 36 36 1 2 0
query50 2.32 56% 0 76624 0 0 3 2 STAR 207 24 1 1 1 1 25 124 31 21 1 1 0 1 1 1 1 5 2 6 5 1 1 0
query51 4.54 61% 0 124676 0 0 3 2 PATH 2112 116 1 1 1 187 1 1 210 198 1 1511 0 1 1 1 36 1 1 36 36 1 2 0
query52 30.48 25% 0 324376 0 0 6 5 HYBRID 24570 834 1 1 1 1 1 12281 6140 6142 1 1 0 1 1 1 1 1 2 413 412 1 1 0
query53 30.24 24% 0 325372 1.00 1.00 6 5 HYBRID 24570 834 1 1 1 1 1 12281 6140 6142 1 1 0 1 1 1 1 1 2 413 412 1 1 0
query54 30.28 25% 0 322500 1.00 1.00 6 5 HYBRID 24570 834 1 1 1 1 1 12281 6140 6142 1 1 0 1 1 1 1 1 2 413 412 1 1 0
query55 30.33 24% 0 325664 1.00 1.00 6 5 HYBRID 24570 834 1 1 1 1 1 12281 6140 6142 1 1 0 1 1 1 1 1 2 413 412 1 1 0
query56 30.32 25% 0 321688 1.00 1.00 6 5 HYBRID 24570 834 1 1 1 1 1 12281 6140 6142 1 1 0 1 1 1 1 1 2 413 412 1 1 0
query57 30.32 25% 0 325484 1.00 1.00 6 5 HYBRID 24570 834 1 1 1 1 1 12281 6140 6142 1 1 0 1 1 1 1 1 2 413 412 1 1 0
query58 29.98 24% 0 326060 1.00 1.00 6 5 HYBRID 24570 834 1 1 1 1 1 12281 6140 6142 1 1 0 1 1 1 1 1 2 413 412 1 1 0
query59 30.15 24% 0 329408 1.00 1.00 6 5 HYBRID 24570 834 1 1 1 1 1 12281 6140 6142 1 1 0 1 1 1 1 1 2 413 412 1 1 0
query60 30.19 25% 0 321656 1.00 1.00 6 5 HYBRID 24570 834 1 1 1 1 1 12281 6140 6142 1 1 0 1 1 1 1 1 2 413 412 1 1 0
query61 30.31 24% 0 325988 1.00 1.00 6 5 HYBRID 24570 834 1 1 1 1 1 12281 6140 6142 1 1 0 1 1 1 1 1 2 413 412 1 1 0
query62 30.26 24% 0 330908 1.00 1.00 6 5 HYBRID 24570 834 1 1 1 1 1 12281 6140 6142 1 1 0 1 1 1 1 1 2 413 412 1 1 0
query63 30.31 24% 0 331164 1.00 1.00 6 5 HYBRID 24570 834 1 1 1 1 1 12281 6140 6142 1 1 0 1 1 1 1 1 2 413 412 1 1 0
query64 30.10 24% 0 325164 1.00 1.00 6 5 HYBRID 24570 834 1 1 1 1 1 12281 6140 6142 1 1 0 1 1 1 1 1 2 413 412 1 1 0
query65 30.11 25% 0 327360 1.00 1.00 6 5 HYBRID 24570 834 1 1 1 1 1 12281 6140 6142 1 1 0 1 1 1 1 1 2 413 412 1 1 0
query66 30.13 24% 0 325296 1.00 1.00 6 5 HYBRID 24570 834 1 1 1 1 1 12281 6140 6142 1 1 0 1 1 1 1 1 2 413 412 1 1 0
query67 30.14 25% 0 322176 1.00 1.00 6 5 HYBRID 24570 834 1 1 1 1 1 12281 6140 6142 1 1 0 1 1 1 1 1 2 413 412 1 1 0
query68 30.24 24% 0 324848 1.00 1.00 6 5 HYBRID 24570 834 1 1 1 1 1 12281 6140 6142 1 1 0 1 1 1 1 1 2 413 412 1 1 0
query69 30.10 24% 0 323208 1.00 1.00 6 5 HYBRID 24570 834 1 1 1 1 1 12281 6140 6142 1 1 0 1 1 1 1 1 2 413 412 1 1 0
query70 30.20 25% 0 325764 1.00 1.00 6 5 HYBRID 24570 834 1 1 1 1 1 12281 6140 6142 1 1 0 1 1 1 1 1 2 413 412 1 1 0
query71 29.98 24% 0 329396 1.00 1.00 6 5 HYBRID 24570 834 1 1 1 1 1 12281 6140 6142 1 1 0 1 1 1 1 1 2 413 412 1 1 0
query72 30.01 24% 0 329304 1.00 1.00 6 5 HYBRID 24570 834 1 1 1 1 1 12281 6140 6142 1 1 0 1 1 1 1 1 2 413 412 1 1 0
query73 29.93 24% 0 327864 1.00 1.00 6 5 HYBRID 24570 834 1 1 1 1 1 12281 6140 6142 1 1 0 1 1 1 1 1 2 413 412 1 1 0
query74 30.08 24% 0 326036 1.00 1.00 6 5 HYBRID 24570 834 1 1 1 1 1 12281 6140 6142 1 1 0 1 1 1 1 1 2 413 412 1 1 0
query75 5.54 66% 0 141512 0 0 4 3 HYBRID 3798 153 1 1 1 542 1 2061 597 592 1 1 0 1 1 1 49 1 2 48 48 1 1 0
query76 5.56 65% 0 142204 1.00 1.00 4 3 HYBRID 3798 153 1 1 1 542 1 2061 597 592 1 1 0 1 1 1 49 1 2 48 48 1 1 0
query77 30.08 24% 0 327420 0 0 6 5 HYBRID 24570 834 1 1 1 1 1 12281 6140 6142 1 1 0 1 1 1 1 1 2 413 412 1 1 0
query78 30.10 26% 0 322936 1.00 1.00 6 5 HYBRID 24570 834 1 1 1 1 1 12281 6140 6142 1 1 0 1 1 1 1 1 2 413 412 1 1 0
query79 30.02 25% 0 323640 1.00 1.00 6 5 HYBRID 24570 834 1 1 1 1 1 12281 6140 6142 1 1 0 1 1 1 1 1 2 413 412 1 1 0
query80 30.02 25% 0 332552 1.00 1.00 6 5 HYBRID 24570 834 1 1 1 1 1 12281 6140 6142 1 1 0 1 1 1 1 1 2 413 412 1 1 0
query81 29.91 25% 0 327920 1.00 1.00 6 5 HYBRID 24570 834 1 1 1 1 1 12281 6140 6142 1 1 0 1 1 1 1 1 2 413 412 1 1 0
query82 29.95 24% 0 325948 1.00 1.00 6 5 HYBRID 24570 834 1 1 1 1 1 12281 6140 6142 1 1 0 1 1 1 1 1 2 413 412 1 1 0
query83 29.96 25% 0 327060 1.00 1.00 6 5 HYBRID 24570 834 1 1 1 1 1 12281 6140 6142 1 1 0 1 1 1 1 1 2 413 412 1 1 0
query84 29.96 24% 0 329784 1.00 1.00 6 5 HYBRID 24570 834 1 1 1 1 1 12281 6140 6142 1 1 0 1 1 1 1 1 2 413 412 1 1 0
query85 29.94 25% 0 325816 1.00 1.00 6 5 HYBRID 24570 834 1 1 1 1 1 12281 6140 6142 1 1 0 1 1 1 1 1 2 413 412 1 1 0
query86 30.13 24% 0 326744 1.00 1.00 6 5 HYBRID 24570 834 1 1 1 1 1 12281 6140 6142 1 1 0 1 1 1 1 1 2 413 412 1 1 0
query87 30.05 25% 0 325920 1.00 1.00 6 5 HYBRID 24570 834 1 1 1 1 1 12281 6140 6142 1 1 0 1 1 1 1 1 2 413 412 1 1 0
query88 29.91 25% 0 324228 1.00 1.00 6 5 HYBRID 24570 834 1 1 1 1 1 12281 6140 6142 1 1 0 1 1 1 1 1 2 413 412 1 1 0
query89 5.55 67% 0 140188 0 0 4 3 HYBRID 3798 153 1 1 1 542 1 2061 597 592 1 1 0 1 1 1 49 1 2 48 48 1 1 0
query90 30.10 25% 0 324236 0 0 6 5 HYBRID 24570 834 1 1 1 1 1 12281 6140 6142 1 1 0 1 1 1 1 1 2 413 412 1 1 0
query91 5.56 67% 0 142232 0 0 4 3 HYBRID 3798 153 1 1 1 542 1 2061 597 592 1 1 0 1 1 1 49 1 2 48 48 1 1 0
query92 3.81 55% 0 99796 0 0 4 3 STAR 702 60 1 1 1 15 1 663 1 1 17 1 0 1 1 1 26 1 2 1 1 25 1 0
query93 30.08 25% 0 330148 0 0 6 5 HYBRID 24570 834 1 1 1 1 1 12281 6140 6142 1 1 0 1 1 1 1 1 2 413 412 1 1 0
query94 29.91 23% 0 330532 1.00 1.00 6 5 HYBRID 24570 834 1 1 1 1 1 12281 6140 6142 1 1 0 1 1 1 1 1 2 413 412 1 1 0
query95 5.49 65% 0 140848 0 0 4 3 HYBRID 3798 153 1 1 1 542 1 2061 597 592 1 1 0 1 1 1 49 1 2 48 48 1 1 0
query96 29.98 24% 0 321848 0 0 6 5 HYBRID 24570 834 1 1 1 1 1 12281 6140 6142 1 1 0 1 1 1 1 1 2 413 412 1 1 0
query97 29.97 24% 0 327712 1.00 1.00 6 5 HYBRID 24570 834 1 1 1 1 1 12281 6140 6142 1 1 0 1 1 1 1 1 2 413 412 1 1 0
query98 30.04 25% 0 323732 1.00 1.00 6 5 HYBRID 24570 834 1 1 1 1 1 12281 6140 6142 1 1 0 1 1 1 1 1 2 413 412 1 1 0
query99 29.86 25% 0 327140 1.00 1.00 6 5 HYBRID 24570 834 1 1 1 1 1 12281 6140 6142 1 1 0 1 1 1 1 1 2 413 412 1 1 0
query100 29.78 25% 0 330488 1.00 1.00 6 5 HYBRID 24570 834 1 1 1 1 1 12281 6140 6142 1 1 0 1 1 1 1 1 2 413 412 1 1 0
