query1 10.47 53% 0 144912 1.00 1.00 4 3 HYBRID 3818 173 1 1 1 1 1 1 1 1 1 1 1 1 1 1 1 1 534 1 611 1 1 1 1 586 1 1 1 1 2061 1 0 1 1 1 1 1 1 1 1 1 1 1 1 1 1 1 1 48 1 49 1 1 1 1 48 1 1 1 1 2 1 0
query3 7.23 46% 0 111432 1.00 1.00 4 3 STAR 940 66 1 1 1 1 1 456 1 1 1 1 1 1 1 1 1 154 155 1 1 1 1 1 1 1 1 1 149 1 1 1 0 1 1 1 1 1 2 1 1 1 1 1 1 1 1 1 12 13 1 1 1 1 1 1 1 1 1 13 1 1 1 0
query4 7.06 48% 0 114172 1.00 1.00 4 3 STAR 940 66 1 1 1 1 1 456 1 1 1 1 1 1 1 1 1 154 154 1 1 1 1 1 1 1 1 1 150 1 1 1 0 1 1 1 1 1 2 1 1 1 1 1 1 1 1 1 12 12 1 1 1 1 1 1 1 1 1 14 1 1 1 0
query6 7.12 50% 0 109900 1.00 1.00 4 3 STAR 940 66 1 1 1 1 1 456 1 1 1 1 1 1 1 1 1 154 155 1 1 1 1 1 1 1 1 1 149 1 1 1 0 1 1 1 1 1 2 1 1 1 1 1 1 1 1 1 12 13 1 1 1 1 1 1 1 1 1 13 1 1 1 0
query7 7.83 49% 0 120928 1.00 1.00 5 3 HYBRID 1168 115 1 1 1 1 1 1 1 1 1 1 1 1 1 191 1 1 529 1 5 8 13 1 1 1 1 1 1 1 200 199 0 1 1 1 1 1 1 1 1 1 1 1 1 1 14 1 1 2 1 15 15 17 1 1 1 1 1 1 1 15 14 0
query8 7.89 48% 0 118520 1.00 1.00 5 3 HYBRID 1168 115 1 1 1 1 1 1 1 1 1 1 1 1 1 192 1 1 529 1 15 5 6 1 1 1 1 1 1 1 199 199 0 1 1 1 1 1 1 1 1 1 1 1 1 1 15 1 1 2 1 15 16 16 1 1 1 1 1 1 1 14 14 0
query9 7.83 48% 0 121272 1.00 1.00 5 3 HYBRID 1168 115 1 1 1 1 1 1 1 1 1 1 1 1 1 191 1 1 529 1 11 7 8 1 1 1 1 1 1 1 200 199 0 1 1 1 1 1 1 1 1 1 1 1 1 1 14 1 1 2 1 16 15 16 1 1 1 1 1 1 1 15 14 0
query10 6.23 30% 0 81548 1.00 1.00 8 2 STAR 69 42 1 1 1 1 1 1 1 1 1 15 1 1 1 1 1 1 1 1 5 2 1 1 1 9 1 8 2 2 4 1 0 1 1 1 1 1 1 1 1 1 2 1 1 1 1 1 1 1 1 3 2 1 1 1 5 1 2 2 2 2 1 0
query11 7.76 50% 0 123508 1.00 1.00 5 3 HYBRID 1168 115 1 1 1 1 1 1 1 1 1 1 1 1 1 192 1 1 529 1 10 8 8 1 1 1 1 1 1 1 199 199 0 1 1 1 1 1 1 1 1 1 1 1 1 1 15 1 1 2 1 15 16 16 1 1 1 1 1 1 1 14 14 0
query12 9.82 55% 0 149532 1.00 1.00 4 3 HYBRID 3818 173 1 1 1 1 1 1 1 1 1 1 1 1 1 1 1 1 534 1 611 1 1 1 1 586 1 1 1 1 2061 1 0 1 1 1 1 1 1 1 1 1 1 1 1 1 1 1 1 48 1 48 1 1 1 1 49 1 1 1 1 2 1 0
query13 8.97 50% 0 132628 1.00 1.00 3 2 PATH 2132 136 1 1 1 1 1 1 1 1 1 1 1 1 1 1 1 1 187 1 210 1 1 1 1 198 1 1 1 1 1 1511 0 1 1 1 1 1 1 1 1 1 1 1 1 1 1 1 1 35 1 36 1 1 1 1 37 1 1 1 1 1 2 0
query14 9.96 53% 0 150504 1.00 1.00 4 3 HYBRID 3818 173 1 1 1 1 1 1 1 1 1 1 1 1 1 1 1 1 534 1 611 1 1 1 1 586 1 1 1 1 2061 1 0 1 1 1 1 1 1 1 1 1 1 1 1 1 1 1 1 48 1 49 1 1 1 1 48 1 1 1 1 2 1 0
query15 8.05 54% 0 121788 1.00 1.00 3 2 STAR 2839 96 1 1 1 1 1 1 1 1 1 1 1 1 1 610 660 1 1 1 1 1 1 1 1 1 642 1 901 1 1 1 0 1 1 1 1 1 1 1 1 1 1 1 1 1 23 22 1 1 1 1 1 1 1 1 1 23 1 2 1 1 1 0
query16 8.00 52% 0 126648 1.00 1.00 3 2 PATH 1731 96 1 1 1 288 1 1 1 1 1 1 1 1 1 1 1 1 1 1 1 1 1 1 901 259 257 1 1 1 1 1 0 1 1 1 22 1 1 1 1 1 1 1 1 1 1 1 1 1 1 1 1 1 1 2 22 24 1 1 1 1 1 0
query17 8.00 52% 0 125328 1.00 1.00 3 2 STAR 2839 96 1 1 1 1 1 1 1 1 1 1 1 1 1 610 660 1 1 1 1 1 1 1 1 1 642 1 901 1 1 1 0 1 1 1 1 1 1 1 1 1 1 1 1 1 22 23 1 1 1 1 1 1 1 1 1 23 1 2 1 1 1 0
query18 9.93 53% 0 153332 1.00 1.00 4 3 HYBRID 3818 173 1 1 1 1 1 1 1 1 1 1 1 1 1 1 1 1 534 1 611 1 1 1 1 586 1 1 1 1 2061 1 0 1 1 1 1 1 1 1 1 1 1 1 1 1 1 1 1 48 1 49 1 1 1 1 48 1 1 1 1 2 1 0
query19 7.68 52% 0 117768 1.00 1.00 3 2 PATH 1731 96 1 1 1 288 1 1 1 1 1 1 1 1 1 1 1 1 1 1 1 1 1 1 901 259 257 1 1 1 1 1 0 1 1 1 22 1 1 1 1 1 1 1 1 1 1 1 1 1 1 1 1 1 1 2 23 23 1 1 1 1 1 0
query20 6.32 34% 0 83776 1.00 1.00 3 2 STAR 266 43 1 1 1 1 1 35 1 1 49 1 1 1 1 1 1 1 1 1 1 1 1 1 1 1 119 1 37 1 1 1 0 1 1 1 1 1 5 1 1 5 1 1 1 1 1 1 1 1 1 1 1 1 1 1 1 2 1 5 1 1 1 0
query21 9.97 55% 0 152236 1.00 1.00 4 3 HYBRID 3818 173 1 1 1 1 1 1 1 1 1 1 1 1 1 1 1 1 534 1 611 1 1 1 1 586 1 1 1 1 2061 1 0 1 1 1 1 1 1 1 1 1 1 1 1 1 1 1 1 48 1 49 1 1 1 1 48 1 1 1 1 2 1 0
query22 10.00 56% 0 149932 1.00 1.00 4 3 HYBRID 3818 173 1 1 1 1 1 1 1 1 1 1 1 1 1 1 1 1 534 1 611 1 1 1 1 586 1 1 1 1 2061 1 0 1 1 1 1 1 1 1 1 1 1 1 1 1 1 1 1 49 1 48 1 1 1 1 48 1 1 1 1 2 1 0
query23 8.96 53% 0 135368 1.00 1.00 3 2 PATH 2132 136 1 1 1 1 1 1 1 1 1 1 1 1 1 1 1 1 187 1 210 1 1 1 1 198 1 1 1 1 1 1511 0 1 1 1 1 1 1 1 1 1 1 1 1 1 1 1 1 36 1 36 1 1 1 1 36 1 1 1 1 1 2 0
query24 9.64 53% 0 145608 1.00 1.00 6 4 HYBRID 1985 171 2 1 1 1 4 1 1 1 1 1 1 1 1 1 1 1 1 1 1 1 1 1 159 1 162 1 1501 1 1 133 0 13 1 1 1 12 1 1 1 1 1 1 1 1 1 1 1 1 1 1 1 1 1 35 1 37 1 2 1 13 36 0
query25 9.50 57% 0 148180 1.00 1.00 6 4 HYBRID 1985 171 4 1 1 1 1 1 1 1 1 1 1 1 1 1 1 1 1 1 1 1 1 1 159 1 161 1 1501 1 2 134 0 13 1 1 1 12 1 1 1 1 1 1 1 1 1 1 1 1 1 1 1 1 1 35 1 36 1 2 1 13 37 0
query26 9.38 56% 0 144076 1.00 1.00 6 4 HYBRID 1985 171 2 1 1 1 2 1 1 1 1 1 1 1 1 1 1 1 1 1 1 1 1 1 159 1 161 1 1501 1 3 134 0 12 1 1 1 12 1 1 1 1 1 1 1 1 1 1 1 1 1 1 1 1 1 35 1 36 1 2 1 14 37 0
query27 9.81 55% 0 148904 1.00 1.00 4 3 HYBRID 3818 173 1 1 1 1 1 1 1 1 1 1 1 1 1 1 1 1 534 1 611 1 1 1 1 586 1 1 1 1 2061 1 0 1 1 1 1 1 1 1 1 1 1 1 1 1 1 1 1 49 1 48 1 1 1 1 48 1 1 1 1 2 1 0
query28 11.43 50% 0 159616 1.00 1.00 5 3 HYBRID 3495 241 1 1 1 1 1 153 1 1 1 1 1 1 1 1 1 388 495 1 1 163 142 1 1 1 1 1 620 1 1 1511 0 1 1 1 1 1 35 1 1 1 1 1 1 1 1 1 35 37 1 1 36 37 1 1 1 1 1 36 1 1 2 0
query29 11.34 49% 0 162844 1.00 1.00 5 3 HYBRID 3495 241 1 1 1 1 1 132 1 1 1 1 1 1 1 1 1 388 493 1 1 153 173 1 1 1 1 1 622 1 1 1511 0 1 1 1 1 1 35 1 1 1 1 1 1 1 1 1 35 36 1 1 37 36 1 1 1 1 1 37 1 1 2 0
query30 11.28 52% 0 165536 1.00 1.00 5 3 HYBRID 3495 241 1 1 1 1 1 149 1 1 1 1 1 1 1 1 1 390 493 1 1 159 150 1 1 1 1 1 620 1 1 1511 0 1 1 1 1 1 35 1 1 1 1 1 1 1 1 1 36 36 1 1 36 37 1 1 1 1 1 36 1 1 2 0
query31 6.27 35% 0 90240 1.00 1.00 3 2 STAR 227 44 1 1 1 1 1 1 1 26 1 1 1 1 30 1 1 1 1 1 1 1 1 1 1 1 1 1 21 1 1 124 0 1 1 1 1 1 1 1 5 1 1 1 1 6 1 1 1 1 1 1 1 1 1 1 1 1 1 5 1 1 2 0
query32 6.25 35% 0 89592 1.00 1.00 3 2 STAR 227 44 1 1 1 1 1 1 1 26 1 1 1 1 30 1 1 1 1 1 1 1 1 1 1 1 1 1 21 1 1 124 0 1 1 1 1 1 1 1 5 1 1 1 1 6 1 1 1 1 1 1 1 1 1 1 1 1 1 5 1 1 2 0
query33 4.49 23% 0 51596 0.00 1.00 0 2 PATH 24 24 0 0 0 0 0 0 1 1 1 1 1 1 1 1 1 1 1 1 1 1 1 1 1 1 1 1 1 1 1 1 0 0 0 0 0 0 0 1 1 1 1 1 1 1 1 1 1 1 1 1 1 1 1 1 1 1 1 1 1 1 1 0
query34 6.47 41% 0 98756 1.00 1.00 6 4 STAR 249 54 1 1 1 1 5 3 1 1 1 3 1 1 4 1 1 1 1 1 1 1 1 5 1 1 1 201 5 1 1 1 0 1 1 1 1 7 2 1 1 1 2 1 1 7 1 1 1 1 1 1 1 1 4 1 1 1 2 7 1 1 1 0
query35 6.42 35% 0 91028 1.00 1.00 3 2 STAR 227 44 1 1 1 1 1 1 1 26 1 1 1 1 30 1 1 1 1 1 1 1 1 1 1 1 1 1 21 1 1 124 0 1 1 1 1 1 1 1 5 1 1 1 1 5 1 1 1 1 1 1 1 1 1 1 1 1 1 6 1 1 2 0
query36 6.27 35% 0 91048 1.00 1.00 3 2 STAR 227 44 1 1 1 1 1 1 1 26 1 1 1 1 30 1 1 1 1 1 1 1 1 1 1 1 1 1 21 1 1 124 0 1 1 1 1 1 1 1 5 1 1 1 1 6 1 1 1 1 1 1 1 1 1 1 1 1 1 5 1 1 2 0
query37 6.33 35% 0 91008 1.00 1.00 3 2 STAR 227 44 1 1 1 1 1 1 1 26 1 1 1 1 30 1 1 1 1 1 1 1 1 1 1 1 1 1 21 1 1 124 0 1 1 1 1 1 1 1 5 1 1 1 1 6 1 1 1 1 1 1 1 1 1 1 1 1 1 5 1 1 2 0
query38 6.41 36% 0 90304 1.00 1.00 3 2 STAR 227 44 1 1 1 1 1 1 1 26 1 1 1 1 30 1 1 1 1 1 1 1 1 1 1 1 1 1 21 1 1 124 0 1 1 1 1 1 1 1 5 1 1 1 1 6 1 1 1 1 1 1 1 1 1 1 1 1 1 5 1 1 2 0
query39 6.33 35% 0 88772 1.00 1.00 3 2 STAR 227 44 1 1 1 1 1 1 1 26 1 1 1 1 30 1 1 1 1 1 1 1 1 1 1 1 1 1 21 1 1 124 0 1 1 1 1 1 1 1 5 1 1 1 1 6 1 1 1 1 1 1 1 1 1 1 1 1 1 5 1 1 2 0
query40 6.36 35% 0 92080 1.00 1.00 3 2 STAR 227 44 1 1 1 1 1 1 1 26 1 1 1 1 30 1 1 1 1 1 1 1 1 1 1 1 1 1 21 1 1 124 0 1 1 1 1 1 1 1 6 1 1 1 1 5 1 1 1 1 1 1 1 1 1 1 1 1 1 5 1 1 2 0
query42 8.98 52% 0 134712 1.00 1.00 3 2 PATH 2132 136 1 1 1 1 1 1 1 1 1 1 1 1 1 1 1 1 187 1 210 1 1 1 1 198 1 1 1 1 1 1511 0 1 1 1 1 1 1 1 1 1 1 1 1 1 1 1 1 36 1 36 1 1 1 1 36 1 1 1 1 1 2 0
query43 6.23 35% 0 90728 1.00 1.00 3 2 STAR 227 44 1 1 1 1 1 1 1 26 1 1 1 1 30 1 1 1 1 1 1 1 1 1 1 1 1 1 21 1 1 124 0 1 1 1 1 1 1 1 6 1 1 1 1 5 1 1 1 1 1 1 1 1 1 1 1 1 1 5 1 1 2 0
query44 8.84 51% 0 135528 1.00 1.00 3 2 PATH 2132 136 1 1 1 1 1 1 1 1 1 1 1 1 1 1 1 1 187 1 210 1 1 1 1 198 1 1 1 1 1 1511 0 1 1 1 1 1 1 1 1 1 1 1 1 1 1 1 1 35 1 36 1 1 1 1 37 1 1 1 1 1 2 0
query45 6.28 36% 0 90488 1.00 1.00 3 2 STAR 227 44 1 1 1 1 1 1 1 26 1 1 1 1 30 1 1 1 1 1 1 1 1 1 1 1 1 1 21 1 1 124 0 1 1 1 1 1 1 1 6 1 1 1 1 5 1 1 1 1 1 1 1 1 1 1 1 1 1 5 1 1 2 0
query46 6.23 35% 0 90664 1.00 1.00 3 2 STAR 227 44 1 1 1 1 1 1 1 26 1 1 1 1 30 1 1 1 1 1 1 1 1 1 1 1 1 1 21 1 1 124 0 1 1 1 1 1 1 1 6 1 1 1 1 5 1 1 1 1 1 1 1 1 1 1 1 1 1 5 1 1 2 0
query47 6.40 37% 0 91296 1.00 1.00 3 2 STAR 227 44 1 1 1 1 1 1 1 26 1 1 1 1 30 1 1 1 1 1 1 1 1 1 1 1 1 1 21 1 1 124 0 1 1 1 1 1 1 1 5 1 1 1 1 5 1 1 1 1 1 1 1 1 1 1 1 1 1 6 1 1 2 0
query48 6.22 37% 0 90868 1.00 1.00 3 2 STAR 227 44 1 1 1 1 1 1 1 26 1 1 1 1 30 1 1 1 1 1 1 1 1 1 1 1 1 1 21 1 1 124 0 1 1 1 1 1 1 1 5 1 1 1 1 6 1 1 1 1 1 1 1 1 1 1 1 1 1 5 1 1 2 0
query49 6.36 36% 0 90300 1.00 1.00 3 2 STAR 227 44 1 1 1 1 1 1 1 26 1 1 1 1 30 1 1 1 1 1 1 1 1 1 1 1 1 1 21 1 1 124 0 1 1 1 1 1 1 1 5 1 1 1 1 6 1 1 1 1 1 1 1 1 1 1 1 1 1 5 1 1 2 0
query50 8.90 53% 0 131964 1.00 1.00 3 2 PATH 2132 136 1 1 1 1 1 1 1 1 1 1 1 1 1 1 1 1 187 1 210 1 1 1 1 198 1 1 1 1 1 1511 0 1 1 1 1 1 1 1 1 1 1 1 1 1 1 1 1 36 1 36 1 1 1 1 36 1 1 1 1 1 2 0
query51 6.25 36% 0 90500 1.00 1.00 3 2 STAR 227 44 1 1 1 1 1 1 1 26 1 1 1 1 30 1 1 1 1 1 1 1 1 1 1 1 1 1 21 1 1 124 0 1 1 1 1 1 1 1 5 1 1 1 1 5 1 1 1 1 1 1 1 1 1 1 1 1 1 6 1 1 2 0
query52 8.82 52% 0 134780 1.00 1.00 3 2 PATH 2132 136 1 1 1 1 1 1 1 1 1 1 1 1 1 1 1 1 187 1 210 1 1 1 1 198 1 1 1 1 1 1511 0 1 1 1 1 1 1 1 1 1 1 1 1 1 1 1 1 35 1 36 1 1 1 1 37 1 1 1 1 1 2 0
query53 96.85 13% 0 299492 1.00 1.00 6 5 HYBRID 13821 1315 1 1 1 1 1 1 1 1 1 1 1 570 1 1 1 1 1 1 1 1 1 1 249 1 1 1 12281 1 695 1 0 1 1 1 1 1 1 1 1 1 1 1 11 1 1 1 1 1 1 1 1 1 1 2 1 1 1 1264 1 12 1 0
query54 96.39 13% 0 290428 1.00 1.00 6 5 HYBRID 13821 1315 1 1 1 1 1 1 1 1 1 1 1 570 1 1 1 1 1 1 1 1 1 1 249 1 1 1 12281 1 695 1 0 1 1 1 1 1 1 1 1 1 1 1 11 1 1 1 1 1 1 1 1 1 1 2 1 1 1 1264 1 12 1 0
query55 96.08 13% 0 297224 1.00 1.00 6 5 HYBRID 13821 1315 1 1 1 1 1 1 1 1 1 1 1 570 1 1 1 1 1 1 1 1 1 1 249 1 1 1 12281 1 695 1 0 1 1 1 1 1 1 1 1 1 1 1 11 1 1 1 1 1 1 1 1 1 1 2 1 1 1 1264 1 12 1 0
query56 96.01 13% 0 298044 1.00 1.00 6 5 HYBRID 13821 1315 1 1 1 1 1 1 1 1 1 1 1 570 1 1 1 1 1 1 1 1 1 1 249 1 1 1 12281 1 695 1 0 1 1 1 1 1 1 1 1 1 1 1 11 1 1 1 1 1 1 1 1 1 1 2 1 1 1 1264 1 12 1 0
query57 95.36 13% 0 293728 1.00 1.00 6 5 HYBRID 13821 1315 1 1 1 1 1 1 1 1 1 1 1 577 1 1 1 1 1 1 1 1 1 1 249 1 1 1 12281 1 688 1 0 1 1 1 1 1 1 1 1 1 1 1 12 1 1 1 1 1 1 1 1 1 1 2 1 1 1 1264 1 11 1 0
query58 94.93 14% 0 298888 1.00 1.00 6 5 HYBRID 13821 1315 1 1 1 1 1 1 1 1 1 1 1 577 1 1 1 1 1 1 1 1 1 1 249 1 1 1 12281 1 688 1 0 1 1 1 1 1 1 1 1 1 1 1 12 1 1 1 1 1 1 1 1 1 1 2 1 1 1 1264 1 11 1 0
query59 95.12 14% 0 297368 1.00 1.00 6 5 HYBRID 13821 1315 1 1 1 1 1 1 1 1 1 1 1 577 1 1 1 1 1 1 1 1 1 1 249 1 1 1 12281 1 688 1 0 1 1 1 1 1 1 1 1 1 1 1 12 1 1 1 1 1 1 1 1 1 1 2 1 1 1 1264 1 11 1 0
query60 95.19 14% 0 291648 1.00 1.00 6 5 HYBRID 13821 1315 1 1 1 1 1 1 1 1 1 1 1 577 1 1 1 1 1 1 1 1 1 1 249 1 1 1 12281 1 688 1 0 1 1 1 1 1 1 1 1 1 1 1 12 1 1 1 1 1 1 1 1 1 1 2 1 1 1 1264 1 11 1 0
query61 95.34 14% 0 294892 1.00 1.00 6 5 HYBRID 13821 1315 1 1 1 1 1 1 1 1 1 1 1 577 1 1 1 1 1 1 1 1 1 1 249 1 1 1 12281 1 688 1 0 1 1 1 1 1 1 1 1 1 1 1 12 1 1 1 1 1 1 1 1 1 1 2 1 1 1 1264 1 11 1 0
query62 95.03 13% 0 294388 1.00 1.00 6 5 HYBRID 13821 1315 1 1 1 1 1 1 1 1 1 1 1 577 1 1 1 1 1 1 1 1 1 1 249 1 1 1 12281 1 688 1 0 1 1 1 1 1 1 1 1 1 1 1 12 1 1 1 1 1 1 1 1 1 1 2 1 1 1 1264 1 11 1 0
query63 95.06 14% 0 290760 1.00 1.00 6 5 HYBRID 13821 1315 1 1 1 1 1 1 1 1 1 1 1 577 1 1 1 1 1 1 1 1 1 1 249 1 1 1 12281 1 688 1 0 1 1 1 1 1 1 1 1 1 1 1 12 1 1 1 1 1 1 1 1 1 1 2 1 1 1 1264 1 11 1 0
query64 95.08 14% 0 291332 1.00 1.00 6 5 HYBRID 13821 1315 1 1 1 1 1 1 1 1 1 1 1 577 1 1 1 1 1 1 1 1 1 1 249 1 1 1 12281 1 688 1 0 1 1 1 1 1 1 1 1 1 1 1 12 1 1 1 1 1 1 1 1 1 1 2 1 1 1 1264 1 11 1 0
query65 95.54 13% 0 298236 1.00 1.00 6 5 HYBRID 13821 1315 1 1 1 1 1 1 1 1 1 1 1 577 1 1 1 1 1 1 1 1 1 1 249 1 1 1 12281 1 688 1 0 1 1 1 1 1 1 1 1 1 1 1 12 1 1 1 1 1 1 1 1 1 1 2 1 1 1 1264 1 11 1 0
query66 95.20 13% 0 292024 1.00 1.00 6 5 HYBRID 13821 1315 1 1 1 1 1 1 1 1 1 1 1 577 1 1 1 1 1 1 1 1 1 1 249 1 1 1 12281 1 688 1 0 1 1 1 1 1 1 1 1 1 1 1 12 1 1 1 1 1 1 1 1 1 1 2 1 1 1 1264 1 11 1 0
query67 95.33 14% 0 293812 1.00 1.00 6 5 HYBRID 13821 1315 1 1 1 1 1 1 1 1 1 1 1 577 1 1 1 1 1 1 1 1 1 1 249 1 1 1 12281 1 688 1 0 1 1 1 1 1 1 1 1 1 1 1 12 1 1 1 1 1 1 1 1 1 1 2 1 1 1 1264 1 11 1 0
query68 95.14 14% 0 293732 1.00 1.00 6 5 HYBRID 13821 1315 1 1 1 1 1 1 1 1 1 1 1 577 1 1 1 1 1 1 1 1 1 1 249 1 1 1 12281 1 688 1 0 1 1 1 1 1 1 1 1 1 1 1 12 1 1 1 1 1 1 1 1 1 1 2 1 1 1 1264 1 11 1 0
query69 95.19 14% 0 294828 1.00 1.00 6 5 HYBRID 13821 1315 1 1 1 1 1 1 1 1 1 1 1 577 1 1 1 1 1 1 1 1 1 1 249 1 1 1 12281 1 688 1 0 1 1 1 1 1 1 1 1 1 1 1 12 1 1 1 1 1 1 1 1 1 1 2 1 1 1 1264 1 11 1 0
query70 95.14 14% 0 297772 1.00 1.00 6 5 HYBRID 13821 1315 1 1 1 1 1 1 1 1 1 1 1 577 1 1 1 1 1 1 1 1 1 1 249 1 1 1 12281 1 688 1 0 1 1 1 1 1 1 1 1 1 1 1 12 1 1 1 1 1 1 1 1 1 1 2 1 1 1 1264 1 11 1 0
query71 94.98 13% 0 295776 1.00 1.00 6 5 HYBRID 13821 1315 1 1 1 1 1 1 1 1 1 1 1 577 1 1 1 1 1 1 1 1 1 1 249 1 1 1 12281 1 688 1 0 1 1 1 1 1 1 1 1 1 1 1 12 1 1 1 1 1 1 1 1 1 1 2 1 1 1 1264 1 11 1 0
query72 95.36 13% 0 296728 1.00 1.00 6 5 HYBRID 13821 1315 1 1 1 1 1 1 1 1 1 1 1 577 1 1 1 1 1 1 1 1 1 1 249 1 1 1 12281 1 688 1 0 1 1 1 1 1 1 1 1 1 1 1 12 1 1 1 1 1 1 1 1 1 1 2 1 1 1 1264 1 11 1 0
query73 95.24 14% 0 296976 1.00 1.00 6 5 HYBRID 13821 1315 1 1 1 1 1 1 1 1 1 1 1 577 1 1 1 1 1 1 1 1 1 1 249 1 1 1 12281 1 688 1 0 1 1 1 1 1 1 1 1 1 1 1 12 1 1 1 1 1 1 1 1 1 1 2 1 1 1 1264 1 11 1 0
query74 95.51 14% 0 302860 1.00 1.00 6 5 HYBRID 13821 1315 1 1 1 1 1 1 1 1 1 1 1 570 1 1 1 1 1 1 1 1 1 1 249 1 1 1 12281 1 695 1 0 1 1 1 1 1 1 1 1 1 1 1 11 1 1 1 1 1 1 1 1 1 1 2 1 1 1 1264 1 12 1 0
query75 95.31 14% 0 294712 1.00 1.00 6 5 HYBRID 13821 1315 1 1 1 1 1 1 1 1 1 1 1 570 1 1 1 1 1 1 1 1 1 1 249 1 1 1 12281 1 695 1 0 1 1 1 1 1 1 1 1 1 1 1 11 1 1 1 1 1 1 1 1 1 1 2 1 1 1 1264 1 12 1 0
query76 9.82 59% 0 152212 1.00 1.00 4 3 HYBRID 3818 173 1 1 1 1 1 1 1 1 1 1 1 1 1 1 1 1 534 1 611 1 1 1 1 586 1 1 1 1 2061 1 0 1 1 1 1 1 1 1 1 1 1 1 1 1 1 1 1 48 1 49 1 1 1 1 48 1 1 1 1 2 1 0
query77 10.08 58% 0 149216 1.00 1.00 4 3 HYBRID 3818 173 1 1 1 1 1 1 1 1 1 1 1 1 1 1 1 1 534 1 611 1 1 1 1 586 1 1 1 1 2061 1 0 1 1 1 1 1 1 1 1 1 1 1 1 1 1 1 1 49 1 48 1 1 1 1 48 1 1 1 1 2 1 0
query78 95.15 14% 0 293960 1.00 1.00 6 5 HYBRID 13821 1315 1 1 1 1 1 1 1 1 1 1 1 577 1 1 1 1 1 1 1 1 1 1 249 1 1 1 12281 1 688 1 0 1 1 1 1 1 1 1 1 1 1 1 12 1 1 1 1 1 1 1 1 1 1 2 1 1 1 1264 1 11 1 0
query79 95.03 14% 0 296748 1.00 1.00 6 5 HYBRID 13821 1315 1 1 1 1 1 1 1 1 1 1 1 570 1 1 1 1 1 1 1 1 1 1 249 1 1 1 12281 1 695 1 0 1 1 1 1 1 1 1 1 1 1 1 11 1 1 1 1 1 1 1 1 1 1 2 1 1 1 1264 1 12 1 0
query80 95.33 13% 0 296196 1.00 1.00 6 5 HYBRID 13821 1315 1 1 1 1 1 1 1 1 1 1 1 577 1 1 1 1 1 1 1 1 1 1 249 1 1 1 12281 1 688 1 0 1 1 1 1 1 1 1 1 1 1 1 12 1 1 1 1 1 1 1 1 1 1 2 1 1 1 1264 1 11 1 0
query81 94.97 13% 0 294612 1.00 1.00 6 5 HYBRID 13821 1315 1 1 1 1 1 1 1 1 1 1 1 570 1 1 1 1 1 1 1 1 1 1 249 1 1 1 12281 1 695 1 0 1 1 1 1 1 1 1 1 1 1 1 11 1 1 1 1 1 1 1 1 1 1 2 1 1 1 1264 1 12 1 0
query82 95.15 13% 0 291816 1.00 1.00 6 5 HYBRID 13821 1315 1 1 1 1 1 1 1 1 1 1 1 570 1 1 1 1 1 1 1 1 1 1 249 1 1 1 12281 1 695 1 0 1 1 1 1 1 1 1 1 1 1 1 11 1 1 1 1 1 1 1 1 1 1 2 1 1 1 1264 1 12 1 0
query83 94.83 14% 0 299784 1.00 1.00 6 5 HYBRID 13821 1315 1 1 1 1 1 1 1 1 1 1 1 570 1 1 1 1 1 1 1 1 1 1 249 1 1 1 12281 1 695 1 0 1 1 1 1 1 1 1 1 1 1 1 11 1 1 1 1 1 1 1 1 1 1 2 1 1 1 1264 1 12 1 0
query84 95.32 13% 0 299064 1.00 1.00 6 5 HYBRID 13821 1315 1 1 1 1 1 1 1 1 1 1 1 577 1 1 1 1 1 1 1 1 1 1 249 1 1 1 12281 1 688 1 0 1 1 1 1 1 1 1 1 1 1 1 12 1 1 1 1 1 1 1 1 1 1 2 1 1 1 1264 1 11 1 0
query85 95.13 14% 0 303192 1.00 1.00 6 5 HYBRID 13821 1315 1 1 1 1 1 1 1 1 1 1 1 577 1 1 1 1 1 1 1 1 1 1 249 1 1 1 12281 1 688 1 0 1 1 1 1 1 1 1 1 1 1 1 12 1 1 1 1 1 1 1 1 1 1 2 1 1 1 1264 1 11 1 0
query86 95.35 13% 0 298300 1.00 1.00 6 5 HYBRID 13821 1315 1 1 1 1 1 1 1 1 1 1 1 570 1 1 1 1 1 1 1 1 1 1 249 1 1 1 12281 1 695 1 0 1 1 1 1 1 1 1 1 1 1 1 11 1 1 1 1 1 1 1 1 1 1 2 1 1 1 1264 1 12 1 0
query87 95.18 13% 0 295228 1.00 1.00 6 5 HYBRID 13821 1315 1 1 1 1 1 1 1 1 1 1 1 570 1 1 1 1 1 1 1 1 1 1 249 1 1 1 12281 1 695 1 0 1 1 1 1 1 1 1 1 1 1 1 11 1 1 1 1 1 1 1 1 1 1 2 1 1 1 1264 1 12 1 0
query88 94.83 13% 0 301136 1.00 1.00 6 5 HYBRID 13821 1315 1 1 1 1 1 1 1 1 1 1 1 570 1 1 1 1 1 1 1 1 1 1 249 1 1 1 12281 1 695 1 0 1 1 1 1 1 1 1 1 1 1 1 11 1 1 1 1 1 1 1 1 1 1 2 1 1 1 1264 1 12 1 0
query89 94.87 14% 0 298704 1.00 1.00 6 5 HYBRID 13821 1315 1 1 1 1 1 1 1 1 1 1 1 577 1 1 1 1 1 1 1 1 1 1 249 1 1 1 12281 1 688 1 0 1 1 1 1 1 1 1 1 1 1 1 12 1 1 1 1 1 1 1 1 1 1 2 1 1 1 1264 1 11 1 0
query90 9.90 55% 0 151728 1.00 1.00 4 3 HYBRID 3818 173 1 1 1 1 1 1 1 1 1 1 1 1 1 1 1 1 534 1 611 1 1 1 1 586 1 1 1 1 2061 1 0 1 1 1 1 1 1 1 1 1 1 1 1 1 1 1 1 48 1 49 1 1 1 1 48 1 1 1 1 2 1 0
query91 95.15 14% 0 294216 1.00 1.00 6 5 HYBRID 13821 1315 1 1 1 1 1 1 1 1 1 1 1 577 1 1 1 1 1 1 1 1 1 1 249 1 1 1 12281 1 688 1 0 1 1 1 1 1 1 1 1 1 1 1 12 1 1 1 1 1 1 1 1 1 1 2 1 1 1 1264 1 11 1 0
query92 9.97 59% 0 148916 1.00 1.00 4 3 HYBRID 3818 173 1 1 1 1 1 1 1 1 1 1 1 1 1 1 1 1 534 1 611 1 1 1 1 586 1 1 1 1 2061 1 0 1 1 1 1 1 1 1 1 1 1 1 1 1 1 1 1 48 1 49 1 1 1 1 48 1 1 1 1 2 1 0
query93 9.17 52% 0 134256 1.00 1.00 5 3 STAR 1612 143 1 1 1 1 1 12 1 1 16 15 1 1 1 1 1 1 1 1 1 1 1 6 1 17 1 12 1 1 1 1511 0 1 1 1 1 1 4 1 1 35 3 1 1 1 1 1 1 1 1 1 1 1 3 1 37 1 36 1 1 1 2 0
query94 95.24 13% 0 295096 1.00 1.00 6 5 HYBRID 13821 1315 1 1 1 1 1 1 1 1 1 1 1 570 1 1 1 1 1 1 1 1 1 1 249 1 1 1 12281 1 695 1 0 1 1 1 1 1 1 1 1 1 1 1 11 1 1 1 1 1 1 1 1 1 1 2 1 1 1 1264 1 12 1 0
query95 95.11 14% 0 294756 1.00 1.00 6 5 HYBRID 13821 1315 1 1 1 1 1 1 1 1 1 1 1 577 1 1 1 1 1 1 1 1 1 1 249 1 1 1 12281 1 688 1 0 1 1 1 1 1 1 1 1 1 1 1 12 1 1 1 1 1 1 1 1 1 1 2 1 1 1 1264 1 11 1 0
query96 9.97 56% 0 148536 1.00 1.00 4 3 HYBRID 3818 173 1 1 1 1 1 1 1 1 1 1 1 1 1 1 1 1 534 1 611 1 1 1 1 586 1 1 1 1 2061 1 0 1 1 1 1 1 1 1 1 1 1 1 1 1 1 1 1 48 1 49 1 1 1 1 48 1 1 1 1 2 1 0
query97 95.06 14% 0 291056 1.00 1.00 6 5 HYBRID 13821 1315 1 1 1 1 1 1 1 1 1 1 1 570 1 1 1 1 1 1 1 1 1 1 249 1 1 1 12281 1 695 1 0 1 1 1 1 1 1 1 1 1 1 1 11 1 1 1 1 1 1 1 1 1 1 2 1 1 1 1264 1 12 1 0
query98 95.00 14% 0 297896 1.00 1.00 6 5 HYBRID 13821 1315 1 1 1 1 1 1 1 1 1 1 1 577 1 1 1 1 1 1 1 1 1 1 249 1 1 1 12281 1 688 1 0 1 1 1 1 1 1 1 1 1 1 1 12 1 1 1 1 1 1 1 1 1 1 2 1 1 1 1264 1 11 1 0
query99 94.90 13% 0 293140 1.00 1.00 6 5 HYBRID 13821 1315 1 1 1 1 1 1 1 1 1 1 1 570 1 1 1 1 1 1 1 1 1 1 249 1 1 1 12281 1 695 1 0 1 1 1 1 1 1 1 1 1 1 1 11 1 1 1 1 1 1 1 1 1 1 2 1 1 1 1264 1 12 1 0
query100 95.01 14% 0 298376 1.00 1.00 6 5 HYBRID 13821 1315 1 1 1 1 1 1 1 1 1 1 1 570 1 1 1 1 1 1 1 1 1 1 249 1 1 1 12281 1 695 1 0 1 1 1 1 1 1 1 1 1 1 1 11 1 1 1 1 1 1 1 1 1 1 2 1 1 1 1264 1 12 1 0
