1536
1026
1539
1542
1030
1031
9222
1034
7185
9234
7188
7190
7191
1049
1050
7195
1053
7197
10271
1057
9249
1058
7204
1061
7206
7208
1065
9258
7210
7214
9265
8756
9270
8760
8761
8766
9281
8769
8771
8775
8776
8778
8780
9294
9296
8788
7766
9302
4695
8794
8795
4699
7772
8796
6236
8800
8802
4707
6244
6247
7783
7785
8809
6250
6251
11372
11374
6256
11377
6258
7793
6260
6263
6265
6266
6275
11398
6278
6283
11406
11411
7316
7318
7320
7321
11423
5282
11434
5293
5296
2227
9908
2229
5302
11443
2230
2231
11448
9913
9916
4282
9918
11451
9914
9917
5310
4287
11455
4290
5315
4295
9923
9925
4297
9931
5323
9418
11465
9417
5328
4299
9929
9935
5325
9933
9936
7895
4313
4314
5338
8923
9949
9950
9951
4319
4324
5349
5352
9962
5355
5357
4334
5359
8943
4336
5362
9970
8947
9975
4346
9978
8955
4349
8957
9981
4350
8959
4352
9986
5380
8965
8967
8970
9996
10001
1298
10004
1300
1302
1305
10010
10011
10012
9419
10014
10015
12065
12066
1315
10016
8997
12064
10023
10019
8996
8490
9002
1318
1320
9001
1322
1325
12081
9005
9932
1327
10031
1335
12091
1339
12093
1341
1345
1348
1352
10056
2890
2889
1353
12106
10064
2902
10077
12127
2912
10085
10086
2922
2927
2928
12147
2935
2936
2942
2946
2960
2965
2967
12189
5537
9122
5539
5542
5545
5549
5551
5553
5558
5560
7611
5564
7612
5567
7616
3011
5572
8134
7623
8136
3017
7627
1486
1495
1497
1503
1506
999
1003
1515
1519
1521
1523
1012
1525
1527
1016
9213
1022
9215
