6661
4110
12302
12306
4146
12342
3143
3148
3160
4217
3196
8835
1669
8844
5774
2712
5796
8876
2739
5813
8889
8897
1733
7368
7369
7372
7373
7375
8920
2795
2797
2836
2892
2893
2380
1873
2897
2898
2900
2905
2908
2910
353
4449
2914
2916
2917
2406
2931
2940
2941
2944
2947
2444
2963
2451
9124
9125
9127
9129
9130
9134
9135
9136
9137
9139
9143
9144
9149
9150
9152
9153
9155
9156
9157
9158
9159
9161
9162
9164
9165
6606
6608
9168
9170
9172
9173
9174
9175
9176
9177
9179
9180
9181
9184
9185
9186
9187
6628
9189
6630
11234
9192
9193
6634
9194
9202
9203
9205
