15029
9412
5864
14007
9444
1232
1512
1511
13383
15101
5215
1493
9421
5190
3001
5186
14056
13379
4374
5898
1515
15038
1504
9449
9408
5167
1476
1546
9485
3027
15069
5883
15066
13418
9470
14004
14027
774
3000
799
14939
5234
14935
14899
3019
15034
775
4372
15039
14938
4395
9503
15070
1491
9482
14058
14003
1489
9431
5172
2956
15082
793
9502
13411
5160
5213
8123
9496
15103
5161
864
8120
14020
4349
1229
1542
5914
5251
2974
14011
1226
15071
9456
14538
824
15051
9472
5169
14029
14949
1243
9498
5196
14037
4364
1509
14940
5908
5877
