5214
10178
1783
1295
10723
1397
9153
8538
10462
10035
7986
6608
1794
3455
8790
646
10390
4110
7618
9129
4565
7899
10028
8897
1343
6634
10899
9860
6887
10448
10732
9144
4348
5569
1303
11012
7360
6239
10986
9159
7979
4677
7900
2613
7914
12071
8844
12092
3449
1380
8529
4281
11867
4259
4044
9691
11007
8749
10217
7098
7933
3637
8511
9127
9708
4146
11944
3631
313
8574
2658
3481
3672
9663
12135
10943
1331
4022
3058
7187
6213
2900
12185
6661
10125
772
9871
1414
12146
10914
10687
8492
4179
6630
2640
3520
2739
4342
9922
353
