query1 6.06 45% 0 123824 1.00 1.00 8 5 HYBRID 1002 107 107 1 114 1 1 2 3 1 1 1 2 634 1 1 3 1 1 1 1 1 1 1 109 1 1 4 1 1 1 4 0 17 1 16 1 1 2 9 1 1 1 9 2 1 1 2 1 1 1 1 1 1 1 17 1 1 11 1 1 1 2 0
query2 14.25 47% 0 187884 1.00 1.00 5 3 HYBRID 5878 315 1 1 1 1 1 687 1 1 528 1 1 1 628 1 694 575 1 1 1 1 1 1 1 1 2061 1 1 1 1 682 0 1 1 1 1 1 49 1 1 48 1 1 1 49 1 48 48 1 1 1 1 1 1 1 1 2 1 1 1 1 48 0
query3 6.16 43% 0 118356 1.00 1.00 5 3 HYBRID 1168 115 1 1 1 11 7 192 1 1 1 1 1 1 1 1 199 1 1 1 1 1 1 1 529 1 8 1 1 1 1 199 0 1 1 1 16 15 15 1 1 1 1 1 1 1 1 14 1 1 1 1 1 1 1 2 1 16 1 1 1 1 14 0
query4 20.22 28% 0 276204 1.00 1.00 7 5 HYBRID 19612 527 1 3950 1 1 1 1 1 1 1 1 1 4238 1 1 826 1 1 5672 1 1 1 1 1 807 4095 1 1 1 1 1 0 1 38 1 1 1 1 1 1 1 1 1 38 1 1 192 1 1 2 1 1 1 1 1 193 40 1 1 1 1 1 0
query5 4.98 35% 0 100208 1.00 1.00 5 3 HYBRID 690 54 1 3 1 53 1 1 1 1 1 1 1 1 1 1 1 1 1 367 1 1 241 1 1 1 1 1 1 1 1 1 0 1 7 1 2 1 1 1 1 8 1 1 1 1 1 1 1 1 2 1 1 2 1 1 1 1 1 1 1 1 9 0
query7 11.88 43% 0 157216 1.00 1.00 5 3 STAR 3340 231 1 1 1 1 1 1 1 145 1 1 1 1 1 154 1 1 1 155 1 1 2401 149 1 1 1 1 147 1 1 166 0 1 1 1 1 1 1 1 55 1 1 1 1 1 12 1 1 1 13 1 1 2 13 1 1 1 1 56 1 1 57 0
query9 48.82 9% 0 241468 1.00 1.00 7 6 HYBRID 1730 768 1 1 1 1 1 118 120 1 673 1 1 1 1 1 105 689 1 1 1 1 1 1 1 1 1 1 1 1 1 1 0 1 1 1 1 1 18 17 1 689 1 1 1 1 1 17 2 1 1 1 1 1 1 1 1 1 1 1 1 1 1 0
query10 8.67 43% 0 95788 1.00 1.00 7 5 HYBRID 253 52 1 14 1 1 1 1 1 1 1 1 1 1 1 1 39 1 13 70 1 78 1 1 1 1 1 1 1 1 15 1 0 1 6 1 1 1 1 1 1 1 1 1 1 1 1 2 1 5 4 1 5 1 1 1 1 1 1 1 1 6 1 0
query11 5.35 41% 0 106724 1.00 1.00 3 2 STAR 1145 71 1 1 1 1 1 191 1 1 1 1 1 1 1 1 199 1 1 1 1 1 1 1 529 1 1 1 1 1 1 200 0 1 1 1 1 1 14 1 1 1 1 1 1 1 1 14 1 1 1 1 1 1 1 2 1 1 1 1 1 1 15 0
query12 6.43 25% 0 92792 1.00 1.00 6 5 HYBRID 105 65 1 1 1 1 1 1 3 1 1 15 1 1 1 1 1 1 1 1 1 28 5 29 1 1 1 1 1 1 1 1 0 1 1 1 1 1 1 2 1 1 4 1 1 1 1 1 1 1 1 1 29 3 2 1 1 1 1 1 1 1 1 0
query13 11.91 61% 0 140076 1.00 1.00 3 2 STAR 4150 173 1 1 1 1 1 686 1 1 1 1 1 1 1 1 695 1 1 1 1 1 1 1 1 1 2061 1 1 1 1 682 0 1 1 1 1 1 48 1 1 1 1 1 1 1 1 49 1 1 1 1 1 1 1 1 1 2 1 1 1 1 48 0
query14 140.68 7% 0 332600 1.00 1.00 9 7 HYBRID 5478 2282 1 1 1 1 1 1028 1 221 1 229 1 1 665 1 1 1 1 217 1 1 1 1 1 1 2061 1 1 1 1 1034 0 1 1 1 1 1 72 1 18 1 17 1 1 2061 1 1 1 1 17 1 1 1 1 1 1 2 1 1 1 1 72 0
query16 80.73 76% 0 430420 1.00 1.00 5 3 STAR 1593325 2976 1 1 1 15102 1 1 1 515628 1 1 1 1 1 1 1 14190 1 14495 1 1 241 1 1 1 1 518018 1 515628 1 1 0 1 1 1 8 1 1 1 975 1 1 1 1 1 1 1 8 1 8 1 1 2 1 1 1 1 975 1 977 1 1 0
query17 37.86 21% 0 176800 1.00 1.00 6 5 STAR 795 482 1 1 1 1 1 1 1 17 1 1 1 1 1 1 1 1 1 1 1 1 1 1 1 429 1 25 1 24 1 275 0 1 1 1 1 1 1 1 8 1 1 1 1 1 1 1 1 1 1 1 1 1 1 1 2 1 9 1 9 1 429 0
query18 4.83 33% 0 96936 1.00 1.00 3 2 PATH 272 52 1 3 1 1 1 1 1 1 1 1 1 1 1 1 1 1 1 1 1 1 241 1 1 1 1 1 1 1 1 1 0 1 7 1 1 1 1 1 1 8 1 1 1 1 1 1 1 1 1 1 1 2 1 1 1 1 1 1 1 1 9 0
query19 4.48 27% 0 79828 1.00 1.00 6 4 STAR 55 39 1 1 1 1 4 1 1 4 1 5 2 1 2 1 1 1 1 4 1 1 1 1 1 1 1 1 1 1 1 11 0 1 1 1 1 3 1 1 2 1 3 2 1 2 1 1 1 1 2 1 1 1 1 1 1 1 1 1 1 1 2 0
query20 11.28 60% 0 144720 1.00 1.00 7 6 HYBRID 3112 138 1 1542 1 1 1 514 1 1 1 1 1 1 1 1 514 1 1 1 1 1 1 1 1 1 1 1 1 1 1 516 0 1 2 1 1 1 36 1 1 1 1 1 1 1 1 36 1 1 1 1 1 1 1 1 1 1 1 1 1 1 38 0
query25 10.51 63% 0 133464 1.00 1.00 3 2 PATH 2888 131 1 475 1 1 1 1 1 484 1 1 1 1 1 1 1 1 1 1 1 1430 1 1 1 473 1 1 1 1 1 1 0 1 34 1 1 1 1 1 34 1 1 1 1 1 1 1 1 1 1 1 2 1 1 1 35 1 1 1 1 1 1 0
query26 4.83 35% 0 98048 1.00 1.00 8 5 HYBRID 240 58 19 1 1 33 1 1 11 1 1 24 1 1 1 1 1 1 1 9 9 19 16 5 1 75 1 1 1 1 1 1 0 4 1 1 5 1 1 4 1 1 4 1 1 1 1 1 1 1 4 3 4 4 4 1 2 1 1 1 1 1 1 0
query27 6.40 80% 0 134440 1.00 1.00 5 4 HYBRID 5332 80 1 1570 1 1 1 1 1 1 1 1 1 1608 1 1 668 1 1 1 1 1 1 1 1 1 1460 1 1 1 1 1 0 1 17 1 1 1 1 1 1 1 1 1 18 1 1 2 1 1 1 1 1 1 1 1 1 17 1 1 1 1 1 0
query28 4.38 27% 0 78408 1.00 1.00 4 3 STAR 41 35 1 1 1 1 1 1 2 1 1 1 1 1 1 1 1 1 1 1 1 1 1 1 1 1 1 1 1 1 1 11 0 1 1 1 1 1 1 3 1 1 1 1 1 2 1 1 2 1 1 1 1 1 1 1 1 1 1 1 1 1 2 0
query30 5.71 39% 0 107876 1.00 1.00 5 4 STAR 593 66 1 1 1 1 1 1 1 51 1 1 1 1 1 1 1 1 1 1 1 1 1 1 1 1 1 1 1 1 51 464 0 1 1 1 1 1 1 1 19 1 1 1 1 1 1 1 1 1 1 1 1 1 1 1 1 1 1 1 1 18 2 0
query35 5.80 41% 0 113648 1.00 1.00 4 3 STAR 828 87 1 1 1 1 1 3 1 1 1 1 7 1 1 1 18 1 1 1 1 1 1 1 1 1 1 1 1 1 1 774 0 1 1 1 1 1 19 1 1 1 1 20 1 1 1 20 1 1 1 1 1 1 1 1 1 1 1 1 1 1 2 0
query36 8.20 45% 0 147248 1.00 1.00 3 2 PATH 3818 173 1 1 1 1 1 1 1 1 538 1 1 1 604 1 1 589 1 1 1 1 1 1 1 1 2061 1 1 1 1 1 0 1 1 1 1 1 1 1 1 48 1 1 1 48 1 1 49 1 1 1 1 1 1 1 1 2 1 1 1 1 1 0
query37 6.33 42% 0 122716 1.00 1.00 7 5 HYBRID 1130 109 1 1 1 1 1 4 1 125 1 1 1 1 740 38 1 1 1 1 1 1 1 1 1 163 1 1 36 1 1 1 0 1 1 1 1 1 8 1 28 1 1 1 1 2 9 1 1 1 1 1 1 1 1 1 28 1 1 10 1 1 1 0
query38 20.14 25% 0 128808 1.00 1.00 7 6 HYBRID 464 236 1 57 1 1 1 199 1 1 1 1 1 103 1 1 39 1 1 1 1 1 1 1 1 1 41 1 1 1 1 1 0 1 3 1 1 1 199 1 1 1 1 1 3 1 1 2 1 1 1 1 1 1 1 1 1 4 1 1 1 1 1 0
query40 8.21 40% 0 141572 1.00 1.00 6 4 HYBRID 1985 171 1 1 1 1 1 1 2 1 1 1 1 1 4 1 241 1 1 1501 1 1 1 1 1 212 1 1 1 1 1 1 0 1 1 1 1 1 1 12 1 1 1 1 1 13 1 54 13 1 2 1 1 1 1 1 53 1 1 1 1 1 1 0
query41 5.16 41% 0 104172 1.00 1.00 4 3 STAR 926 65 1 449 1 1 1 154 1 1 1 1 1 1 1 1 155 1 1 1 1 1 1 1 1 1 1 1 1 1 1 142 0 1 2 1 1 1 12 1 1 1 1 1 1 1 1 13 1 1 1 1 1 1 1 1 1 1 1 1 1 1 12 0
query42 90.16 8% 0 366156 1.00 1.00 8 7 HYBRID 19170 1365 1 1 1 26 1 1 1 1 1 1 1 1 1 1 32 57 1 1 1 29 1 1 1 1 19001 1 1 1 1 1 0 3 1 1 4 1 1 1 1 1 1 1 1 1 1 57 1272 1 1 1 3 1 1 1 1 2 1 1 1 1 1 0
query45 5.49 41% 0 108948 1.00 1.00 5 3 HYBRID 605 77 1 1 1 12 3 1 1 11 1 1 1 1 1 1 1 1 1 1 1 15 1 1 529 1 8 1 1 1 1 4 0 1 1 1 14 15 1 1 3 1 1 1 1 1 1 1 1 1 1 1 3 1 1 2 1 14 1 1 1 1 3 0
query47 32.70 24% 0 353548 1.00 1.00 4 3 HYBRID 38030 1302 1 1 1 1 1 6335 1 1 1 1 1 1 1 1 6334 1 1 1 1 1 1 1 1 1 19001 1 1 1 1 6334 0 1 1 1 1 1 425 1 1 1 1 1 1 1 1 424 1 1 1 1 1 1 1 1 1 2 1 1 1 1 425 0
query52 6.81 45% 0 134888 1.00 1.00 3 2 PATH 2132 136 1 1 1 1 1 1 1 1 189 1 1 1 210 1 1 196 1 1 1 1 1 1 1 1 1 1 1 1 1 1511 0 1 1 1 1 1 1 1 1 36 1 1 1 36 1 1 36 1 1 1 1 1 1 1 1 1 1 1 1 1 2 0
query53 4.67 26% 0 77964 1.00 1.00 5 4 STAR 49 36 1 1 1 4 1 12 1 1 1 1 1 1 1 1 1 1 1 3 1 1 1 1 1 1 1 1 1 1 1 4 0 1 1 1 2 1 2 1 1 1 1 1 1 1 1 1 1 1 2 1 1 1 1 1 1 1 1 1 1 1 4 0
query55 7.86 39% 0 91184 1.00 1.00 6 4 HYBRID 192 46 1 1 1 1 1 16 1 9 1 1 1 1 1 1 6 67 1 29 1 32 1 1 1 10 1 1 1 1 1 1 0 1 1 1 1 1 3 1 3 1 1 1 1 1 1 5 2 1 3 1 3 1 1 1 4 1 1 1 1 1 1 0
query56 6.96 44% 0 140056 1.00 1.00 5 3 STAR 3739 161 1 1 1 681 305 1 1 1 304 1 1 1 1 1 1 599 1 632 1 1 901 294 1 1 1 1 1 1 1 1 0 1 1 1 23 23 1 1 1 22 1 1 1 1 1 1 22 1 23 1 1 2 23 1 1 1 1 1 1 1 1 0
query57 8.29 34% 0 77600 1.00 1.00 4 3 HYBRID 66 35 1 1 1 1 1 1 1 1 6 1 1 1 5 1 18 1 1 1 1 1 1 1 1 1 1 1 1 1 1 11 0 1 1 1 1 1 1 1 1 2 1 1 1 2 1 3 1 1 1 1 1 1 1 1 1 1 1 1 1 1 2 0
query59 80.21 59% 0 376928 1.00 1.00 5 3 STAR 1593325 2976 1 1 1 15102 1 1 1 516917 1 1 1 1 1 1 1 14190 1 14495 1 1 241 1 1 1 1 517042 1 515315 1 1 0 1 1 1 8 1 1 1 975 1 1 1 1 1 1 1 8 1 8 1 1 2 1 1 1 1 976 1 976 1 1 0
query60 8.00 52% 0 120636 1.00 1.00 5 3 HYBRID 906 97 1 1 1 1 1 1 1 1 1 1 9 1 7 139 1 1 1 1 7 150 142 1 1 429 1 1 1 1 1 1 0 1 1 1 1 1 1 1 1 1 1 11 1 12 11 1 1 1 1 13 13 12 1 1 2 1 1 1 1 1 1 0
query61 6.09 30% 0 77368 1.00 1.00 4 3 STAR 43 35 1 1 1 1 1 1 1 3 1 1 1 1 1 1 1 1 1 1 1 1 1 1 1 2 1 1 1 1 1 11 0 1 1 1 1 1 1 1 3 1 1 1 1 1 1 1 1 1 1 1 1 1 1 1 3 1 1 1 1 1 2 0
query63 8.96 50% 0 133976 1.00 1.00 3 2 STAR 1613 136 1 32 1 1 1 1 1 1 1 1 1 1 1 1 1 1 22 1 1 1 1 1 1 1 1 1 1 1 22 1511 0 1 35 1 1 1 1 1 1 1 1 1 1 1 1 1 1 36 1 1 1 1 1 1 1 1 1 1 1 37 2 0
query65 5.94 30% 0 79520 1.00 1.00 3 2 PATH 82 37 1 1 1 1 1 1 1 1 4 1 1 1 1 1 1 1 1 1 1 17 1 8 1 1 1 1 1 27 1 1 0 1 1 1 1 1 1 1 1 2 1 1 1 1 1 1 1 1 1 1 3 1 4 1 1 1 1 1 2 1 1 0
query66 48.44 16% 0 214624 1.00 1.00 9 7 HYBRID 1371 675 1 1 1 1 1 191 1 183 1 1 1 1 1 1 200 1 1 23 15 1 1 9 529 1 1 1 1 1 1 199 0 1 1 1 1 1 14 1 588 1 1 1 1 1 1 15 1 1 7 6 1 1 7 2 1 1 1 1 1 1 14 0
query67 1085.57 26% 0 1157188 1.00 0.00 5 4 HYBRID 1809084 17360 1 1 1 1 1 1 1 516508 1 1 1 1 1 1 1 1 1 43784 1 216001 1 1 1 1 1 516809 1 515957 1 1 0 1 1 1 1 1 1 1 975 1 1 1 1 1 1 1 1 1 14406 1 2 1 1 1 1 1 976 1 976 1 1 0
query68 7.26 44% 0 105636 1.00 1.00 5 3 HYBRID 668 83 1 1 1 1 1 39 1 34 1 1 1 1 1 1 1 1 2 1 1 1 1 1 529 1 1 1 1 3 37 1 0 1 1 1 1 1 15 1 14 1 1 4 1 1 1 1 1 6 1 1 1 1 1 2 1 1 1 1 5 14 1 0
query69 111.47 12% 0 315980 1.00 1.00 8 7 HYBRID 7450 1517 1 1 1 1 1 1 3 1 1 3 1 1 1 1 1054 1 1 1 1 6349 3 1 1 14 1 1 1 1 1 1 0 1 1 1 1 1 1 2 1 1 3 1 1 1 1 2 1 1 1 1 1054 3 1 1 429 1 1 1 1 1 1 0
query70 8.85 51% 0 134808 1.00 1.00 3 2 PATH 2132 136 1 1 1 1 1 1 1 1 189 1 1 1 210 1 1 196 1 1 1 1 1 1 1 1 1 1 1 1 1 1511 0 1 1 1 1 1 1 1 1 35 1 1 1 36 1 1 37 1 1 1 1 1 1 1 1 1 1 1 1 1 2 0
query71 13.01 51% 0 189388 1.00 1.00 5 3 HYBRID 5878 315 1 1 1 1 1 686 1 1 504 1 1 1 576 1 695 651 1 1 1 1 1 1 1 1 2061 1 1 1 1 682 0 1 1 1 1 1 48 1 1 48 1 1 1 49 1 49 48 1 1 1 1 1 1 1 1 2 1 1 1 1 48 0
query72 713.92 8% 0 652652 1.00 1.00 7 5 HYBRID 154084 10269 1 150381 1 1 1 1 1 219 1 1 1 1 1 873 1 529 1 1021 1 1 1 567 1 1 1 1 233 1 1 239 0 1 2 1 1 1 1 1 57 1 1 1 1 1 14 1 10031 1 14 1 1 1 15 1 1 1 1 57 1 1 57 0
query73 6.81 44% 0 101996 1.00 1.00 4 3 STAR 530 64 1 1 1 1 1 28 1 19 429 1 1 1 1 1 1 1 1 1 1 1 1 1 1 1 1 1 1 1 28 1 0 1 1 1 1 1 11 1 13 2 1 1 1 1 1 1 1 1 1 1 1 1 1 1 1 1 1 1 1 12 1 0
query76 7.40 51% 0 116444 1.00 1.00 3 2 STAR 1487 96 1 1 1 177 1 1 1 1 1 1 1 914 1 1 1 1 1 174 1 1 1 1 1 1 1 1 1 1 1 196 0 1 1 1 23 1 1 1 1 1 1 1 2 1 1 1 1 1 22 1 1 1 1 1 1 1 1 1 1 1 23 0
query77 10.24 56% 0 158752 1.00 1.00 5 3 HYBRID 3883 231 1 475 1 1 1 1 344 485 1 320 1 1 1 1 1 1 1 1 1 1430 334 1 1 472 1 1 1 1 1 1 0 1 34 1 1 1 1 34 35 1 35 1 1 1 1 1 1 1 1 1 2 34 1 1 34 1 1 1 1 1 1 0
query78 7.29 46% 0 110928 1.00 1.00 4 3 STAR 722 80 1 1 1 1 1 1 1 1 1 1 10 1 10 1 1 1 1 1 13 1 1 1 1 1 1 1 1 1 1 663 0 1 1 1 1 1 1 1 1 1 1 17 1 17 1 1 1 1 1 18 1 1 1 1 1 1 1 1 1 1 2 0
query79 198.29 13% 0 341052 1.00 1.00 8 6 HYBRID 27918 3340 1 3962 1 1 1 3994 1 1 1 1 1 3916 1 1 4006 1 1 1501 1 1 2401 1 1 1 4119 1 1 1 1 3997 0 1 35 1 1 1 268 1 1 1 1 1 37 1 1 270 1 1 2401 1 1 2 1 1 1 36 1 1 1 1 269 0
query81 12.43 22% 0 90972 1.00 1.00 3 2 PATH 1342 39 1 1 1 1 1 1 1 472 1 1 1 1 1 1 1 1 1 1 1 463 1 51 1 1 1 1 1 1 1 330 0 1 1 1 1 1 1 1 3 1 1 1 1 1 1 1 1 1 1 1 4 1 2 1 1 1 1 1 1 1 4 0
query84 11.25 17% 0 78308 1.00 1.00 4 3 STAR 50 35 1 11 1 1 1 5 1 1 1 1 1 1 1 1 4 1 1 1 1 1 1 1 1 1 1 1 1 1 1 4 0 1 2 1 1 1 3 1 1 1 1 1 1 1 1 2 1 1 1 1 1 1 1 1 1 1 1 1 1 1 2 0
query85 11.04 34% 0 106812 1.00 1.00 5 3 STAR 808 84 64 1 85 47 1 1 1 1 1 1 1 1 1 1 1 1 1 42 1 1 1 1 79 429 1 1 1 1 1 39 0 11 1 13 7 1 1 1 1 1 1 1 1 1 1 1 1 1 8 1 1 1 1 12 2 1 1 1 1 1 8 0
query86 14.10 37% 0 138644 1.00 1.00 3 2 STAR 4713 131 1 1 1 1 1 1 1 1 1092 1 1 1 1097 1 1 1068 1 1 1 1430 1 1 1 1 1 1 1 1 1 1 0 1 1 1 1 1 1 1 1 34 1 1 1 35 1 1 34 1 1 1 2 1 1 1 1 1 1 1 1 1 1 0
query87 13.34 42% 0 157740 1.00 1.00 18 4 HYBRID 833 267 10 47 1 1 98 24 2 1 59 1 6 1 1 1 20 1 1 1 1 9 1 103 1 406 1 1 1 1 7 25 0 12 31 1 11 10 12 11 1 23 21 11 1 1 1 11 1 12 1 12 11 1 10 11 2 12 1 1 11 12 11 0
query88 11.82 34% 0 120444 1.00 1.00 4 3 STAR 1466 89 1 802 1 1 1 1 1 221 1 1 1 1 1 1 225 1 1 1 1 1 1 1 1 1 1 1 1 1 1 192 0 1 2 1 1 1 1 1 20 1 1 1 1 1 1 21 1 1 1 1 1 1 1 1 1 1 1 1 1 1 20 0
query90 10.86 28% 0 96704 1.00 1.00 6 4 HYBRID 505 65 1 1 1 1 19 1 1 1 1 1 50 1 31 1 131 1 1 122 1 128 1 1 1 1 1 1 1 1 1 1 0 1 1 1 1 7 1 1 1 1 1 9 1 8 1 2 1 1 7 1 8 1 1 1 1 1 1 1 1 1 1 0
query91 10.45 37% 0 103876 1.00 1.00 3 2 STAR 1185 71 1 1 1 1 1 1 1 1 226 1 1 1 221 1 183 1 1 1 1 1 1 1 529 1 1 1 1 1 1 1 0 1 1 1 1 1 1 1 1 14 1 1 1 15 1 14 1 1 1 1 1 1 1 2 1 1 1 1 1 1 1 0
query93 16.68 41% 0 175724 1.00 1.00 4 3 HYBRID 6396 248 1 1 1 1 1059 1070 1 3184 1 1 1 1 1 1 1 1 1 1 1 1 1 1057 1 1 1 1 1 1 1 1 0 1 1 1 1 73 74 1 2 1 1 1 1 1 1 1 1 1 1 1 1 1 73 1 1 1 1 1 1 1 1 0
query94 14.19 42% 0 150236 1.00 1.00 3 2 STAR 4150 173 1 1 1 1 1 686 1 1 1 1 1 1 1 1 695 1 1 1 1 1 1 1 1 1 2061 1 1 1 1 682 0 1 1 1 1 1 48 1 1 1 1 1 1 1 1 49 1 1 1 1 1 1 1 1 1 2 1 1 1 1 48 0
query95 40.57 31% 0 354128 1.00 1.00 5 4 HYBRID 21236 1302 1 1 1 1 1 1 659 1 1 1 1 1 750 1 1 800 1 1 1 1 1 1 1 1 19001 1 1 1 1 1 0 1 1 1 1 1 1 424 1 1 1 1 1 424 1 1 426 1 1 1 1 1 1 1 1 2 1 1 1 1 1 0
query96 11.00 36% 0 117036 1.00 1.00 6 4 HYBRID 682 84 1 1 1 7 8 2 1 1 1 1 1 634 1 1 2 1 1 1 1 1 1 1 1 1 5 1 1 1 1 1 0 1 1 1 17 16 2 1 1 1 1 3 2 1 1 4 1 1 1 1 1 1 1 1 1 17 1 1 1 1 1 0
query97 8.86 25% 0 82968 1.00 1.00 4 3 STAR 180 41 1 1 1 1 1 1 1 21 1 34 1 1 1 1 1 76 1 23 1 1 1 1 1 1 1 1 1 1 1 1 0 1 1 1 1 1 1 1 4 1 4 1 1 1 1 1 2 1 5 1 1 1 1 1 1 1 1 1 1 1 1 0
query98 9.24 50% 0 118396 1.00 1.00 5 4 HYBRID 1830 96 1 304 1 1 1 901 1 1 1 1 1 1 1 1 1 1 1 1 305 1 294 1 1 1 1 1 1 1 1 1 0 1 22 1 1 1 2 1 1 1 1 1 1 1 1 1 1 1 1 23 1 23 1 1 1 1 1 1 1 1 1 0
query99 1800.00 0% 0 1432 0.00 1.00 8 6 HYBRID 195974 26225 2 1 1 1 1 1 1 1 1 1 1 1 1 1 1 1 1 3704 1 192241 1 1 1 1 1 1 1 1 1 1 0 2 1 1 1 1 1 1 1 1 1 1 1 1 1 1 1 1 26194 1 2 1 1 1 1 1 1 1 1 1 1 0
query100 16.76 28% 0 125720 1.00 1.00 8 6 HYBRID 509 200 67 36 1 1 1 1 1 1 50 1 1 1 1 1 1 53 1 1 1 58 76 1 1 1 1 1 1 146 1 1 0 7 5 1 1 1 1 1 1 6 1 1 1 1 1 1 142 1 1 1 6 9 1 1 1 1 1 1 2 1 1 0
