query1 8.69 32% 0 118928 1.00 1.00 5 5 HYBRID 1001 107 1 1 1 1 1 1 1 1 1 1 1 634 1 1 1 1 1 1 1 1 1 1 328 1 1 7 1 1 1 6 0 1 1 1 1 1 1 1 1 1 1 1 2 1 1 1 1 1 1 1 1 1 1 48 1 1 27 1 1 1 4 0
query2 28.59 33% 0 189480 1.00 1.00 3 3 HYBRID 5877 315 1 1 1 1 1 1 1 1 1 1 1 1 1 1 1 1729 1 1 1 1 1 1 1 1 2061 1 1 1 1 2060 0 1 1 1 1 1 1 1 1 1 1 1 1 1 1 1 143 1 1 1 1 1 1 1 1 2 1 1 1 1 143 0
query3 8.89 28% 0 120820 1.00 1.00 3 3 HYBRID 1167 115 1 1 1 1 1 1 1 1 1 1 1 1 1 1 1 1 1 1 1 1 1 1 529 1 24 1 1 1 1 587 0 1 1 1 1 1 1 1 1 1 1 1 1 1 1 1 1 1 1 1 1 1 1 2 1 45 1 1 1 1 41 0
query4 38.19 15% 0 278704 1.00 1.00 5 5 HYBRID 19603 527 1 1 1 1 1 1 1 1 1 1 1 1 1 1 1 1 1 5672 1 1 1 1 1 1632 12272 1 1 1 1 1 0 1 1 1 1 1 1 1 1 1 1 1 1 1 1 1 1 1 2 1 1 1 1 1 384 114 1 1 1 1 1 0
query5 5.86 29% 0 95268 1.00 1.00 3 3 HYBRID 272 54 1 1 1 1 1 1 1 1 1 1 1 1 1 1 1 1 1 1 1 1 241 1 1 1 1 1 1 1 1 3 0 1 1 1 1 1 1 1 1 1 1 1 1 1 1 1 1 1 3 1 1 2 1 1 1 1 1 1 1 1 22 0
query7 16.62 22% 0 159248 1.00 1.00 3 3 STAR 3339 231 1 1 1 1 1 1 1 1 1 1 1 1 1 1 1 1 1 1 1 1 2401 455 1 1 1 1 1 1 1 456 0 1 1 1 1 1 1 1 1 1 1 1 1 1 1 1 1 1 1 1 1 2 36 1 1 1 1 1 1 1 166 0
query9 50.98 9% 0 239092 1.00 1.00 6 6 HYBRID 1730 768 1 1 1 1 1 1 1 1 673 1 1 1 1 1 341 689 1 1 1 1 1 1 1 1 1 1 1 1 1 1 0 1 1 1 1 1 1 1 1 689 1 1 1 1 1 50 2 1 1 1 1 1 1 1 1 1 1 1 1 1 1 0
query10 5.35 30% 0 94820 1.00 1.00 5 5 HYBRID 253 52 1 1 1 1 1 1 1 1 1 1 1 1 1 1 39 1 1 1 1 147 1 1 1 1 1 1 1 1 40 1 0 1 1 1 1 1 1 1 1 1 1 1 1 1 1 2 1 1 1 1 8 1 1 1 1 1 1 1 1 15 1 0
query11 7.07 32% 0 105820 1.00 1.00 2 2 STAR 1144 71 1 1 1 1 1 1 1 1 1 1 1 1 1 1 1 1 1 1 1 1 1 1 529 1 1 1 1 1 1 587 0 1 1 1 1 1 1 1 1 1 1 1 1 1 1 1 1 1 1 1 1 1 1 2 1 1 1 1 1 1 41 0
query12 6.26 25% 0 92956 1.00 1.00 5 5 HYBRID 105 65 1 1 1 1 1 1 1 1 1 1 1 1 1 1 1 1 1 1 1 28 21 29 1 1 1 1 1 1 1 1 0 1 1 1 1 1 1 1 1 1 1 1 1 1 1 1 1 1 1 1 29 7 2 1 1 1 1 1 1 1 1 0
query13 14.74 42% 0 145908 1.00 1.00 2 2 STAR 4150 173 1 1 1 1 1 1 1 1 1 1 1 1 1 1 1 1 1 1 1 1 1 1 1 1 2061 1 1 1 1 2061 0 1 1 1 1 1 1 1 1 1 1 1 1 1 1 1 1 1 1 1 1 1 1 1 1 2 1 1 1 1 143 0
query14 157.40 12% 0 327508 1.00 1.00 7 7 HYBRID 5477 2282 1 1 1 1 1 1 1 1 1 1 1 1 665 1 1 1 1 665 1 1 1 1 1 1 2061 1 1 1 1 2060 0 1 1 1 1 1 1 1 1 1 1 1 1 2061 1 1 1 1 50 1 1 1 1 1 1 2 1 1 1 1 143 0
query16 203.48 21% 0 425364 1.00 1.00 3 3 STAR 1593325 2976 1 1 1 1 1 1 1 1 1 1 1 1 1 1 1 1 1 43785 1 1 241 1 1 1 1 1 1 1549272 1 1 0 1 1 1 1 1 1 1 1 1 1 1 1 1 1 1 1 1 22 1 1 2 1 1 1 1 1 1 2925 1 1 0
query17 38.13 21% 0 181476 1.00 1.00 5 5 STAR 795 482 1 1 1 1 1 1 1 1 1 1 1 1 1 1 1 1 1 1 1 1 1 1 1 429 1 1 1 64 1 275 0 1 1 1 1 1 1 1 1 1 1 1 1 1 1 1 1 1 1 1 1 1 1 1 2 1 1 1 24 1 429 0
query18 5.72 28% 0 96020 1.00 1.00 2 2 PATH 272 52 1 1 1 1 1 1 1 1 1 1 1 1 1 1 1 1 1 1 1 1 241 1 1 1 1 1 1 1 1 3 0 1 1 1 1 1 1 1 1 1 1 1 1 1 1 1 1 1 1 1 1 2 1 1 1 1 1 1 1 1 22 0
query19 4.71 26% 0 80096 1.00 1.00 4 4 STAR 55 39 1 1 1 1 1 1 1 1 1 1 1 1 6 1 1 1 1 11 1 1 1 1 1 1 1 1 1 1 1 11 0 1 1 1 1 1 1 1 1 1 1 1 1 5 1 1 1 1 5 1 1 1 1 1 1 1 1 1 1 1 2 0
query20 11.90 31% 0 143476 1.00 1.00 6 6 HYBRID 3111 138 1 1542 1 1 1 1 1 1 1 1 1 1 1 1 1 1 1 1 1 1 1 1 1 1 1 1 1 1 1 1541 0 1 2 1 1 1 1 1 1 1 1 1 1 1 1 1 1 1 1 1 1 1 1 1 1 1 1 1 1 1 108 0
query25 11.16 28% 0 131196 1.00 1.00 2 2 PATH 2887 131 1 1 1 1 1 1 1 1 1 1 1 1 1 1 1 1 1 1 1 1430 1 1 1 1429 1 1 1 1 1 1 0 1 1 1 1 1 1 1 1 1 1 1 1 1 1 1 1 1 1 1 2 1 1 1 101 1 1 1 1 1 1 0
query26 8.99 38% 0 94940 1.00 1.00 5 5 HYBRID 240 58 1 1 1 1 1 1 1 1 1 1 1 1 1 1 1 1 1 1 1 69 49 21 1 75 1 1 1 1 1 1 0 1 1 1 1 1 1 1 1 1 1 1 1 1 1 1 1 1 1 1 11 10 9 1 2 1 1 1 1 1 1 0
query27 8.73 47% 0 130772 1.00 1.00 4 4 HYBRID 5332 80 1 1 1 1 1 1 1 1 1 1 1 1 1 1 668 1 1 1 1 1 1 1 1 1 4636 1 1 1 1 1 0 1 1 1 1 1 1 1 1 1 1 1 1 1 1 2 1 1 1 1 1 1 1 1 1 50 1 1 1 1 1 0
query28 4.53 25% 0 78076 1.00 1.00 3 3 STAR 41 35 1 1 1 1 1 1 1 1 1 1 1 1 1 1 1 2 1 1 1 1 1 1 1 1 1 1 1 1 1 11 0 1 1 1 1 1 1 1 1 1 1 1 1 1 1 1 5 1 1 1 1 1 1 1 1 1 1 1 1 1 2 0
query30 6.87 32% 0 103796 1.00 1.00 4 4 STAR 593 66 1 1 1 1 1 1 1 1 1 1 1 1 1 1 1 1 1 1 1 1 1 1 1 1 1 1 1 1 101 464 0 1 1 1 1 1 1 1 1 1 1 1 1 1 1 1 1 1 1 1 1 1 1 1 1 1 1 1 1 36 2 0
query35 8.10 27% 0 111008 1.00 1.00 3 3 STAR 828 87 1 1 1 1 1 1 1 1 1 1 1 1 1 1 26 1 1 1 1 1 1 1 1 1 1 1 1 1 1 774 0 1 1 1 1 1 1 1 1 1 1 1 1 1 1 57 1 1 1 1 1 1 1 1 1 1 1 1 1 1 2 0
query36 18.96 41% 0 147216 1.00 1.00 2 2 PATH 3818 173 1 1 1 1 1 1 1 1 1 1 1 1 1 1 1 1729 1 1 1 1 1 1 1 1 2061 1 1 1 1 1 0 1 1 1 1 1 1 1 1 1 1 1 1 1 1 1 143 1 1 1 1 1 1 1 1 2 1 1 1 1 1 0
query37 8.42 31% 0 123216 1.00 1.00 5 5 HYBRID 1130 109 1 1 1 1 1 1 1 1 1 1 1 1 740 1 1 1 1 1 1 1 1 1 1 287 1 1 76 1 1 1 0 1 1 1 1 1 1 1 1 1 1 1 1 2 1 1 1 1 1 1 1 1 1 1 55 1 1 25 1 1 1 0
query38 16.98 17% 0 128708 1.00 1.00 6 6 HYBRID 447 228 1 1 1 1 1 191 1 1 1 1 1 1 1 1 39 1 1 1 1 1 1 1 1 1 190 1 1 1 1 1 0 1 1 1 1 1 191 1 1 1 1 1 1 1 1 2 1 1 1 1 1 1 1 1 1 8 1 1 1 1 1 0
query40 14.97 29% 0 142300 1.00 1.00 4 4 HYBRID 1984 171 1 1 1 1 1 1 1 1 1 1 1 1 1 1 1 5 1 1501 1 1 1 1 1 451 1 1 1 1 1 1 0 1 1 1 1 1 1 1 1 1 1 1 1 1 1 1 36 1 2 1 1 1 1 1 106 1 1 1 1 1 1 0
query41 7.19 34% 0 108888 1.00 1.00 3 3 STAR 926 65 1 449 1 1 1 1 1 1 1 1 1 1 1 1 1 1 1 1 1 1 1 1 1 1 1 1 1 1 1 449 0 1 2 1 1 1 1 1 1 1 1 1 1 1 1 1 1 1 1 1 1 1 1 1 1 1 1 1 1 1 35 0
query42 90.36 8% 0 362292 1.00 1.00 7 7 HYBRID 19170 1365 1 1 1 1 1 1 1 1 1 1 1 1 1 1 32 57 1 1 1 54 1 1 1 1 19001 1 1 1 1 1 0 1 1 1 1 1 1 1 1 1 1 1 1 1 1 57 1272 1 1 1 8 1 1 1 1 2 1 1 1 1 1 0
query45 10.68 41% 0 107236 1.00 1.00 3 3 HYBRID 605 77 1 1 1 1 1 1 1 1 1 1 1 1 1 1 1 1 1 1 1 1 1 1 529 1 21 1 1 1 1 28 0 1 1 1 1 1 1 1 1 1 1 1 1 1 1 1 1 1 1 1 1 1 1 2 1 41 1 1 1 1 7 0
query47 95.79 17% 0 355872 1.00 1.00 3 3 HYBRID 38030 1302 1 1 1 1 1 1 1 1 1 1 1 1 1 1 1 1 1 1 1 1 1 1 1 1 19001 1 1 1 1 19001 0 1 1 1 1 1 1 1 1 1 1 1 1 1 1 1 1 1 1 1 1 1 1 1 1 2 1 1 1 1 1272 0
query52 11.43 27% 0 134428 1.00 1.00 2 2 PATH 2132 136 1 1 1 1 1 1 1 1 1 1 1 1 1 1 1 593 1 1 1 1 1 1 1 1 1 1 1 1 1 1511 0 1 1 1 1 1 1 1 1 1 1 1 1 1 1 1 106 1 1 1 1 1 1 1 1 1 1 1 1 1 2 0
query53 4.59 26% 0 78312 1.00 1.00 4 4 STAR 48 36 1 1 1 1 1 12 1 1 1 1 1 1 1 1 1 1 1 1 1 1 1 1 1 1 1 1 1 1 1 8 0 1 1 1 1 1 2 1 1 1 1 1 1 1 1 1 1 1 1 1 1 1 1 1 1 1 1 1 1 1 6 0
query55 4.97 29% 0 88044 1.00 1.00 4 4 HYBRID 192 46 1 1 1 1 1 1 1 1 1 1 1 1 1 1 1 67 1 1 1 75 1 1 1 23 1 1 1 1 1 1 0 1 1 1 1 1 1 1 1 1 1 1 1 1 1 1 2 1 1 1 7 1 1 1 10 1 1 1 1 1 1 0
query56 16.49 43% 0 137176 1.00 1.00 3 3 STAR 3739 161 1 1 1 1 1 1 1 1 1 1 1 1 1 1 1 1 1 1910 1 1 901 901 1 1 1 1 1 1 1 1 0 1 1 1 1 1 1 1 1 1 1 1 1 1 1 1 1 1 66 1 1 2 66 1 1 1 1 1 1 1 1 0
query57 4.63 26% 0 77608 1.00 1.00 3 3 HYBRID 66 35 1 1 1 1 1 1 1 1 1 1 1 1 1 1 27 1 1 1 1 1 1 1 1 1 1 1 1 1 1 11 0 1 1 1 1 1 1 1 1 1 1 1 1 1 1 5 1 1 1 1 1 1 1 1 1 1 1 1 1 1 2 0
query59 221.31 21% 0 383652 1.00 1.00 3 3 STAR 1574344 2951 1 1 1 1 1 1 1 1 1 1 1 1 1 1 1 1 1 43419 1 1 241 1 1 1 1 1 1 1530657 1 1 0 1 1 1 1 1 1 1 1 1 1 1 1 1 1 1 1 1 22 1 1 2 1 1 1 1 1 1 2900 1 1 0
query60 9.96 40% 0 112344 1.00 1.00 3 3 HYBRID 905 97 1 1 1 1 1 1 1 1 1 1 1 1 1 1 1 1 1 1 21 1 428 1 1 429 1 1 1 1 1 1 0 1 1 1 1 1 1 1 1 1 1 1 1 1 1 1 1 1 1 34 1 34 1 1 2 1 1 1 1 1 1 0
query61 6.15 30% 0 77676 1.00 1.00 3 3 STAR 43 35 1 1 1 1 1 1 1 1 1 1 1 1 1 1 1 1 1 1 1 1 1 1 1 4 1 1 1 1 1 11 0 1 1 1 1 1 1 1 1 1 1 1 1 1 1 1 1 1 1 1 1 1 1 1 5 1 1 1 1 1 2 0
query63 14.52 32% 0 126468 1.00 1.00 2 2 STAR 1613 136 1 1 1 1 1 1 1 1 1 1 1 1 1 1 1 1 1 1 1 1 1 1 1 1 1 1 1 1 74 1511 0 1 1 1 1 1 1 1 1 1 1 1 1 1 1 1 1 1 1 1 1 1 1 1 1 1 1 1 1 106 2 0
query65 6.40 29% 0 78580 1.00 1.00 2 2 PATH 82 37 1 1 1 1 1 1 1 1 1 1 1 1 1 1 1 1 1 1 1 1 1 27 1 1 1 1 1 27 1 1 0 1 1 1 1 1 1 1 1 1 1 1 1 1 1 1 1 1 1 1 1 1 7 1 1 1 1 1 2 1 1 0
query66 50.13 17% 0 213428 1.00 1.00 7 7 HYBRID 1371 675 1 1 1 1 1 1 1 183 1 1 1 1 1 1 1 1 1 1 1 1 1 45 529 1 1 1 1 1 1 588 0 1 1 1 1 1 1 1 588 1 1 1 1 1 1 1 1 1 1 1 1 1 18 2 1 1 1 1 1 1 41 0
query67 1223.37 18% 0 1079744 1.00 0.00 4 4 HYBRID 1809084 17360 1 1 1 1 1 1 1 1 1 1 1 1 1 1 1 1 1 43784 1 216001 1 1 1 1 1 1 1 1549272 1 1 0 1 1 1 1 1 1 1 1 1 1 1 1 1 1 1 1 1 14406 1 2 1 1 1 1 1 1 1 2925 1 1 0
query68 9.22 35% 0 107052 1.00 1.00 3 3 HYBRID 668 83 1 1 1 1 1 1 1 1 1 1 1 1 1 1 1 1 1 1 1 1 1 1 529 1 1 1 1 4 108 1 0 1 1 1 1 1 1 1 1 1 1 1 1 1 1 1 1 1 1 1 1 1 1 2 1 1 1 1 13 41 1 0
query69 111.50 12% 0 313500 1.00 1.00 7 7 HYBRID 7450 1517 1 1 1 1 1 1 1 1 1 1 1 1 1 1 1054 1 1 1 1 6349 7 1 1 14 1 1 1 1 1 1 0 1 1 1 1 1 1 1 1 1 1 1 1 1 1 2 1 1 1 1 1054 6 1 1 429 1 1 1 1 1 1 0
query70 13.95 32% 0 133884 1.00 1.00 2 2 PATH 2132 136 1 1 1 1 1 1 1 1 1 1 1 1 1 1 1 593 1 1 1 1 1 1 1 1 1 1 1 1 1 1511 0 1 1 1 1 1 1 1 1 1 1 1 1 1 1 1 106 1 1 1 1 1 1 1 1 1 1 1 1 1 2 0
query71 26.36 26% 0 185936 1.00 1.00 3 3 HYBRID 5878 315 1 1 1 1 1 1 1 1 1 1 1 1 1 1 1 1729 1 1 1 1 1 1 1 1 2061 1 1 1 1 2061 0 1 1 1 1 1 1 1 1 1 1 1 1 1 1 1 143 1 1 1 1 1 1 1 1 2 1 1 1 1 143 0
query72 718.34 7% 0 616420 1.00 1.00 5 5 HYBRID 154084 10269 1 150381 1 1 1 1 1 1 1 1 1 1 1 1 1 529 1 1 1 1 1 2459 1 1 1 1 1 1 1 689 0 1 2 1 1 1 1 1 1 1 1 1 1 1 1 1 10031 1 1 1 1 1 41 1 1 1 1 1 1 1 169 0
query73 8.36 33% 0 100952 1.00 1.00 3 3 STAR 530 64 1 1 1 1 1 1 1 1 429 1 1 1 1 1 1 1 1 1 1 1 1 1 1 1 1 1 1 1 73 1 0 1 1 1 1 1 1 1 1 2 1 1 1 1 1 1 1 1 1 1 1 1 1 1 1 1 1 1 1 34 1 0
query76 10.61 39% 0 127636 1.00 1.00 2 2 STAR 1487 96 1 1 1 1 1 1 1 1 1 1 1 914 1 1 1 1 1 1 1 1 1 1 1 1 1 1 1 1 1 545 0 1 1 1 1 1 1 1 1 1 1 1 2 1 1 1 1 1 1 1 1 1 1 1 1 1 1 1 1 1 66 0
query77 18.99 28% 0 158236 1.00 1.00 3 3 HYBRID 3883 231 1 1 1 1 1 1 1 1 1 1 1 1 1 1 1 1 1 1 1 1430 996 1 1 1430 1 1 1 1 1 1 0 1 1 1 1 1 1 1 1 1 1 1 1 1 1 1 1 1 1 1 2 101 1 1 101 1 1 1 1 1 1 0
query78 9.19 33% 0 112432 1.00 1.00 3 3 STAR 722 80 1 1 1 1 1 1 1 1 1 1 1 1 1 1 1 1 1 1 31 1 1 1 1 1 1 1 1 1 1 663 0 1 1 1 1 1 1 1 1 1 1 1 1 1 1 1 1 1 1 50 1 1 1 1 1 1 1 1 1 1 2 0
query79 238.21 10% 0 340380 1.00 1.00 6 6 HYBRID 27917 3340 1 1 1 1 1 1 1 1 1 1 1 1 1 1 1 1 1 1501 1 1 2401 1 1 1 11995 1 1 1 1 11994 0 1 1 1 1 1 1 1 1 1 1 1 1 1 1 1 1 1 2401 1 1 2 1 1 1 106 1 1 1 1 805 0
query81 11.04 26% 0 91100 1.00 1.00 2 2 PATH 1316 39 1 1 1 1 1 1 1 1 1 1 1 1 1 1 1 1 1 1 1 1 1 51 1 1 1 1 1 1 1 1237 0 1 1 1 1 1 1 1 1 1 1 1 1 1 1 1 1 1 1 1 1 1 2 1 1 1 1 1 1 1 9 0
query84 9.49 20% 0 78000 1.00 1.00 3 3 STAR 49 35 1 11 1 1 1 1 1 1 1 1 1 1 1 1 1 1 1 1 1 1 1 1 1 1 1 1 1 1 1 10 0 1 2 1 1 1 1 1 1 1 1 1 1 1 1 1 1 1 1 1 1 1 1 1 1 1 1 1 1 1 5 0
query85 15.71 24% 0 108268 1.00 1.00 3 3 STAR 807 84 1 1 1 1 1 1 1 1 1 1 1 1 1 1 1 1 1 1 1 1 1 1 225 429 1 1 1 1 1 126 0 1 1 1 1 1 1 1 1 1 1 1 1 1 1 1 1 1 1 1 1 1 1 34 2 1 1 1 1 1 21 0
query86 19.25 26% 0 136504 1.00 1.00 2 2 STAR 4711 131 1 1 1 1 1 1 1 1 1 1 1 1 1 1 1 3253 1 1 1 1430 1 1 1 1 1 1 1 1 1 1 0 1 1 1 1 1 1 1 1 1 1 1 1 1 1 1 101 1 1 1 2 1 1 1 1 1 1 1 1 1 1 0
query87 7.91 14% 0 51964 0.00 1.00 0 4 HYBRID 25 25 0 0 0 0 0 1 1 1 1 1 1 1 1 1 1 1 1 1 1 1 1 1 1 1 1 1 1 1 1 1 0 0 0 0 0 0 1 1 1 1 1 1 1 1 1 1 1 1 1 1 1 1 1 1 1 1 1 1 1 1 1 0
query88 15.12 24% 0 115988 1.00 1.00 3 3 STAR 1466 89 1 802 1 1 1 1 1 1 1 1 1 1 1 1 1 1 1 1 1 1 1 1 1 1 1 1 1 1 1 636 0 1 2 1 1 1 1 1 1 1 1 1 1 1 1 1 1 1 1 1 1 1 1 1 1 1 1 1 1 1 59 0
query90 11.97 24% 0 101472 1.00 1.00 4 4 HYBRID 505 65 1 1 1 1 1 1 1 1 1 1 1 1 98 1 131 1 1 1 1 249 1 1 1 1 1 1 1 1 1 1 0 1 1 1 1 1 1 1 1 1 1 1 1 22 1 2 1 1 1 1 14 1 1 1 1 1 1 1 1 1 1 0
query91 13.42 28% 0 108336 1.00 1.00 2 2 STAR 1184 71 1 1 1 1 1 1 1 1 1 1 1 1 1 1 627 1 1 1 1 1 1 1 529 1 1 1 1 1 1 1 0 1 1 1 1 1 1 1 1 1 1 1 1 1 1 41 1 1 1 1 1 1 1 2 1 1 1 1 1 1 1 0
query93 25.76 25% 0 177648 1.00 1.00 3 3 HYBRID 6396 248 1 1 1 1 1 1 1 3184 1 1 1 1 1 1 1 1 1 1 1 1 1 3184 1 1 1 1 1 1 1 1 0 1 1 1 1 1 1 1 2 1 1 1 1 1 1 1 1 1 1 1 1 1 218 1 1 1 1 1 1 1 1 0
query94 20.93 27% 0 149148 1.00 1.00 2 2 STAR 4149 173 1 1 1 1 1 1 1 1 1 1 1 1 1 1 1 1 1 1 1 1 1 1 1 1 2061 1 1 1 1 2060 0 1 1 1 1 1 1 1 1 1 1 1 1 1 1 1 1 1 1 1 1 1 1 1 1 2 1 1 1 1 143 0
query95 98.67 12% 0 347700 1.00 1.00 4 4 HYBRID 21236 1302 1 1 1 1 1 1 1 1 1 1 1 1 1 1 1 2207 1 1 1 1 1 1 1 1 19001 1 1 1 1 1 0 1 1 1 1 1 1 1 1 1 1 1 1 1 1 1 1272 1 1 1 1 1 1 1 1 2 1 1 1 1 1 0
query96 13.18 31% 0 116672 1.00 1.00 4 4 HYBRID 682 84 1 1 1 1 1 1 1 1 1 1 1 634 1 1 3 1 1 1 1 1 1 1 1 1 18 1 1 1 1 1 0 1 1 1 1 1 1 1 1 1 1 1 2 1 1 7 1 1 1 1 1 1 1 1 1 48 1 1 1 1 1 0
query97 9.88 22% 0 83684 1.00 1.00 3 3 STAR 180 41 1 1 1 1 1 1 1 1 1 1 1 1 1 1 1 76 1 76 1 1 1 1 1 1 1 1 1 1 1 1 0 1 1 1 1 1 1 1 1 1 1 1 1 1 1 1 2 1 11 1 1 1 1 1 1 1 1 1 1 1 1 0
query98 12.38 41% 0 121184 1.00 1.00 4 4 HYBRID 1830 96 1 1 1 1 1 901 1 1 1 1 1 1 1 1 1 1 1 1 1 1 901 1 1 1 1 1 1 1 1 1 0 1 1 1 1 1 2 1 1 1 1 1 1 1 1 1 1 1 1 1 1 66 1 1 1 1 1 1 1 1 1 0
query99 1800.00 0% 0 1432 0.00 1.00 6 6 HYBRID 195973 26218 1 1 1 1 1 1 1 1 1 1 2 1 1 1 1 1 1 3703 1 192241 1 1 1 1 1 1 1 1 1 1 0 1 1 1 1 1 1 1 1 1 1 2 1 1 1 1 1 1 26187 1 2 1 1 1 1 1 1 1 1 1 1 0
query100 16.77 28% 0 127992 1.00 1.00 6 6 HYBRID 509 200 1 1 1 1 1 1 1 1 1 1 1 1 1 1 1 53 1 1 1 142 142 1 1 1 1 1 1 146 1 1 0 1 1 1 1 1 1 1 1 1 1 1 1 1 1 1 142 1 1 1 15 15 1 1 1 1 1 1 2 1 1 0
