query1 46.84 21% 0 316084 1.00 1.00 33 5 HYBRID 9279 1858 529 2 529 1 137 216 73 809 755 1 73 2096 2 1478 216 1 1 1 55 1 1 1 529 1 1 209 1 1342 1 217 0 7 7 25 24 7 24 279 79 79 24 279 199 7 145 24 24 24 24 24 6 6 6 25 6 6 298 6 162 6 26 0
query2 134.01 24% 0 351328 1.00 1.00 23 3 HYBRID 75324 10541 1 2061 436 73 1 6186 1 397 16105 4 1 2061 16105 1 6186 16105 1 1 469 1 1 1 1 1 2061 436 1 436 1 6189 0 4 5 420 420 4 420 4 420 1811 421 4 5 1395 4 420 1811 420 420 420 4 4 4 420 4 5 421 4 421 4 422 0
query3 63.96 32% 0 341096 1.00 1.00 29 3 HYBRID 13164 5581 529 2 529 325 461 2220 28 1 28 1153 1 1 2 137 2220 1 1153 1153 1 1 1 1 529 1 325 137 1 1 1 2221 0 5 5 142 820 684 141 683 141 820 141 4 4 5 5 141 141 141 141 141 4 4 4 143 4 683 142 4 141 4 143 0
query4 718.96 17% 0 451600 1.00 1.00 26 5 HYBRID 3359733 31984 1 12837 7 1 1 844 6 38633 1 38510 1 12840 1 1067581 124 1 1 1106930 1 847 1 1067581 1 124 12839 1 10 3 4 1 0 6 178 7 6 6 39 7 2579 6 2750 6 179 6 7712 7 6 6 10316 6 39 6 7712 6 7 180 6 7 7 7 179 0
query5 9.79 82% 0 250068 1.00 1.00 24 3 HYBRID 21885 508 1 7 4 7005 4 1 19 19 7 1 21 1 1 241 3 7005 4 7005 1 241 241 19 1 1 3 1 1 1 19 7 0 4 57 57 9 62 4 9 9 57 9 10 9 4 5 5 9 57 10 4 5 5 10 4 10 5 4 4 4 10 57 0
query7 56.05 23% 0 328092 1.00 1.00 11 3 STAR 23631 3380 2401 1 4 1 1 1 1 1366 4 1 1 1 2401 4101 1 1 1 4101 1 1 2401 4101 1 1 1 1 1366 1 1 1366 0 5 4 489 4 4 4 4 489 489 4 4 4 5 281 4 4 4 281 4 4 5 282 4 4 4 4 489 4 4 489 0
query9 351.13 26% 0 367880 1.00 1.00 31 6 HYBRID 332350 38410 288 3300 1 82621 14662 4321 4321 3646 16260 1702 1 1702 3253 288 4321 85873 1 82621 1 3300 1 12961 1 3646 1 1 1 3253 1 1 0 178 178 7 2604 3473 662 3259 2604 1047 2604 2604 2604 543 178 662 3140 7 2604 7 179 7 3473 7 2604 7 7 7 543 2604 7 0
query10 126.65 15% 0 363980 1.00 1.00 36 5 HYBRID 38823 7800 1 3808 286 1 1 3364 6 385 5176 1 1 4 1 1 7819 1 3808 841 5437 847 1 1 1 124 3 280 10 282 3811 2521 0 6 1046 180 179 6 212 7 180 778 179 6 7 6 6 779 179 1219 211 778 39 6 6 179 7 7 179 7 180 1047 179 0
query11 18.00 69% 0 320244 1.00 1.00 24 2 STAR 12138 2156 529 2 529 1 137 2220 1 1 1 1153 1 1 2 137 2220 1 1153 1153 1 1 1 1 529 1 1 137 1 1 1 2221 0 4 4 141 140 4 140 3 140 140 140 3 3 4 4 140 140 140 140 140 3 3 3 141 3 3 141 3 141 3 142 0
query12 303.05 12% 0 356376 1.00 1.00 29 5 HYBRID 73204 23623 1430 1 1 1430 10 1 8968 10 1 8968 4296 2 1 1621 1 1 11 8074 8065 5724 8970 9685 1 1621 1 11 1 2 4295 1 0 7 6 6 7 2670 6 869 869 6 2670 298 7 6 1623 1807 6 870 2670 1807 298 870 3424 6 1623 6 870 6 7 297 6 0
query13 32.65 54% 0 337132 1.00 1.00 20 2 STAR 27015 6350 1 2061 436 73 1 6187 1 397 1 4 1 2061 1 1 6187 1 1 1 469 1 1 1 1 1 2061 436 1 436 1 6190 0 3 4 420 420 3 420 3 420 420 421 3 4 3 3 420 420 420 420 420 3 3 3 420 3 4 420 3 420 3 421 0
query14 1800.00 0% 0 1432 0.00 1.00 40 7 HYBRID 728734 95910 1 8246 1306 217 1 18583 20575 146125 48313 144954 1 8246 68887 1 18583 68887 1 144937 1405 1 1 1 1 1 8246 1306 1 1306 1 18600 0 8 425 1250 1250 8 1250 11152 10917 5419 11334 8 425 15323 8 1250 16571 1250 10917 1250 8 8 8 1250 8 426 1250 8 1252 8 1669 0
query16 1762.88 34% 0 778820 1.00 1.00 23 3 STAR 42530010 133697 1 1 1 131491 100 1 352 14016820 1 100 420 42220 1 241 3 131491 1 131491 42121 241 241 352 1 1045 3 14015425 1 14015425 418 1 0 4 4 4 57 57 4 57 26644 4 57 58 26644 4 5 5 57 4 57 26591 5 5 57 4 57 5 26591 4 26591 57 4 0
query17 168.26 16% 0 353784 1.00 1.00 35 5 STAR 61686 13809 1 1 1 8134 7 4349 1 3916 1715 4073 1 136 1 1 4343 1 2359 10486 136 1 1 1 1 1715 1 3916 1 3916 1 12470 0 6 6 269 1165 96 359 6 1614 359 359 6 1351 6 6 269 269 269 1075 1614 6 6 6 269 97 6 1614 6 1614 6 1075 0
query18 12.03 59% 0 171604 1.00 1.00 12 2 PATH 783 414 1 7 4 1 4 1 1 1 7 1 3 1 1 241 3 1 4 1 1 241 241 1 1 1 3 1 1 1 1 7 0 3 56 56 3 56 3 3 3 56 3 4 3 3 4 4 3 56 3 3 4 4 3 3 3 4 3 3 3 3 56 0
query19 21.59 34% 0 302680 1.00 1.00 24 4 STAR 4125 1573 1 1 85 1 154 750 1 296 4 251 154 97 154 1 750 4 1 251 46 97 1 1 4 1 1 85 1 85 1 846 0 5 5 59 59 29 59 5 60 59 60 29 183 29 5 59 59 59 60 59 183 5 5 60 5 5 60 5 60 5 238 0
query20 1800.00 0% 0 1428 0.00 1.00 38 6 HYBRID 1652599 132875 1 548605 109 43 1 1243 1 79 1 1347 1 548605 1 1 1243 1 1 1 121 1 1 1 1 1 548380 109 1 109 1 2589 0 7 26293 116 93 7 93 7 93 93 26356 7 26270 7 7 93 116 93 93 93 7 7 7 93 7 26256 93 7 94 7 26360 0
query25 30.06 51% 0 330472 1.00 1.00 15 2 PATH 17248 1841 1430 4294 1 1430 1 16 1 4294 1 1 2 2 1 1 1 1 2 1 1 1430 18 16 1 4294 1 2 1 2 1 1 0 4 293 3 4 3 293 3 293 3 3 4 4 3 3 3 3 4 3 3 4 294 294 3 294 3 4 3 4 3 3 0
query26 308.69 14% 0 357028 1.00 1.00 32 5 HYBRID 73456 24588 1430 4294 1 1430 10 16 9011 4303 1 9011 2 2 1 1621 1 1 11 8101 8092 1430 9028 9727 1 5914 1 11 1 2 1 1 0 7 296 6 7 2682 296 872 1162 6 2682 7 7 6 1629 1816 6 873 2682 1816 7 1163 3730 6 1920 6 873 6 7 6 6 0
query27 265.61 28% 0 347292 1.00 1.00 29 4 HYBRID 475455 21984 1 2061 436 73 1 6186 1 397 149482 4 1 2061 139996 1 155667 1 1 1 9955 1 1 1 1 1 2061 436 1 436 1 6189 0 5 6 421 421 5 421 5 421 3714 422 1907 6 1907 5 3714 421 421 421 3714 5 5 1907 422 5 6 422 5 422 5 423 0
query28 34.52 22% 0 319588 1.00 1.00 21 3 STAR 6812 1512 1 1 29 8 1 1511 100 16 2 600 1 10 100 1 1511 101 600 600 23 10 1 1 2 1 1 29 1 29 1 1520 0 4 4 5 5 4 5 439 5 5 5 4 28 439 4 5 440 5 5 5 28 4 4 5 4 4 5 4 5 4 29 0
query30 99.23 29% 0 349820 1.00 1.00 26 4 STAR 32300 5801 1 1 1 4321 1 5166 1 2129 1 1272 1 1 1 1 2340 1 1272 5592 700 1 1 1 1 1 2 1 1 1 2128 7359 0 5 5 150 580 5 878 5 878 150 150 5 5 5 5 150 150 150 580 151 5 5 5 150 5 6 150 5 150 732 581 0
query35 7.40 45% 0 155472 1.00 1.00 13 3 STAR 1284 349 1 1 1 103 1 62 1 226 1 1 62 28 1 1 62 1 1 103 1 226 1 28 1 1 1 10 1 1 28 328 0 4 4 4 21 4 5 4 29 4 4 5 29 4 4 5 4 4 21 4 29 4 29 4 4 4 29 4 4 29 46 0
query36 38.30 34% 0 325096 1.00 1.00 8 2 PATH 21768 1346 1 2061 1 1 1 1 1 1 5185 4 1 2061 5185 1 1 5185 1 1 1 1 1 1 1 1 2061 1 1 1 1 4 0 3 4 3 3 3 3 3 3 420 4 3 4 420 3 3 420 3 3 3 3 3 3 3 3 4 3 3 3 3 4 0
query37 24.06 46% 0 309992 1.00 1.00 29 5 HYBRID 24807 1574 1 1 7 1 133 73 9 124 7921 1 133 4 8053 70 7174 871 1 1 1 7 1 1 1 124 6 1 79 3 4 1 0 6 6 7 6 25 39 39 7 215 6 204 7 234 38 186 37 6 6 185 7 6 185 6 7 39 6 39 7 7 6 0
query38 444.40 13% 0 387640 1.00 1.00 38 6 HYBRID 272416 20014 1 5353 43 1 58726 78322 36 531 6526 1 19576 5370 1 1 7056 1 1 1 6526 43 1 58726 1 531 5367 1 60 15 22 19576 0 7 107 39 7 3927 5269 39 39 1082 107 1317 139 7 7 1114 7 7 7 1082 39 7 3927 7 39 140 7 40 40 40 1418 0
query40 11.04 42% 0 172516 1.00 1.00 21 4 HYBRID 1566 447 1 1 7 1 1 4 24 374 1 251 1 4 19 109 124 19 1 359 1 7 1 109 1 124 3 1 10 3 4 1 0 5 5 6 5 5 6 61 38 5 37 5 6 60 13 6 60 5 45 5 6 5 13 5 6 6 5 6 6 6 5 0
query41 123.86 20% 0 342568 1.00 1.00 23 3 STAR 40407 10553 1 6525 436 73 1 6187 1 397 1 4 1 2061 1 1 6187 1 4465 1 469 1 1 1 1 1 2061 436 1 436 4465 6190 0 4 1396 421 421 4 421 4 421 421 422 4 5 4 4 421 421 1812 421 421 4 4 4 421 4 5 421 4 421 1395 422 0
query42 1800.00 0% 0 1428 0.00 1.00 45 7 HYBRID 543136 87152 1 179638 1 1 1 1 1 1 1198 305 1 179638 1198 1 1 1194 1 1 1 1 1 1 1 1 179638 1 1 1 1 305 0 8 1669 8 8 8 8 8 8 26214 1669 8 1669 26214 8 8 26202 8 8 8 8 8 8 8 8 1669 8 8 8 8 1670 0
query45 19.99 54% 0 273792 1.00 1.00 21 3 HYBRID 3615 966 529 2 529 82 218 1 4 415 4 1 1 19 2 137 1 1 1 1 1 415 1 19 529 1 82 182 1 1 19 416 0 5 5 5 142 143 4 142 25 142 4 4 25 5 5 4 4 4 4 4 25 4 25 5 4 142 26 4 4 25 26 0
query47 814.30 37% 0 460940 1.00 1.00 25 3 HYBRID 754641 173615 1 59115 12322 2041 1 171337 1 11020 1 91 1 59115 1 1 171337 1 1 1 13060 1 1 1 1 1 59115 12322 1 12322 1 171427 0 4 422 11431 11431 4 11431 4 11431 11431 11849 4 422 4 4 11431 11431 11431 11431 11431 4 4 4 11431 4 422 11431 4 11431 4 11849 0
query52 33.13 26% 0 325220 1.00 1.00 18 2 PATH 12002 1410 1 1 29 8 1 1511 1 16 1840 600 1 1 1839 1 1511 1840 600 600 23 1 1 1 2 1 1 29 1 29 1 1511 0 3 3 4 4 3 4 3 4 439 4 3 3 438 3 4 439 4 4 4 3 3 3 4 3 3 4 3 4 3 4 0
query53 16.95 28% 0 241428 1.00 1.00 12 4 STAR 3372 733 1 1 1 216 1 900 1 801 1 1 100 1 1 1 100 1 1 216 1 1 1 1 1 1 1 1 1 1 801 216 0 5 5 5 28 5 176 5 51 5 5 130 5 5 5 130 5 5 28 5 5 5 5 5 5 5 5 5 5 51 29 0
query55 22.73 26% 0 284636 1.00 1.00 21 4 HYBRID 9945 988 1 334 340 1 1 844 6 124 1997 1 1 4 1997 1 124 2330 1 841 1 847 1 1 1 124 3 1 10 3 4 1 0 5 178 179 5 5 38 6 6 75 5 5 6 76 5 6 248 5 37 5 38 5 5 5 6 6 5 6 6 6 5 0
query56 58.02 50% 0 344936 1.00 1.00 18 3 STAR 64506 7218 1 901 1 17182 2998 1 37 559 2701 298 46 298 1 1 1 17182 1 17182 901 1 901 2737 1 523 1 1 1 1 46 1 0 4 5 4 549 734 4 549 549 189 549 549 549 4 4 4 549 4 549 5 4 5 734 4 549 4 4 4 4 549 4 0
query57 39.79 33% 0 321292 1.00 1.00 24 3 HYBRID 7322 1506 1 1 29 8 1 1511 1 16 248 600 1 33 247 1 1757 2 600 600 23 33 1 1 2 1 1 29 1 29 1 1543 0 4 4 5 5 4 5 4 5 16 5 15 439 15 4 16 5 5 5 16 439 4 15 5 4 4 5 4 5 4 440 0
query59 1800.02 0% 0 1428 .99 1.00 23 3 STAR 41568435 130697 1 1 1 131468 100 1 352 13696848 1 100 420 40660 1 241 3 131468 1 131468 40561 241 241 352 1 1045 3 13696218 1 13696218 418 1 0 4 4 4 56 56 4 56 26043 4 56 57 26046 4 5 5 56 4 57 25994 5 5 57 4 57 5 25992 4 25992 57 4 0
query60 33.09 39% 0 314272 1.00 1.00 15 3 HYBRID 5724 1448 1 1 1 2 2 2 1 1 429 429 184 1 181 1287 4 1 1 1 181 1287 1287 1 1 429 4 1 1 1 1 1 0 4 4 4 5 5 5 4 4 5 5 355 4 266 93 93 4 4 4 266 93 94 4 4 5 94 4 4 4 4 4 0
query61 17.85 53% 0 252872 1.00 1.00 30 3 STAR 2179 954 1 1 28 1 1 433 6 144 4 82 1 37 1 1 553 4 82 82 21 40 1 1 4 124 3 22 10 24 4 463 0 4 4 37 36 4 37 5 37 36 36 4 119 4 4 37 36 36 36 36 119 4 4 36 5 5 36 5 37 5 150 0
query63 38.74 38% 0 312956 1.00 1.00 18 2 STAR 7250 1410 1 255 29 8 1 1511 1 16 2 600 1 1 1 1 1511 2 854 600 23 1 1 1 2 1 1 29 1 29 255 1511 0 3 438 4 4 3 4 3 4 4 4 3 3 3 3 4 4 439 4 4 3 3 3 4 3 3 4 3 4 438 4 0
query65 7.10 44% 0 95184 1.00 1.00 6 2 PATH 342 123 1 1 1 1 1 1 1 1 79 1 27 1 1 1 1 1 27 1 1 79 1 79 1 1 1 1 1 27 1 1 0 3 3 3 3 3 3 3 3 13 3 4 3 3 3 3 3 4 3 3 13 3 13 3 3 3 3 3 4 3 3 0
query66 1800.00 0% 0 1432 0.00 1.00 59 7 HYBRID 1212528 179144 10968 278362 10968 1 5849 47972 1 278326 1 21709 1 1 37 5849 44732 1 21709 61021 39307 1 3241 42556 10968 278326 1 5849 1 1 1 44768 0 713 14005 3392 2687 9482 15979 8 15979 2687 11455 8 8 713 713 11458 2687 2687 11458 11456 8 13300 22071 3393 13300 8 3393 8 2687 8 3393 0
query67 1800.00 0% 0 1428 1.00 0.00 26 4 HYBRID 1523442 75700 1 1 1 131491 100 373063 352 2982 1 100 420 100 1 241 3 131491 1 504553 1 373303 241 352 1 1045 3 1587 1 1587 418 1 0 5 5 5 58 58 24879 58 115 5 58 59 115 5 6 6 58 5 24932 62 24881 6 58 5 58 6 62 5 62 58 5 0
query68 22.54 39% 0 246228 1.00 1.00 15 3 HYBRID 3267 783 529 2 529 1 137 379 1 379 1 1 37 1 2 137 1 1 37 1 1 1 1 1 529 1 1 137 1 37 379 2 0 5 5 5 4 5 142 4 142 4 4 84 4 5 5 4 4 84 4 4 4 4 4 5 4 4 5 4 84 142 5 0
query69 1800.00 0% 0 1432 0.00 1.00 50 7 HYBRID 587765 142851 4795 129628 29 4802 1 1997 1 129643 1229 600 57616 4 1240 1 2744 2 603 600 23 62407 493 487 2 129628 1 32 1 32 57613 1511 0 443 8654 9 444 8 8655 8 8655 12547 9 16837 443 12552 8 12550 9 444 9 12553 4293 9089 21198 9 8654 8 444 8 444 3858 9 0
query70 38.40 38% 0 325696 1.00 1.00 18 2 PATH 12002 1410 1 1 29 8 1 1511 1 16 1840 600 1 1 1839 1 1511 1840 600 600 23 1 1 1 2 1 1 29 1 29 1 1511 0 3 3 4 4 3 4 3 4 439 4 3 3 438 3 4 439 4 4 4 3 3 3 4 3 3 4 3 4 3 4 0
query71 137.31 37% 0 357416 1.00 1.00 23 3 HYBRID 75327 10553 1 2061 436 73 1 6187 1 397 16105 4 1 2061 16105 1 6187 16105 1 1 469 1 1 1 1 1 2061 436 1 436 1 6190 0 4 5 421 421 4 421 4 421 1812 422 4 5 1395 4 421 1812 421 421 421 4 4 4 421 4 5 421 4 421 4 422 0
query72 1108.50 23% 0 444052 1.00 1.00 19 5 HYBRID 402306 73814 1 6813 1 1 1 1 1 55729 5185 4 1 2061 5185 66367 1 5185 4753 66367 1 1 1 66367 1 1 2061 1 55729 1 4753 55732 0 6 1048 13284 6 6 6 6 13284 13701 7 6 7 423 961 6 423 1047 961 6 6 6 961 6 6 7 6 13284 6 1047 13285 0
query73 16.13 44% 0 204388 1.00 1.00 12 3 STAR 3909 540 1 1 1 2 2 218 1 217 1077 429 1 1 1 1 1 1 1 1 1 649 1 649 1 429 1 1 1 1 217 1 0 4 4 4 5 5 95 4 94 53 5 4 4 4 4 4 4 4 4 4 52 4 52 4 5 4 4 4 4 94 4 0
query76 18.50 40% 0 243220 1.00 1.00 6 2 STAR 7665 654 1 1 1 1633 1 1 1 914 914 1 1 914 1 1 1 1 1 1633 1 1 1 1 1 1 1 1 1 1 1 1633 0 3 3 3 190 3 3 3 4 4 3 3 4 3 3 3 3 3 190 3 3 3 3 3 3 3 3 3 3 3 190 0
query77 86.50 43% 0 335948 1.00 1.00 23 3 HYBRID 44332 8803 1430 4295 1 1430 10 16 9013 4304 1 9013 2 2 1 1 1 1 11 10 1 1430 9030 16 1 4295 1 11 1 2 1 1 0 5 295 4 5 870 295 870 1161 4 870 5 5 4 4 4 4 871 870 4 5 1162 295 4 295 4 871 4 5 4 4 0
query78 38.64 33% 0 326452 1.00 1.00 21 3 STAR 8306 1569 1 1 29 422 1 1511 1 16 2 600 193 1 193 1 1511 2 600 1014 215 1 1 1 2 1 1 29 1 29 1 1925 0 4 4 5 48 4 5 4 5 5 5 439 4 439 4 5 5 5 48 440 4 4 4 5 4 4 5 4 5 4 48 0
query79 1800.00 0% 0 1432 0.00 1.00 32 6 HYBRID 1516383 51246 9601 323839 1 1 1 1 1 158534 1 158504 1 323839 9601 13501 1 1 1 172004 1 1 9601 13501 1 1 323839 1 1 1 1 1 0 493 2712 7 7 7 7 7 10581 7 13284 7 2712 493 1452 7 7 7 12024 7 7 493 1452 7 7 2712 7 7 7 7 2712 0
query81 80.52 7% 0 150916 1.00 1.00 10 2 PATH 11748 194 1 1 1 1 51 51 1 3761 1 1 1 64 1 1 1 1 1 1 1 3761 1 114 1 1 1 100 1 1 64 3761 0 3 3 3 3 4 4 3 17 3 3 3 17 3 3 3 3 3 3 3 18 3 19 3 3 3 17 3 3 18 17 0
query84 21.95 21% 0 135744 1.00 1.00 23 3 STAR 390 291 1 32 1 1 1 90 1 1 1 1 1 31 1 2 90 1 1 1 1 1 1 2 1 1 31 1 1 1 1 90 0 4 7 14 14 4 14 4 14 14 17 4 6 4 5 15 15 15 15 14 4 4 5 15 4 6 15 4 15 4 16 0
query85 58.08 19% 0 310852 1.00 1.00 18 3 STAR 8229 1458 676 1 676 1460 173 2 1 1 429 429 1 1 1 172 1 1 1 1459 1 1 1 1 676 429 1 172 1 1 1 1459 0 94 94 94 179 95 5 4 4 5 5 4 4 94 94 4 4 4 178 4 4 4 4 94 5 4 94 4 4 4 268 0
query86 44.75 25% 0 315124 1.00 1.00 12 2 STAR 33646 970 1430 1 1 1430 1 1 1 1 9775 1 2 2 9775 1 1 9775 2 1 1 1430 3 1 1 1 1 2 1 2 1 1 0 4 3 3 4 3 3 3 3 293 3 4 4 294 3 3 293 4 3 3 4 4 3 3 3 3 4 3 4 3 3 0
query87 96.05 30% 0 341368 1.00 1.00 44 4 HYBRID 20445 7160 370 433 223 10 3725 4141 93 1504 801 55 360 49 1 1 1873 1 10 1 10 664 1 3725 1 1504 27 1 271 36 112 442 0 349 349 38 349 258 635 382 38 349 349 350 38 5 5 383 5 350 5 350 383 5 258 349 38 383 5 38 382 382 350 0
query88 44.54 31% 0 329476 1.00 1.00 11 3 STAR 24615 1618 109 2368 1 1 1 1 1 5765 2356 1 13 1 1 97 5765 1 1 1 1 2356 1 1 1 1 1 1 1 1 1 5765 0 11 11 4 4 4 4 4 492 10 4 5 4 4 10 492 4 4 4 4 11 4 4 4 4 4 4 4 4 4 492 0
query90 71.40 31% 0 355840 1.00 1.00 33 4 HYBRID 22371 4636 1 1 286 1 3500 3363 6 385 1 1 3500 4 3500 1 2643 1 1 841 262 847 1 1 1 124 3 280 10 282 4 2520 0 5 5 178 177 604 210 6 178 177 177 604 6 604 5 178 177 177 209 177 38 5 5 177 6 6 177 6 178 6 178 0
query91 20.78 46% 0 282168 1.00 1.00 15 2 STAR 9081 927 529 2 529 1 137 1 1 1 2335 1 19 1 2336 137 2335 1 1 1 19 1 1 19 529 1 1 137 1 1 1 2 0 4 4 4 3 4 3 3 3 141 3 141 3 142 4 141 3 3 3 141 3 3 141 4 3 3 4 3 3 3 4 0
query93 19.96 54% 0 326708 1.00 1.00 22 3 HYBRID 96429 824 1 1 7 1 409 412 6 31236 1 1 1 382 1 1 124 1 1 1 1 31119 1 787 1 124 3 298 10 3 382 31113 0 4 4 5 4 36 37 5 90 4 4 4 90 4 4 5 4 4 4 4 90 4 121 4 5 5 89 5 5 90 90 0
query94 40.75 71% 0 346268 1.00 1.00 20 2 STAR 27012 6336 1 2061 436 73 1 6186 1 397 1 4 1 2061 1 1 6186 1 1 1 469 1 1 1 1 1 2061 436 1 436 1 6189 0 3 4 419 419 3 419 3 419 419 420 3 4 3 3 419 419 419 419 419 3 3 3 419 3 4 419 3 419 3 421 0
query95 1800.00 0% 0 1428 .97 1.00 18 4 HYBRID 671337 84207 1 179622 1 1 1 1 43939 1 1 304 1 179622 43951 1 1 43951 1 1 1 1 1 1 1 1 179622 1 1 1 1 304 0 5 1664 5 5 5 5 25248 5 5 1664 5 1664 25262 5 5 25263 5 5 5 5 5 5 5 5 1666 5 5 5 5 1666 0
query96 23.92 37% 0 277664 1.00 1.00 14 4 HYBRID 3006 1032 1 1 1 61 61 73 4 160 163 1 73 859 1 700 73 1 1 1 1 1 1 1 1 1 61 1 1 700 1 1 0 5 5 5 149 149 41 149 22 166 5 41 23 5 6 41 5 5 5 5 5 5 5 5 5 149 5 5 6 5 5 0
query97 15.11 40% 0 167012 1.00 1.00 9 3 STAR 3078 355 1 1 1 1 1 1 94 251 674 251 1 1 767 1 1 767 1 251 1 1 1 1 1 1 1 1 1 1 1 1 0 4 4 4 4 4 4 59 5 26 5 4 4 81 4 4 82 4 5 4 4 4 4 4 4 4 4 4 4 4 4 0
query98 171.25 38% 0 353476 1.00 1.00 24 4 HYBRID 118563 26684 1 8099 2478 1 1 27893 1 1567 1 1 1 1 1 1 24294 1 1 3600 9665 3600 8099 1 1 1 1 2478 1 2478 1 24294 0 5 549 1628 1628 5 1813 5 1628 1628 1628 5 5 5 5 1628 1628 1628 1814 2172 190 549 5 1628 5 5 1628 5 1628 5 1629 0
query99 1800.00 0% 0 1432 0.00 1.00 32 6 HYBRID 1512041 129940 19698 357779 1 131491 100 1 352 1396 357732 100 478 100 1 19884 3 131491 1 131491 1 357877 241 352 1 1045 3 1 1 1 418 1 0 25825 25829 7 60 60 7 60 60 25822 60 69 60 7 25823 8 60 7 60 7 25818 8 60 7 60 8 7 7 7 60 7 0
query100 471.89 22% 0 359288 1.00 1.00 29 6 HYBRID 138429 26915 2548 802 1 20818 622 1 325 973 802 622 1 622 6433 49 3067 38359 1 20818 1 802 2500 325 16675 649 1 13609 1 7000 1 1 0 179 8 7 798 798 7 798 798 8 798 798 798 796 8 511 5859 7 798 7 8 178 798 4954 798 7 4450 7 1129 798 7 0
