query2 12.32 34% 0 142240 1.00 1.00 3 3 HYBRID 3798 153 1 1 1 1 1 2061 1 1729 1 1 0 1 1 1 1 1 2 1 143 1 1 0
query3 5.15 45% 0 93232 1.00 1.00 3 3 HYBRID 620 55 1 1 1 1 1 1 1 24 1 588 0 1 1 1 1 1 1 1 45 1 2 0
query4 61.03 18% 0 337500 1.00 1.00 5 5 HYBRID 24570 834 1 1 1 1 1 12281 1 12281 1 1 0 1 1 1 1 1 2 1 824 1 1 0
query6 3.82 60% 0 94236 1.00 1.00 5 5 HYBRID 412 47 1 1 1 1 1 201 1 194 10 1 0 1 1 1 1 1 2 1 19 19 1 0
query7 9.87 42% 0 119680 1.00 1.00 3 3 STAR 1965 116 1 1 456 1 1 1501 1 1 1 1 0 1 1 106 1 1 2 1 1 1 1 0
query8 9.99 41% 0 125620 1.00 1.00 3 3 HYBRID 1965 116 1 1 456 1 1 1501 1 1 1 1 0 1 1 106 1 1 2 1 1 1 1 0
query16 206.79 20% 0 444280 1.00 1.00 3 3 STAR 1593065 2935 1 1 1 1 1 1 43785 1549272 1 1 0 1 1 1 1 1 1 2 2925 1 1 0
query21 3.29 51% 0 76084 1.00 1.00 2 2 STAR 207 24 1 1 1 1 1 124 1 75 1 1 0 1 1 1 1 1 2 1 14 1 1 0
query22 6.89 46% 0 104248 1.00 1.00 2 2 PATH 1711 76 1 1 1 1 1 901 1 802 1 1 0 1 1 1 1 1 2 1 66 1 1 0
query26 2.82 53% 0 75140 1.00 1.00 5 5 HYBRID 78 19 1 1 1 1 1 1 1 49 1 21 0 1 1 1 1 1 1 1 2 1 9 0
query35 7.38 50% 0 102488 1.00 1.00 3 3 STAR 808 67 1 1 1 1 1 1 774 1 26 1 0 1 1 1 1 1 1 2 1 57 1 0
query36 13.89 41% 0 138180 1.00 1.00 2 2 PATH 3798 153 1 1 1 1 1 2061 1 1729 1 1 0 1 1 1 1 1 2 1 143 1 1 0
query40 2.87 56% 0 72472 1.00 1.00 4 4 HYBRID 18 13 1 1 1 1 1 5 1 5 1 1 0 1 1 1 1 1 2 1 3 1 1 0
query45 3.08 52% 0 74256 1.00 1.00 3 3 HYBRID 72 18 1 1 1 1 1 1 1 36 1 28 0 1 1 1 1 1 1 1 2 1 8 0
query52 10.90 43% 0 125168 1.00 1.00 2 2 PATH 2112 116 1 1 1 1 1 1 1 593 1 1511 0 1 1 1 1 1 1 1 106 1 2 0
query53 3.77 50% 0 76708 1.00 1.00 4 4 STAR 155 25 1 1 1 1 1 138 1 1 9 1 0 1 1 1 1 1 2 1 1 15 1 0
query54 4.80 61% 0 98964 1.00 1.00 6 6 HYBRID 671 38 1 1 1 1 1 339 1 324 1 1 0 1 1 1 1 1 2 1 28 1 1 0
query56 7.87 52% 0 110100 1.00 1.00 3 3 STAR 2819 76 1 1 1 1 1 901 1910 1 1 1 0 1 1 1 1 1 2 66 1 1 1 0
query59 217.30 22% 0 390196 1.00 1.00 3 3 STAR 1593065 2935 1 1 1 1 1 1 43785 1549272 1 1 0 1 1 1 1 1 1 2 2925 1 1 0
query68 3.58 51% 0 75884 1.00 1.00 3 3 HYBRID 120 23 1 1 108 1 1 1 4 1 1 1 0 1 1 2 1 1 1 13 1 1 1 0
query70 10.68 38% 0 119784 1.00 1.00 2 2 PATH 2112 116 1 1 1 1 1 1 1 593 1 1511 0 1 1 1 1 1 1 1 106 1 2 0
query71 13.72 38% 0 141708 1.00 1.00 3 3 HYBRID 3798 153 1 1 1 1 1 2061 1 1729 1 1 0 1 1 1 1 1 2 1 143 1 1 0
query73 5.18 51% 0 88764 1.00 1.00 3 3 STAR 510 44 1 1 1 1 1 73 429 1 1 1 0 1 1 1 1 1 34 2 1 1 1 0
query75 3.08 50% 0 74348 1.00 1.00 5 5 HYBRID 105 20 1 1 1 1 1 1 1 69 1 28 0 1 1 1 1 1 1 1 2 1 10 0
query78 6.45 49% 0 94268 1.00 1.00 3 3 STAR 702 60 1 1 1 1 1 663 1 1 31 1 0 1 1 1 1 1 2 1 1 50 1 0
query81 3.32 75% 0 87388 1.00 1.00 2 2 PATH 1296 19 1 1 1 1 1 1 1 1237 51 1 0 1 1 1 1 1 1 1 9 2 1 0
query84 13.70 37% 0 139704 1.00 1.00 3 3 STAR 2080 153 1 1 1 1 1 2061 11 1 1 1 0 1 1 1 1 1 2 143 1 1 1 0
query87 5.08 91% 0 128156 1.00 1.00 8 4 HYBRID 680 167 1 1 1 91 50 406 1 41 48 40 0 1 1 1 32 32 2 1 32 32 33 0
query88 2.86 68% 0 79720 1.00 1.00 3 3 STAR 606 15 1 1 1 1 1 1 1 588 10 1 0 1 1 1 1 1 1 1 5 2 1 0
query93 3.66 84% 0 97272 1.00 1.00 3 3 HYBRID 3291 24 1 1 1 1 1 124 1 3159 1 1 0 1 1 1 1 1 2 1 14 1 1 0
query97 5.98 53% 0 97948 1.00 1.00 3 3 STAR 677 55 1 1 1 1 1 1 1 593 76 1 0 1 1 1 1 1 1 1 2 45 1 0
