query2 130.89 27% 0 346280 1.00 1.00 17 3 HYBRID 75265 7955 2457 6186 4 16105 2133 8246 16501 16540 907 6186 0 421 420 421 1392 421 421 1809 1808 421 421 0
query3 50.20 38% 0 336616 1.00 1.00 22 3 HYBRID 11151 4565 137 2092 1894 284 1 2227 2 284 1635 2595 0 132 694 695 566 132 695 132 693 694 132 0
query4 706.31 18% 0 463112 1.00 1.00 23 5 HYBRID 3424466 31681 13596 4 1089574 1090396 51084 1103166 38315 38323 7 1 0 206 7 7842 7705 2735 7873 2566 2566 175 6 0
query6 99.94 23% 0 337640 1.00 1.00 18 5 HYBRID 23554 4899 1855 3214 1 4492 5509 4960 631 2404 487 1 0 294 293 6 1147 705 808 817 191 632 6 0
query7 55.83 35% 0 329940 1.00 1.00 11 3 STAR 23611 3300 1366 1366 5466 4101 4 6501 2401 1 2401 4 0 489 489 766 281 489 283 5 4 5 489 0
query8 102.04 28% 0 358452 1.00 1.00 17 3 HYBRID 35966 6496 4808 6302 10631 5241 17 6751 16 29 651 1520 0 1058 1058 1452 398 1058 399 5 5 5 1058 0
query16 1800.00 0% 0 1432 .99 1.00 16 3 STAR 41787273 104649 592 41081 131401 13912493 1495 13784048 131639 13783865 241 418 0 58 26052 58 26094 57 26105 58 26105 5 57 0
query21 5.03 72% 0 107036 1.00 1.00 12 2 STAR 1133 132 4 4 124 124 245 124 246 254 7 1 0 4 4 4 4 35 4 35 35 4 3 0
query22 15.60 67% 0 273712 1.00 1.00 9 2 PATH 10351 1143 1045 2404 1 901 2404 1045 145 2404 1 1 0 189 188 3 4 188 189 188 188 3 3 0
query26 312.23 19% 0 350908 1.00 1.00 25 5 HYBRID 73279 18495 4307 9506 9003 8078 4 14902 1630 16331 1430 8088 0 1163 1811 2966 1811 7 2781 2491 2782 7 2676 0
query35 6.37 79% 0 129320 1.00 1.00 12 3 STAR 1216 242 1 226 111 89 71 102 327 226 62 1 0 4 29 46 30 30 20 45 29 5 4 0
query36 34.60 42% 0 322924 1.00 1.00 8 2 PATH 21748 1286 2061 1 4 5185 2061 2061 5185 5185 4 1 0 4 3 4 420 4 4 420 420 4 3 0
query40 9.88 60% 0 147632 1.00 1.00 18 4 HYBRID 1511 335 4 22 232 232 245 250 246 254 25 1 0 6 59 14 14 37 67 37 37 59 5 0
query45 14.28 74% 0 253208 1.00 1.00 19 3 HYBRID 3263 935 137 362 642 90 40 140 359 432 532 529 0 5 153 153 152 24 133 25 152 133 5 0
query52 32.25 44% 0 306768 1.00 1.00 12 2 PATH 11369 1221 17 1511 600 1839 8 1511 1854 1867 651 1511 0 4 4 4 397 4 4 398 398 4 4 0
query53 16.82 46% 0 225144 1.00 1.00 12 4 STAR 3352 633 1 1 1016 100 900 1016 216 1 100 1 0 5 5 75 130 176 74 28 5 130 5 0
query54 883.05 16% 0 373540 1.00 1.00 21 6 HYBRID 437230 37288 22972 84637 1 27946 112582 144940 10237 802 10189 22924 0 1541 5602 7 4596 10191 12412 696 8 695 1540 0
query56 56.46 53% 0 335356 1.00 1.00 14 3 STAR 63928 4958 937 2701 17182 17182 3556 3898 17182 343 1 946 0 550 189 549 549 734 735 549 549 4 550 0
query59 1800.01 0% 0 1432 .99 1.00 16 3 STAR 40530785 101868 591 40561 131035 13495541 1494 13364908 131273 13364724 241 417 0 57 25358 57 25407 56 25408 58 25406 5 56 0
query68 17.92 45% 0 218532 1.00 1.00 13 3 HYBRID 3044 659 137 35 888 34 360 496 35 1 529 529 0 5 81 133 80 132 133 81 4 5 5 0
query70 31.95 43% 0 307904 1.00 1.00 12 2 PATH 11369 1221 17 1511 600 1839 8 1511 1854 1867 651 1511 0 4 4 4 397 4 4 398 398 4 4 0
query71 133.20 32% 0 357884 1.00 1.00 17 3 HYBRID 75268 7965 2457 6187 4 16105 2133 8247 16501 16540 907 6187 0 422 421 422 1393 422 422 1810 1810 422 421 0
query73 13.29 51% 0 187744 1.00 1.00 10 3 STAR 3887 458 2 1077 645 1 217 865 1077 1 1 1 0 5 53 95 4 94 142 53 4 4 4 0
query75 430.05 21% 0 357284 1.00 1.00 27 5 HYBRID 96481 23016 12950 16991 80 11274 21 15124 2188 20848 5725 11280 0 1165 2892 3760 2892 297 3132 2266 3423 297 2892 0
query78 34.47 39% 0 313800 1.00 1.00 15 3 STAR 7463 1348 17 1511 1136 171 8 1877 382 29 821 1511 0 5 5 438 398 5 44 44 5 399 5 0
query81 3.72 135% 0 138144 1.00 1.00 9 2 PATH 11701 119 1 3761 100 64 150 51 3761 3761 51 1 0 3 17 17 17 19 4 18 17 4 3 0
query84 3.65 90% 0 101548 1.00 1.00 17 3 STAR 370 144 32 90 2 1 31 120 2 1 1 90 0 17 15 17 4 16 16 15 14 16 14 0
query87 45.73 49% 0 328956 1.00 1.00 30 4 HYBRID 19902 3896 481 490 1464 2274 4190 5181 490 635 4336 361 0 348 348 348 348 601 290 348 348 601 316 0
query88 39.43 36% 0 323384 1.00 1.00 12 3 STAR 24979 1565 97 2356 5861 13 8216 109 97 2356 5873 1 0 10 11 499 5 505 11 10 10 500 4 0
query93 11.39 83% 0 310384 1.00 1.00 18 3 HYBRID 93683 643 4 30375 421 502 697 521 30375 30383 404 1 0 5 88 89 88 120 36 89 88 36 4 0
query97 8.20 66% 0 145704 1.00 1.00 9 3 STAR 3058 275 1 94 1 674 251 94 924 924 94 1 0 4 59 4 26 5 59 28 27 59 4 0
