query2 5.78 77% 0 140692 1.00 1.00 4 3 HYBRID 3798 153 1 1 1 542 1 2061 597 592 1 1 0 1 1 1 48 1 2 49 48 1 1 0
query3 3.65 70% 0 98148 1.00 1.00 4 3 HYBRID 620 55 1 1 1 12 1 1 1 13 1 588 0 1 1 1 23 1 1 1 23 1 2 0
query4 31.49 31% 0 338948 1.00 1.00 6 5 HYBRID 24570 834 1 1 1 1 1 12281 6140 6142 1 1 0 1 1 1 1 1 2 413 412 1 1 0
query6 3.93 65% 0 93360 1.00 1.00 7 5 HYBRID 414 47 1 1 1 1 1 201 10 196 1 1 0 1 1 1 1 1 2 10 19 10 1 0
query7 5.30 79% 0 128164 1.00 1.00 4 3 STAR 1965 116 154 164 140 1 1 1501 1 1 1 1 0 35 36 37 1 1 2 1 1 1 1 0
query8 6.01 64% 0 124868 1.00 1.00 4 3 HYBRID 1965 116 229 1 228 1 1 1501 1 1 1 1 0 54 1 53 1 1 2 1 1 1 1 0
query16 107.96 41% 0 443836 1.00 1.00 4 3 STAR 1593065 2935 1 1 1 1 1 774849 43785 774424 1 1 0 1 1 1 1 1 1462 2 1464 1 1 0
query21 2.62 63% 0 76308 1.00 1.00 3 2 STAR 207 24 1 1 1 1 25 124 31 21 1 1 0 1 1 1 1 5 2 6 5 1 1 0
query22 4.02 85% 0 110180 1.00 1.00 3 2 PATH 1711 76 1 286 1 1 262 901 1 256 1 1 0 1 23 1 1 22 2 1 23 1 1 0
query26 2.34 57% 0 74596 1.00 1.00 6 5 HYBRID 78 19 1 1 1 9 1 1 1 49 1 13 0 1 1 1 4 1 1 1 2 1 6 0
query35 4.39 80% 0 107164 1.00 1.00 4 3 STAR 808 67 1 1 1 3 7 1 774 1 18 1 0 1 1 1 20 19 1 2 1 20 1 0
query36 6.91 83% 0 145436 1.00 1.00 3 2 PATH 3798 153 1 1 1 542 1 2061 597 592 1 1 0 1 1 1 48 1 2 49 48 1 1 0
query40 2.90 56% 0 72364 1.00 1.00 5 4 HYBRID 18 13 1 1 1 1 1 5 2 4 1 1 0 1 1 1 1 1 2 2 2 1 1 0
query45 3.05 57% 0 74032 1.00 1.00 4 3 HYBRID 72 18 1 1 1 1 1 1 1 36 15 14 0 1 1 1 1 1 1 1 2 5 4 0
query52 5.74 80% 0 126320 1.00 1.00 3 2 PATH 2112 116 1 1 1 187 1 1 210 198 1 1511 0 1 1 1 35 1 1 37 36 1 2 0
query53 3.18 57% 0 76868 1.00 1.00 5 4 STAR 155 25 1 1 1 5 1 138 1 1 5 1 0 1 1 1 8 1 2 1 1 8 1 0
query54 4.74 62% 0 100004 1.00 1.00 7 6 HYBRID 672 38 1 1 1 1 1 339 1 325 1 1 0 1 1 1 1 1 2 1 28 1 1 0
query56 4.63 88% 0 113576 1.00 1.00 4 3 STAR 2819 76 1 1 602 651 1 901 659 1 1 1 0 1 1 22 22 1 2 24 1 1 1 0
query59 111.87 42% 0 393812 1.00 1.00 4 3 STAR 1593065 2935 1 1 1 1 1 774849 43785 774424 1 1 0 1 1 1 1 1 1462 2 1464 1 1 0
query68 3.00 61% 0 75872 1.00 1.00 4 3 HYBRID 120 23 1 2 108 1 1 1 3 1 1 1 0 1 5 2 5 1 1 5 1 1 1 0
query70 5.55 77% 0 122512 1.00 1.00 3 2 PATH 2112 116 1 1 1 187 1 1 210 198 1 1511 0 1 1 1 35 1 1 37 36 1 2 0
query71 6.82 81% 0 140456 1.00 1.00 4 3 HYBRID 3798 153 1 1 1 542 1 2061 597 592 1 1 0 1 1 1 48 1 2 49 48 1 1 0
query73 3.99 69% 0 92180 1.00 1.00 4 3 STAR 510 44 1 1 1 1 35 39 429 1 1 1 0 1 1 1 1 17 18 2 1 1 1 0
query75 3.05 57% 0 74512 1.00 1.00 6 5 HYBRID 105 20 1 1 1 12 1 1 1 69 1 17 0 1 1 1 5 1 1 1 2 1 6 0
query78 4.66 69% 0 98868 1.00 1.00 4 3 STAR 702 60 1 1 1 15 1 663 1 1 17 1 0 1 1 1 26 1 2 1 1 25 1 0
query81 2.89 80% 0 85324 1.00 1.00 3 2 PATH 1322 19 1 472 1 1 1 1 463 330 51 1 0 1 3 1 1 1 1 4 4 2 1 0
query84 8.28 61% 0 136476 1.00 1.00 4 3 STAR 2080 153 1 1 7 1 1 2061 5 1 1 1 0 1 1 71 1 1 2 73 1 1 1 0
query87 7.51 64% 0 139920 .99 1.00 13 4 HYBRID 691 198 1 101 1 1 50 406 1 81 48 1 0 1 63 1 1 32 2 2 63 32 1 0
query88 2.68 69% 0 79580 1.00 1.00 4 3 STAR 654 15 1 246 1 1 1 1 1 391 10 1 0 1 3 1 1 1 1 1 3 2 1 0
query93 2.91 104% 0 102952 1.00 1.00 4 3 HYBRID 3316 24 1 966 1 1 1 124 1336 884 1 1 0 1 5 1 1 1 2 6 5 1 1 0
query97 3.89 84% 0 99092 1.00 1.00 4 3 STAR 677 55 1 29 1 1 1 22 1 593 27 1 0 1 16 1 1 1 15 1 2 16 1 0
