query15029 5.12 36% 0 74972 1.00 1.00 24 5 HYBRID 24 13 1 1 1 4 1 1 1 1 12 1 0 1 1 1 2 1 1 1 1 3 1 0
query9412 2.96 78% 0 77984 1.00 1.00 15 2 PATH 134 22 20 1 1 1 1 17 1 1 1 90 0 9 1 1 1 1 4 1 1 1 2 0
query5864 3.10 85% 0 83084 1.00 1.00 21 4 STAR 168 25 1 6 1 144 1 1 1 11 1 1 0 1 10 1 2 1 1 1 6 1 1 0
query14007 14.19 103% 0 303520 1.00 1.00 45 9 HYBRID 3029 1403 1291 172 1 302 1 1 520 175 565 1 0 2 42 1 1291 1 1 16 37 11 1 0
query9444 2.81 77% 0 76812 1.00 1.00 15 2 PATH 110 20 17 1 1 1 1 18 1 1 1 68 0 7 1 1 1 1 4 1 1 1 2 0
query1232 3.22 79% 0 75328 1.00 1.00 16 2 STAR 25 15 1 1 1 1 10 1 2 1 1 6 0 1 1 1 1 2 1 2 1 1 4 0
query1512 2.65 69% 0 74604 1.00 1.00 18 3 STAR 12 12 2 1 1 1 1 1 1 1 2 1 0 2 1 1 1 1 1 1 1 2 1 0
query1511 1.80 92% 0 75172 1.00 1.00 18 3 STAR 17 13 2 1 1 1 1 3 1 1 5 1 0 2 1 1 1 1 2 1 1 2 1 0
query13383 22.43 89% 0 375488 1.00 1.00 27 6 HYBRID 49994 1682 12498 1 12496 24993 1 1 1 1 1 1 0 839 1 834 2 1 1 1 1 1 1 0
query15101 3.04 57% 0 76332 1.00 1.00 24 5 HYBRID 117 17 1 1 1 23 1 1 34 1 53 1 0 1 1 1 2 1 1 4 1 4 1 0
query5215 14.09 83% 0 302284 1.00 1.00 18 3 STAR 13384 865 302 1 1 12746 329 1 1 1 1 1 0 430 1 1 2 426 1 1 1 1 1 0
query1493 2.27 75% 0 74484 1.00 1.00 18 3 STAR 12 12 2 1 1 1 1 1 1 1 2 1 0 2 1 1 1 1 1 1 1 2 1 0
query9421 2.99 86% 0 79036 1.00 1.00 15 2 PATH 206 25 29 1 1 1 1 31 1 1 1 139 0 9 1 1 1 1 7 1 1 1 2 0
query5190 12.45 91% 0 300292 1.00 1.00 18 3 STAR 13384 865 302 1 1 12746 329 1 1 1 1 1 0 430 1 1 2 426 1 1 1 1 1 0
query3001 84.79 35% 0 349300 1.00 1.00 30 7 HYBRID 21352 4838 1 3992 1 1 2483 1 1 1 12471 2400 0 1 2 1 1 419 1 1 1 3992 419 0
query5186 16.83 90% 0 313476 1.00 1.00 18 3 STAR 19555 1256 482 1 1 18605 461 1 1 1 1 1 0 625 1 1 2 622 1 1 1 1 1 0
query14056 25.80 92% 0 333016 1.00 1.00 45 9 HYBRID 7659 3112 2817 365 1 873 1 1 1631 342 1627 1 0 2 112 1 2817 1 1 34 112 31 1 0
query13379 20.25 92% 0 346180 1.00 1.00 27 6 HYBRID 44156 1487 11039 1 11036 22074 1 1 1 1 1 1 0 741 1 737 2 1 1 1 1 1 1 0
query4374 2.64 81% 0 78204 1.00 1.00 48 10 HYBRID 26 26 2 2 1 1 1 1 1 14 2 1 0 2 2 1 1 1 1 1 2 14 1 0
query5898 2.79 79% 0 78724 1.00 1.00 21 4 STAR 135 23 1 8 1 115 1 1 1 5 1 1 0 1 9 1 2 1 1 1 5 1 1 0
query1515 2.70 68% 0 74664 1.00 1.00 18 3 STAR 16 13 2 1 1 1 1 2 1 1 5 1 0 2 1 1 1 1 2 1 1 2 1 0
query15038 3.44 53% 0 75540 1.00 1.00 24 5 HYBRID 66 16 1 1 1 12 1 1 16 1 31 1 0 1 1 1 2 1 1 3 1 4 1 0
query1504 1.89 84% 0 74112 1.00 1.00 18 3 STAR 12 12 2 1 1 1 1 1 1 1 2 1 0 2 1 1 1 1 1 1 1 2 1 0
query9449 2.50 116% 0 78256 1.00 1.00 15 2 PATH 176 23 23 1 1 1 1 27 1 1 1 119 0 9 1 1 1 1 5 1 1 1 2 0
query9408 3.04 91% 0 79440 1.00 1.00 15 2 PATH 257 27 36 1 1 1 1 39 1 1 1 175 0 11 1 1 1 1 7 1 1 1 2 0
query5167 12.22 99% 0 303488 1.00 1.00 18 3 STAR 13384 865 302 1 1 12746 329 1 1 1 1 1 0 430 1 1 2 426 1 1 1 1 1 0
query1476 2.75 68% 0 74320 1.00 1.00 18 3 STAR 12 12 2 1 1 1 1 1 1 1 2 1 0 2 1 1 1 1 1 1 1 2 1 0
query1546 3.18 79% 0 75128 1.00 1.00 18 3 STAR 17 14 2 1 1 1 1 2 1 1 6 1 0 3 1 1 1 1 2 1 1 2 1 0
query9485 3.37 93% 0 78708 1.00 1.00 15 2 PATH 213 25 30 1 1 1 1 33 1 1 1 143 0 9 1 1 1 1 7 1 1 1 2 0
query3027 11.21 60% 0 192816 1.00 1.00 31 7 HYBRID 2026 467 1 373 1 1 234 1 1 1 1190 223 0 1 2 1 1 43 1 1 1 373 43 0
query15069 3.05 52% 0 74860 1.00 1.00 24 5 HYBRID 16 12 1 1 1 2 1 1 1 1 6 1 0 1 1 1 2 1 1 1 1 2 1 0
query5883 3.17 80% 0 78348 1.00 1.00 21 4 STAR 135 23 1 8 1 115 1 1 1 5 1 1 0 1 9 1 2 1 1 1 5 1 1 0
query15066 3.42 54% 0 74308 1.00 1.00 24 5 HYBRID 16 12 1 1 1 2 1 1 1 1 6 1 0 1 1 1 2 1 1 1 1 2 1 0
query13418 19.92 94% 0 343748 1.00 1.00 28 6 HYBRID 43274 1458 10818 1 10816 21633 1 1 1 1 1 1 0 727 1 722 2 1 1 1 1 1 1 0
query9470 2.64 93% 0 79064 1.00 1.00 15 2 PATH 213 25 30 1 1 1 1 33 1 1 1 143 0 9 1 1 1 1 7 1 1 1 2 0
query14004 128.09 61% 0 366028 1.00 1.00 45 9 HYBRID 55032 21031 18760 1285 1 7228 1 1 13184 1191 13380 1 0 2 889 1 18760 1 1 245 888 243 1 0
query14027 24.16 94% 0 338344 1.00 1.00 45 9 HYBRID 7364 2752 2412 61 1 942 1 1 1937 65 1943 1 0 2 134 1 2412 1 1 34 131 35 1 0
query774 2.43 81% 0 75948 1.00 1.00 18 3 STAR 57 18 1 1 1 33 1 1 11 1 1 6 0 1 1 1 2 1 1 6 1 1 3 0
query3000 29.91 46% 0 323288 1.00 1.00 31 7 HYBRID 6780 1522 1 1 1 1246 767 1 1 1 3919 842 0 1 1 1 2 134 1 1 1 1246 134 0
query799 2.47 81% 0 76280 1.00 1.00 18 3 STAR 70 18 1 1 1 39 1 1 12 1 1 12 0 1 1 1 2 1 1 5 1 1 4 0
query14939 2.67 85% 0 79888 1.00 1.00 42 11 HYBRID 46 31 3 1 1 1 1 7 1 15 15 1 0 4 1 1 1 1 4 1 2 15 1 0
query5234 12.55 97% 0 306000 1.00 1.00 18 3 STAR 13384 865 302 1 1 12746 329 1 1 1 1 1 0 430 1 1 2 426 1 1 1 1 1 0
query14935 2.89 75% 0 76500 1.00 1.00 42 11 HYBRID 23 19 2 1 1 1 1 3 1 6 6 1 0 2 1 1 1 1 3 1 2 6 1 0
query14899 3.04 77% 0 79008 1.00 1.00 42 11 HYBRID 42 29 5 1 1 1 1 3 1 14 14 1 0 4 1 1 1 1 3 1 2 14 1 0
query3019 58.31 40% 0 339520 1.00 1.00 30 7 HYBRID 13927 3041 1 2492 1 1 1714 1 1 1 8014 1701 0 1 2 1 1 272 1 1 1 2492 269 0
query15034 3.06 53% 0 74772 1.00 1.00 24 5 HYBRID 16 12 1 1 1 2 1 1 1 1 6 1 0 1 1 1 2 1 1 1 1 2 1 0
query775 2.78 73% 0 75708 1.00 1.00 18 3 STAR 43 17 1 1 1 21 1 1 5 1 1 10 0 1 1 1 2 1 1 4 1 1 4 0
query4372 2.97 94% 0 83820 1.00 1.00 48 10 HYBRID 64 49 5 4 1 1 1 4 5 32 10 1 0 3 2 1 1 1 3 3 2 32 1 0
query15039 2.90 59% 0 75572 1.00 1.00 24 5 HYBRID 66 16 1 1 1 12 1 1 16 1 31 1 0 1 1 1 2 1 1 3 1 4 1 0
query14938 2.65 86% 0 79524 1.00 1.00 42 11 HYBRID 46 31 3 1 1 1 1 7 1 15 15 1 0 4 1 1 1 1 4 1 2 15 1 0
query4395 2.08 96% 0 78484 1.00 1.00 48 10 HYBRID 26 26 2 2 1 1 1 1 1 14 2 1 0 2 2 1 1 1 1 1 2 14 1 0
query9503 2.46 94% 0 78476 1.00 1.00 15 2 PATH 176 23 23 1 1 1 1 27 1 1 1 119 0 9 1 1 1 1 5 1 1 1 2 0
query15070 2.54 64% 0 76604 1.00 1.00 24 5 HYBRID 117 17 1 1 1 23 1 1 34 1 53 1 0 1 1 1 2 1 1 4 1 4 1 0
query1491 2.82 70% 0 74972 1.00 1.00 18 3 STAR 14 13 2 1 1 1 1 1 1 1 4 1 0 2 1 1 1 1 2 1 1 2 1 0
query9482 2.89 94% 0 79548 1.00 1.00 15 2 PATH 257 27 36 1 1 1 1 39 1 1 1 175 0 11 1 1 1 1 7 1 1 1 2 0
query14058 37.48 88% 0 339788 1.00 1.00 45 9 HYBRID 12768 5354 4845 278 1 1538 1 1 2938 295 2870 1 0 2 197 1 4845 1 1 55 197 54 1 0
query14003 19.38 94% 0 325496 1.00 1.00 45 9 HYBRID 5706 2071 1805 108 1 766 1 1 1441 95 1487 1 0 2 101 1 1805 1 1 29 101 29 1 0
query1489 2.58 69% 0 74476 1.00 1.00 18 3 STAR 12 12 2 1 1 1 1 1 1 1 2 1 0 2 1 1 1 1 1 1 1 2 1 0
query9431 2.68 85% 0 78060 1.00 1.00 15 2 PATH 176 23 23 1 1 1 1 27 1 1 1 119 0 9 1 1 1 1 5 1 1 1 2 0
query5172 17.46 97% 0 308788 1.00 1.00 18 3 STAR 19555 1256 482 1 1 18605 461 1 1 1 1 1 0 625 1 1 2 622 1 1 1 1 1 0
query2956 12.43 69% 0 199132 1.00 1.00 31 7 HYBRID 2026 467 1 373 1 1 232 1 1 1 1190 225 0 1 2 1 1 43 1 1 1 373 43 0
query15082 3.26 60% 0 76152 1.00 1.00 24 5 HYBRID 117 17 1 1 1 23 1 1 34 1 53 1 0 1 1 1 2 1 1 4 1 4 1 0
query793 1.33 84% 0 75872 1.00 1.00 18 3 STAR 56 18 1 1 1 30 1 1 8 1 1 11 0 1 1 1 2 1 1 6 1 1 3 0
query9502 1.26 98% 0 78884 1.00 1.00 15 2 PATH 206 25 29 1 1 1 1 31 1 1 1 139 0 9 1 1 1 1 7 1 1 1 2 0
query13411 19.46 94% 0 355376 1.00 1.00 27 6 HYBRID 42280 1425 10568 1 10569 21136 1 1 1 1 1 1 0 708 1 708 2 1 1 1 1 1 1 0
query5160 17.06 94% 0 308764 1.00 1.00 18 3 STAR 19555 1256 482 1 1 18605 461 1 1 1 1 1 0 625 1 1 2 622 1 1 1 1 1 0
query5213 12.65 93% 0 305892 1.00 1.00 18 3 STAR 13384 865 302 1 1 12746 329 1 1 1 1 1 0 430 1 1 2 426 1 1 1 1 1 0
query8123 1.96 89% 0 76200 1.00 1.00 24 5 HYBRID 17 17 2 1 1 1 1 1 1 2 6 1 0 2 1 1 1 1 1 1 6 2 1 0
query9496 1.98 102% 0 77508 1.00 1.00 15 2 PATH 134 22 20 1 1 1 1 17 1 1 1 90 0 9 1 1 1 1 4 1 1 1 2 0
query15103 4.00 66% 0 75940 1.00 1.00 24 5 HYBRID 66 16 1 1 1 12 1 1 16 1 31 1 0 1 1 1 2 1 1 3 1 4 1 0
query5161 13.83 97% 0 307564 1.00 1.00 18 3 STAR 13384 865 302 1 1 12746 329 1 1 1 1 1 0 430 1 1 2 426 1 1 1 1 1 0
query864 2.35 84% 0 76096 1.00 1.00 18 3 STAR 73 18 1 1 1 36 1 1 13 1 1 17 0 1 1 1 2 1 1 5 1 1 4 0
query8120 2.51 72% 0 76496 1.00 1.00 24 5 HYBRID 20 18 1 1 1 1 1 3 1 4 6 1 0 2 1 1 1 1 2 1 6 2 1 0
query14020 13.35 112% 0 293352 1.00 1.00 45 9 HYBRID 3876 1250 1062 139 1 498 1 1 995 141 1037 1 0 2 72 1 1062 1 1 20 70 20 1 0
query4349 2.91 94% 0 82808 1.00 1.00 48 10 HYBRID 49 45 2 2 1 1 1 2 2 30 7 1 0 3 2 1 1 1 2 2 2 30 1 0
query1229 1.40 86% 0 77036 1.00 1.00 16 2 STAR 124 20 1 1 1 1 74 1 19 1 1 24 0 1 1 1 1 2 1 5 1 1 6 0
query1542 1.27 79% 0 74400 1.00 1.00 18 3 STAR 14 13 2 1 1 1 1 1 1 1 4 1 0 2 1 1 1 1 2 1 1 2 1 0
query5914 3.43 85% 0 78004 1.00 1.00 21 4 STAR 134 23 1 6 1 111 1 1 1 10 1 1 0 1 8 1 2 1 1 1 6 1 1 0
query5251 13.74 96% 0 296712 1.00 1.00 18 3 STAR 13384 865 302 1 1 12746 329 1 1 1 1 1 0 430 1 1 2 426 1 1 1 1 1 0
query2974 14.47 54% 0 198740 1.00 1.00 31 7 HYBRID 2026 467 1 373 1 1 234 1 1 1 1190 223 0 1 2 1 1 43 1 1 1 373 43 0
query14011 15.65 98% 0 330112 1.00 1.00 45 9 HYBRID 7364 2752 2412 58 1 942 1 1 1937 68 1943 1 0 2 134 1 2412 1 1 34 131 35 1 0
query1226 1.46 80% 0 74132 1.00 1.00 15 2 STAR 14 13 1 1 1 1 4 1 2 1 1 1 0 1 1 1 1 2 1 2 1 1 2 0
query15071 2.30 52% 0 76352 1.00 1.00 24 5 HYBRID 95 17 1 1 1 19 1 1 38 1 31 1 0 1 1 1 2 1 1 5 1 3 1 0
query9456 1.58 91% 0 77320 1.00 1.00 15 2 PATH 134 22 20 1 1 1 1 17 1 1 1 90 0 9 1 1 1 1 4 1 1 1 2 0
query14538 2.50 71% 0 74872 1.00 1.00 15 2 STAR 13 13 1 1 1 1 3 1 1 1 1 2 0 1 1 1 1 2 1 1 1 1 3 0
query824 1.91 96% 0 76028 1.00 1.00 18 3 STAR 57 18 1 1 1 33 1 1 11 1 1 6 0 1 1 1 2 1 1 6 1 1 3 0
query15051 3.99 69% 0 76104 1.00 1.00 24 5 HYBRID 95 17 1 1 1 19 1 1 37 1 32 1 0 1 1 1 2 1 1 4 1 4 1 0
query9472 3.02 83% 0 77988 1.00 1.00 15 2 PATH 149 22 21 1 1 1 1 18 1 1 1 103 0 7 1 1 1 1 6 1 1 1 2 0
query5169 27.87 77% 0 373648 1.00 1.00 18 3 STAR 37115 2373 850 1 1 35358 900 1 1 1 1 1 0 1183 1 1 2 1181 1 1 1 1 1 0
query14029 21.68 90% 0 336980 1.00 1.00 45 9 HYBRID 7659 3112 2817 345 1 873 1 1 1634 362 1624 1 0 2 112 1 2817 1 1 35 112 30 1 0
query14949 1.45 89% 0 77632 1.00 1.00 42 11 HYBRID 31 23 2 1 1 1 1 5 1 9 9 1 0 3 1 1 1 1 3 1 2 9 1 0
query1243 1.35 89% 0 76104 1.00 1.00 16 2 STAR 124 20 1 1 1 1 74 1 19 1 1 24 0 1 1 1 1 2 1 5 1 1 6 0
query9498 1.29 102% 0 79388 1.00 1.00 15 2 PATH 257 27 36 1 1 1 1 39 1 1 1 175 0 11 1 1 1 1 7 1 1 1 2 0
query5196 11.27 105% 0 296884 1.00 1.00 18 3 STAR 13384 865 302 1 1 12746 329 1 1 1 1 1 0 430 1 1 2 426 1 1 1 1 1 0
query14037 12.58 98% 0 336928 1.00 1.00 45 9 HYBRID 7659 3112 2817 353 1 873 1 1 1631 354 1627 1 0 2 112 1 2817 1 1 34 112 31 1 0
query4364 1.58 90% 0 81972 1.00 1.00 48 10 HYBRID 47 39 3 3 1 1 1 4 4 23 6 1 0 3 3 1 1 1 2 2 2 23 1 0
query1509 2.74 69% 0 74644 1.00 1.00 18 3 STAR 14 13 2 1 1 1 1 1 1 1 4 1 0 2 1 1 1 1 2 1 1 2 1 0
query14940 2.40 72% 0 77656 1.00 1.00 42 11 HYBRID 28 21 3 1 1 1 1 3 1 8 8 1 0 3 1 1 1 1 2 1 2 8 1 0
query5908 2.57 101% 0 84344 1.00 0.00 21 4 STAR 170 25 1 9 1 147 1 1 1 7 1 1 0 1 10 1 2 1 1 1 6 1 1 0
query5877 3.03 82% 0 78776 1.00 1.00 21 4 STAR 134 23 1 6 1 111 1 1 1 10 1 1 0 1 8 1 2 1 1 1 6 1 1 0
