query9860 5.25 53% 0 100620 0 1.00 9 9 HYBRID 1001 12  1 1 1 2 1 1 991 1 1 1  1 1 1 2 1 1 2 1 1 1
query11671 2.76 65% 0 73332 1.00 1.00 1 1 STAR 11 11  1 1 1 2 1 1 1 1 1 1  1 1 1 2 1 1 1 1 1 1
query15953 2.37 69% 0 73316 1.00 1.00 1 1 STAR 11 11  2 1 1 1 1 1 1 1 1 1  2 1 1 1 1 1 1 1 1 1
query14621 3.02 74% 0 73140 1.00 1.00 1 1 STAR 14 11  1 1 1 1 1 1 5 1 1 1  1 1 1 1 1 1 2 1 1 1
query16956 3.01 86% 0 81060 1.00 1.00 1 1 STAR 640 11  1 1 1 1 1 1 631 1 1 1  1 1 1 1 1 1 2 1 1 1
query1548 50.75 79% 0 342992 1.00 1.00 6 6 HYBRID 8278 8019  8009 1 1 1 1 1 261 1 1 1  2 1 1 1 1 1 8009 1 1 1
query9478 1.16 81% 0 73384 0.00 1.00 2 2 PATH 73 12  64 1 1 1 1 1 1 1 1 1  2 1 1 1 2 1 1 1 1 1
query6904 1.26 76% 0 73796 1.00 1.00 1 1 STAR 11 11  2 1 1 1 1 1 1 1 1 1  2 1 1 1 1 1 1 1 1 1
query4275 1.27 75% 0 73272 1.00 1.00 1 1 STAR 14 11  1 1 1 1 5 1 1 1 1 1  1 1 1 1 2 1 1 1 1 1
query14974 1.16 79% 0 74288 1.00 1.00 2 2 STAR 12 12  2 1 1 1 1 2 1 1 1 1  2 1 1 1 1 2 1 1 1 1
query15364 2.40 126% 0 174008 1.00 1.00 2 2 STAR 21577 11  21568 1 1 1 1 1 1 1 1 1  2 1 1 1 1 1 1 1 1 1
query10659 4.47 34% 0 73268 1.00 1.00 1 1 STAR 11 11  2 1 1 1 1 1 1 1 1 1  2 1 1 1 1 1 1 1 1 1
query6377 306.59 20% 0 814420 1.00 1.00 12 12 HYBRID 477628 3027  1 1 474603 1 27 1 1 1 2991 1  1 1 2991 1 2 1 1 1 27 1
query11137 2.81 68% 0 75352 1.00 1.00 0 1 STAR 10 20  1 1 1 1 1 1 1 1 1 1  2 2 2 2 2 2 2 2 2 2
query2014 2.21 100% 0 78664 1.00 1.00 1 1 STAR 592 11  1 1 1 1 1 1 583 1 1 1  1 1 1 1 1 1 2 1 1 1
query15041 23.12 7% 0 74480 1.00 1.00 5 5 HYBRID 15 12  1 5 1 1 1 1 2 1 1 1  1 2 1 1 1 1 2 1 1 1
query16193 3.52 89% 0 80668 1.00 1.00 1 1 STAR 615 11  1 1 1 1 1 1 606 1 1 1  1 1 1 1 1 1 2 1 1 1
query15290 6.75 77% 0 144096 1.00 1.00 2 2 STAR 14725 11  14716 1 1 1 1 1 1 1 1 1  2 1 1 1 1 1 1 1 1 1
query4362 3.16 73% 0 78808 1.00 0.00 10 10 HYBRID 34 30  1 6 18 2 2 1 1 1 1 1  1 18 2 2 2 1 1 1 1 1
query5201 3.93 121% 0 167852 1.00 1.00 3 3 STAR 18614 12  1 1 1 1 1 1 18605 1 1 1  1 1 1 1 1 2 2 1 1 1
query2328 2.80 66% 0 73920 1.00 0.00 3 3 STAR 33 11  1 1 1 1 1 1 24 1 1 1  1 1 1 1 1 1 2 1 1 1
query1709 2.66 62% 0 73296 1.00 0.00 1 1 STAR 11 11  1 1 2 1 1 1 1 1 1 1  1 1 2 1 1 1 1 1 1 1
query16679 6.75 98% 0 168008 1.00 0.00 5 5 HYBRID 1182 367  1 1 1 1 817 1 1 2 1 356  1 1 1 1 356 1 1 2 1 2
query11838 2.25 85% 0 73184 1.00 0.00 1 1 STAR 11 11  1 1 1 1 2 1 1 1 1 1  1 1 1 1 2 1 1 1 1 1
query16529 3.59 83% 0 75392 1.00 1.00 0 1 STAR 10 20  1 1 1 1 1 1 1 1 1 1  2 2 2 2 2 2 2 2 2 2
query7263 2.09 79% 0 73292 1.00 0.00 1 1 STAR 79 11  1 1 1 1 1 1 1 70 1 1  1 1 1 1 1 1 1 2 1 1
query16242 2.95 89% 0 76224 1.00 0.00 5 5 HYBRID 90 21  1 1 1 71 1 1 11 1 1 1  1 1 1 11 1 1 2 1 1 1
query16719 3.18 77% 0 73144 1.00 0.00 1 1 STAR 11 11  1 1 1 2 1 1 1 1 1 1  1 1 1 2 1 1 1 1 1 1
query3538 25.66 71% 0 311408 1.00 0.00 10 10 HYBRID 2161 2080  1 1 1864 1 83 1 207 1 1 1  1 1 2 1 207 1 1864 1 1 1
query12375 1.40 93% 0 74196 1.00 0.00 4 4 STAR 20 12  1 1 1 2 1 1 10 1 1 1  1 1 1 2 1 1 2 1 1 1
query8968 2.58 78% 0 75848 1.00 0.00 1 1 STAR 661 11  1 1 1 1 1 1 652 1 1 1  1 1 1 1 1 1 2 1 1 1
query2972 238.39 13% 0 334776 1.00 1.00 7 7 HYBRID 16919 4110  1 12812 1 1 1 1 1 1 4099 1  2 4099 1 1 1 1 1 1 2 1
query6659 2.68 122% 0 196320 1.00 0.00 1 1 STAR 45114 11  1 45105 1 1 1 1 1 1 1 1  1 2 1 1 1 1 1 1 1 1
query10359 3.71 70% 0 113216 1.00 0.00 7 7 STAR 156 152  1 1 1 6 1 1 142 1 1 1  1 1 1 142 1 1 2 1 1 1
query12298 1.43 90% 0 80740 1.00 0.00 1 1 STAR 616 11  1 1 1 1 1 1 607 1 1 1  1 1 1 1 1 1 2 1 1 1
query14715 1800.00 0% 0 1424 1.00 1.00 12 12 HYBRID 170070 11  1 1 1 1 1 1 170061 1 1 1  1 1 1 1 1 1 2 1 1 1
query14947 1.34 85% 0 76472 1.00 1.00 11 11 HYBRID 26 20  1 9 9 1 1 1 1 1 1 1  1 9 2 1 2 1 1 1 1 1
query7850 1.28 77% 0 73056 1.00 0.00 1 1 STAR 11 11  1 1 1 1 1 1 1 2 1 1  1 1 1 1 1 1 1 2 1 1
query8124 1.30 81% 0 75652 1.00 0.00 5 5 HYBRID 17 17  1 6 2 1 2 1 1 1 1 1  1 2 6 1 2 1 1 1 1 1
query8092 1.89 145% 0 124232 1.00 0.00 1 1 STAR 15023 11  1 15014 1 1 1 1 1 1 1 1  1 2 1 1 1 1 1 1 1 1
query5866 1.59 70% 0 74228 1.00 1.00 4 4 STAR 72 12  1 1 1 1 1 1 63 1 1 1  1 1 2 1 1 1 2 1 1 1
query13371 2.47 130% 0 209872 1.00 0.00 6 6 HYBRID 21146 12  1 1 1 1 1 1 21136 2 1 1  1 1 1 1 1 1 2 2 1 1
query16922 1.35 90% 0 78272 1.00 0.00 1 1 STAR 567 11  1 1 1 1 1 1 558 1 1 1  1 1 1 1 1 1 2 1 1 1
query9232 1.26 78% 0 73240 1.00 0.00 1 1 STAR 16 11  1 1 1 1 1 1 7 1 1 1  1 1 1 1 1 1 2 1 1 1
query2735 1.64 130% 0 96252 1.00 0.00 2 2 PATH 2117 11  1 1 1 1 1 1 2108 1 1 1  1 1 1 1 1 1 2 1 1 1
query578 1800.00 0% 0 1428 1.00 1.00 0 10 HYBRID 6 8  1 1 1 1 1 1 0 0 0 0  1 1 1 1 1 1 1 1 0 0
query5241 2.55 105% 0 141676 1.00 1.00 3 3 STAR 12755 12  1 1 1 1 1 1 12746 1 1 1  1 1 1 1 1 2 2 1 1 1
query11886 6.51 25% 0 74088 1.00 0.00 1 1 STAR 11 11  1 1 1 2 1 1 1 1 1 1  1 1 1 2 1 1 1 1 1 1
query11085 6.08 28% 0 72980 1.00 0.00 1 1 STAR 85 11  1 1 1 1 1 1 1 76 1 1  1 1 1 1 1 1 1 2 1 1
query9787 6.42 31% 0 76172 1.00 0.00 9 9 STAR 69 12  2 1 1 1 1 1 59 1 1 1  2 1 1 1 1 1 2 1 1 1
query422 2.33 73% 0 73492 1.00 0.00 1 1 STAR 44 11  35 1 1 1 1 1 1 1 1 1  2 1 1 1 1 1 1 1 1 1
query5522 2.50 71% 0 73136 1.00 0.00 1 1 STAR 11 11  1 1 1 1 1 1 1 2 1 1  1 1 1 1 1 1 1 2 1 1
query8744 6.59 128% 0 159208 1.00 1.00 12 12 HYBRID 486 350  1 1 1 1 1 139 201 139 1 1  1 2 1 1 1 201 2 139 1 1
query2445 2.84 82% 0 78652 1.00 0.00 1 1 STAR 592 11  1 1 1 1 1 1 583 1 1 1  1 1 1 1 1 1 2 1 1 1
query14489 2.64 67% 0 74212 1.00 0.00 2 2 STAR 12 12  2 1 1 1 1 2 1 1 1 1  2 1 1 1 1 2 1 1 1 1
query796 2.77 70% 0 74672 1.00 0.00 3 3 STAR 42 12  2 1 1 1 1 1 32 1 1 1  2 1 1 1 1 1 2 1 1 1
query8072 4.34 119% 0 195632 1.00 0.00 1 1 STAR 45114 11  1 45105 1 1 1 1 1 1 1 1  1 2 1 1 1 1 1 1 1 1
query785 2.73 69% 0 74276 1.00 1.00 3 3 STAR 39 12  1 1 1 1 1 1 30 1 1 1  2 1 1 1 1 1 2 1 1 1
query6203 4.86 121% 0 336480 1.00 0.00 4 4 STAR 40678 12  2 40668 1 1 1 1 1 1 1 1  2 2 1 1 1 1 1 1 1 1
query122 11.37 131% 0 313816 1.00 0.00 8 8 HYBRID 6744 1002  992 1 1 5744 1 1 1 1 1 1  2 1 1 992 1 1 1 1 1 1
query10650 2.31 70% 0 73008 1.00 0.00 1 1 STAR 11 11  2 1 1 1 1 1 1 1 1 1  2 1 1 1 1 1 1 1 1 1
query14674 3.16 77% 0 73148 1.00 0.00 1 1 STAR 46 11  1 1 1 1 1 1 37 1 1 1  1 1 1 1 1 1 2 1 1 1
query13869 2.61 69% 0 73644 1.00 0.00 6 6 HYBRID 43 11  1 1 1 1 1 1 1 1 34 1  1 1 1 1 1 1 1 1 2 1
query577 1446.20 20% 0 891268 1.00 0.00 10 10 HYBRID 138715 106845  1 1 1 1 1 1 106835 31872 1 1  1 1 1 1 1 1 2 106835 1 1
query11260 2.39 68% 0 73024 1.00 0.00 1 1 STAR 11 11  1 1 1 1 1 1 1 2 1 1  1 1 1 1 1 1 1 2 1 1
query124 10.77 121% 0 283524 1.00 0.00 8 8 HYBRID 1925 1001  991 1 1 926 1 1 1 1 1 1  2 1 1 991 1 1 1 1 1 1
query340 1.35 77% 0 71988 1.00 0.00 1 1 STAR 11 11  1 1 1 1 1 1 1 2 1 1  1 1 1 1 1 1 1 2 1 1
query3447 1.59 90% 0 78576 1.00 0.00 3 3 STAR 346 11  1 1 1 1 1 1 1 337 1 1  1 1 1 1 1 1 1 2 1 1
query7853 1.32 78% 0 72612 1.00 0.00 1 1 STAR 11 11  1 1 1 1 1 1 1 2 1 1  1 1 1 1 1 1 1 2 1 1
query7302 117.28 6% 0 307128 1.00 0.00 9 9 HYBRID 1802 1433  1 1423 1 1 1 1 371 1 1 1  1 2 1 1 1 1 1423 1 1 1
query2983 90.12 30% 0 337264 1.00 1.00 7 7 HYBRID 16919 4110  1 12812 1 1 1 1 1 1 4099 1  2 4099 1 1 1 1 1 1 2 1
query16688 4.26 115% 0 137496 1.00 0.00 5 5 HYBRID 593 249  1 1 1 1 346 1 1 2 1 238  1 1 1 1 238 1 1 2 1 2
query12462 2.29 71% 0 73132 1.00 0.00 1 1 STAR 13 11  4 1 1 1 1 1 1 1 1 1  2 1 1 1 1 1 1 1 1 1
query1535 2.67 66% 0 74176 1.00 0.00 3 3 STAR 12 12  1 2 1 1 2 1 1 1 1 1  1 2 1 1 2 1 1 1 1 1
query12122 2.79 68% 0 73108 1.00 0.00 1 1 STAR 11 11  2 1 1 1 1 1 1 1 1 1  2 1 1 1 1 1 1 1 1 1
query686 3.76 145% 0 125784 1.00 0.00 4 4 HYBRID 1656 118  1 7 201 1 1 1 1 1441 1 1  1 2 102 1 1 1 1 7 1 1
query11462 2.43 67% 0 72716 1.00 0.00 1 1 STAR 11 11  1 1 1 1 1 1 2 1 1 1  1 1 1 1 1 1 2 1 1 1
query1052 42.73 7% 0 105420 1.00 0.00 9 9 HYBRID 115 115  1 2 2 1 1 1 104 1 1 1  1 2 104 1 1 1 2 1 1 1
query14001 10.37 117% 0 276868 1.00 1.00 9 9 HYBRID 1574 1074  1 7 1 1 1 1 498 1 1 1062  1 2 2 1 1 1 1062 1 1 2
query12728 2.60 66% 0 73536 1.00 0.00 1 1 STAR 11 11  2 1 1 1 1 1 1 1 1 1  2 1 1 1 1 1 1 1 1 1
query2022 2.62 79% 0 78684 1.00 0.00 1 1 STAR 596 11  1 587 1 1 1 1 1 1 1 1  1 2 1 1 1 1 1 1 1 1
query13641 2.62 65% 0 73540 1.00 0.00 1 1 STAR 11 11  1 1 1 2 1 1 1 1 1 1  1 1 1 2 1 1 1 1 1 1
query8068 3.65 116% 0 123408 1.00 0.00 1 1 STAR 15023 11  1 15014 1 1 1 1 1 1 1 1  1 2 1 1 1 1 1 1 1 1
query8021 4.03 126% 0 194536 1.00 0.00 1 1 STAR 45114 11  1 45105 1 1 1 1 1 1 1 1  1 2 1 1 1 1 1 1 1 1
query7287 164.23 8% 0 300160 1.00 0.00 9 9 HYBRID 1802 1433  1 1423 1 1 1 1 371 1 1 1  1 2 1 1 1 1 1423 1 1 1
query9050 2.62 71% 0 73688 1.00 0.00 3 3 STAR 45 11  1 1 1 1 1 1 36 1 1 1  1 1 1 1 1 1 2 1 1 1
query1118 2.23 74% 0 73088 1.00 0.00 1 1 STAR 11 11  2 1 1 1 1 1 1 1 1 1  2 1 1 1 1 1 1 1 1 1
query13237 2.48 66% 0 73732 1.00 0.00 1 1 STAR 11 11  1 1 1 1 1 1 2 1 1 1  1 1 1 1 1 1 2 1 1 1
query15597 2.66 65% 0 73204 1.00 0.00 1 1 STAR 11 11  2 1 1 1 1 1 1 1 1 1  2 1 1 1 1 1 1 1 1 1
query859 2.59 72% 0 74532 1.00 1.00 3 3 STAR 39 12  1 1 1 1 1 1 30 1 1 1  2 1 1 1 1 1 2 1 1 1
query8045 3.94 123% 0 121316 1.00 0.00 1 1 STAR 15023 11  1 15014 1 1 1 1 1 1 1 1  1 2 1 1 1 1 1 1 1 1
query1364 3.99 121% 0 118584 1.00 0.00 3 3 HYBRID 6904 12  1 1 6894 1 1 1 1 2 1 1  1 1 2 1 1 1 1 2 1 1
query2066 2.94 86% 0 80732 1.00 0.00 1 1 STAR 625 11  1 1 1 1 1 1 616 1 1 1  1 1 1 1 1 1 2 1 1 1
query3546 35.57 51% 0 322968 1.00 0.00 10 10 HYBRID 2161 2080  1 1 1864 1 83 1 207 1 1 1  1 1 2 1 207 1 1864 1 1 1
query13257 4.11 87% 0 94060 1.00 0.00 5 5 HYBRID 96 96  1 1 1 1 1 1 2 86 1 1  1 1 1 1 1 1 86 2 1 1
query10686 2.61 74% 0 72944 1.00 0.00 1 1 STAR 11 11  2 1 1 1 1 1 1 1 1 1  2 1 1 1 1 1 1 1 1 1
query13765 3.13 84% 0 75000 1.00 1.00 0 1 STAR 10 20  1 1 1 1 1 1 1 1 1 1  2 2 2 2 2 2 2 2 2 2
