query9860 552.35 76% 0 778860 1.00 1.00 24 9 HYBRID 1584556 147137  1 1 1 32444 1 1 759831 358977 433298 1  10 1651 10 2186 10 10 69714 5979 67557 10
query11671 2.36 63% 0 63360 1.00 1.00 2 1 STAR 12 22  1 1 1 2 1 1 1 1 2 1  2 2 2 3 2 2 2 2 3 2
query15953 2.68 66% 0 62680 1.00 1.00 2 1 STAR 12 22  2 1 1 1 1 2 1 1 1 1  3 2 2 2 2 3 2 2 2 2
query12648 64.01 90% 0 361220 1.00 1.00 11 5 HYBRID 76020 11986  21901 15718 1 1 389 945 15402 1 1 21661  2110 63 6 6 2805 104 2806 2012 6 2068
query14621 2.55 64% 0 62864 1.00 1.00 2 1 STAR 18 22  1 1 1 1 1 1 5 1 5 1  2 2 2 2 2 2 3 2 3 2
query16956 2.60 111% 0 74148 1.00 1.00 2 1 STAR 1270 22  1 1 1 1 1 1 631 1 631 1  2 2 2 2 2 2 3 2 3 2
query1548 113.92 83% 0 478292 1.00 1.00 18 6 HYBRID 216710 26865  8298 8291 1 1 1 1 100061 1 100054 1  13309 13340 7 7 7 7 72 40 69 7
query9478 2.12 85% 0 79300 1.00 1.00 4 2 PATH 240 58  64 1 64 1 53 1 1 1 1 53  4 3 4 3 16 3 3 3 3 16
query6904 1.20 79% 0 62884 1.00 1.00 2 1 STAR 12 22  2 1 1 1 1 1 2 1 1 1  3 2 2 2 2 2 3 2 2 2
query4275 1.10 77% 0 62924 1.00 1.00 2 1 STAR 18 22  1 1 1 1 5 1 1 1 1 5  2 2 2 2 3 2 2 2 2 3
query14974 1.12 85% 0 66352 1.00 1.00 4 2 STAR 16 36  2 1 2 1 1 3 3 1 1 1  4 3 4 3 3 5 5 3 3 3
query15364 20.86 137% 0 404820 1.00 1.00 5 2 STAR 148212 12434  74102 1 1 1 1 1 30968 1 1 43135  4138 3 3 3 3 3 4 4137 3 4137
query10659 4.09 33% 0 63056 1.00 1.00 2 1 STAR 12 22  2 1 1 1 1 1 2 1 1 1  3 2 2 2 2 2 3 2 2 2
query11137 9.64 14% 0 62764 1.00 1.00 0 1 STAR 10 20  1 1 1 1 1 1 1 1 1 1  2 2 2 2 2 2 2 2 2 2
query2014 6.26 44% 0 73116 1.00 1.00 2 1 STAR 1174 22  1 1 1 1 1 1 583 1 583 1  2 2 2 2 2 2 3 2 3 2
query15041 23.45 42% 0 222680 1.00 1.00 12 5 HYBRID 3076 604  805 403 1 443 1 1 1112 1 308 1  64 18 6 76 6 6 208 6 208 6
query16193 6.14 54% 0 80476 1.00 1.00 3 1 STAR 1825 23  1 1 1 1 1 1 606 606 606 1  2 2 2 2 2 2 3 3 3 2
query15290 144.30 33% 0 372344 1.00 1.00 5 2 STAR 101008 8474  50500 1 1 1 1 1 21070 1 1 29431  2818 3 3 3 3 3 4 2817 3 2817
query4362 34.81 57% 0 332152 1.00 0.00 20 10 HYBRID 17634 2272  853 2953 2981 3625 961 1 2353 1025 1921 961  273 431 355 267 195 11 181 220 144 195
query5201 64.13 76% 0 380956 1.00 0.00 7 3 STAR 78520 9555  30968 3765 1 1 1 5969 34732 1 1 3081  5 419 4 4 4 4553 420 4 4 4138
query2328 7.97 87% 0 116308 1.00 0.00 6 3 STAR 1024 172  1 1 1 93 1 1 508 1 416 1  4 4 4 31 4 4 70 4 43 4
query1709 1.80 80% 0 63292 1.00 0.00 2 1 STAR 12 22  1 1 2 1 1 1 2 1 1 1  2 2 3 2 2 2 3 2 2 2
query16679 48.12 46% 0 341844 1.00 0.00 12 5 HYBRID 39236 2230  1 1421 785 1 17409 1 4353 2 2 15261  6 115 8 6 785 6 200 201 201 702
query11838 3.45 70% 0 62656 1.00 0.00 2 1 STAR 12 22  1 1 1 1 2 1 1 1 2 1  2 2 2 2 3 2 2 2 3 2
query16529 1.47 93% 0 65048 1.00 1.00 0 1 STAR 10 20  1 1 1 1 1 1 1 1 1 1  2 2 2 2 2 2 2 2 2 2
query7263 1.46 71% 0 64192 1.00 0.00 2 1 STAR 148 22  1 1 1 1 1 1 1 70 1 70  2 2 2 2 2 2 2 3 2 3
query16242 4.02 172% 0 107584 1.00 0.00 10 5 HYBRID 2562 134  1 15 1 43 3 1 1235 1 1261 1  6 8 6 14 7 6 35 6 40 6
query16719 2.50 64% 0 63216 1.00 0.00 2 1 STAR 12 22  1 1 1 2 1 1 1 1 2 1  2 2 2 3 2 2 2 2 3 2
query3538 1399.23 115% 0 1193056 1.00 0.00 30 10 HYBRID 2826466 386769  67194 89970 979716 861769 215437 128001 226876 42089 1 215413  4194 10193 78717 61645 25765 76607 86790 21264 11 21583
query12375 2.78 98% 0 91352 1.00 0.00 12 4 STAR 282 118  77 3 1 39 4 1 98 1 57 1  15 8 5 22 6 5 19 8 25 5
query8968 1.53 97% 0 76316 1.00 0.00 2 1 STAR 1312 22  1 1 1 1 1 1 652 1 652 1  2 2 2 2 2 2 3 2 3 2
query2972 1072.10 69% 0 641124 1.00 0.00 15 7 HYBRID 2600262 259309  10083 901138 1 882744 12338 10083 376629 1 388966 18279  1658 47883 8 44877 9 1658 80921 8 80922 1365
query6659 2.65 188% 0 329336 1.00 0.00 3 1 STAR 135322 23  1 45105 1 1 1 45105 45105 1 1 1  2 3 2 2 2 3 3 2 2 2
query10359 77.85 79% 0 445680 1.00 0.00 16 7 STAR 276334 37352  1658 143 4561 39711 1 1 98662 81 131515 1  9 234 6461 3252 8 8 15787 234 11351 8
query12298 1.33 110% 0 73692 1.00 0.00 2 1 STAR 1222 22  1 1 1 1 1 1 607 1 607 1  2 2 2 2 2 2 3 2 3 2
query14715 164.85 93% 0 1052560 1.00 1.00 30 12 HYBRID 1416186 87967  7394 87598 175195 507472 1 1 200907 1 437616 1  510 2470 11697 30104 13 13 13017 836 29294 13
query14947 19.56 116% 0 356096 1.00 0.00 22 11 HYBRID 66718 7741  111 5934 23070 17620 4353 1 6154 5121 1 4353  13 426 2671 1494 750 12 436 1177 12 750
query7850 1.21 76% 0 62860 1.00 0.00 2 1 STAR 12 22  1 1 1 1 1 1 1 2 1 2  2 2 2 2 2 2 2 3 2 3
query8124 1.41 146% 0 92268 1.00 0.00 15 5 HYBRID 146 130  13 32 21 14 19 1 27 1 1 17  10 17 18 19 16 6 16 10 6 12
query8092 1.93 168% 0 148180 1.00 0.00 2 1 STAR 30036 22  1 15014 1 1 1 1 15014 1 1 1  2 3 2 2 2 2 3 2 2 2
query5866 2.56 193% 0 206028 1.00 0.00 9 4 STAR 2682 536  825 1 69 49 397 1 1269 1 69 1  6 5 176 19 119 5 134 5 62 5
query13371 144.04 83% 0 400244 1.00 0.00 12 6 HYBRID 1881570 70640  1649 1 1 1 1 1 800608 262825 676309 140174  8 7 7 7 7 7 25944 16596 18701 9356
query16922 1.26 110% 0 73724 1.00 0.00 2 1 STAR 1124 22  1 1 1 1 1 1 558 1 558 1  2 2 2 2 2 2 3 2 3 2
query9232 1.19 76% 0 63628 1.00 0.00 2 1 STAR 22 22  1 1 1 1 1 1 7 1 7 1  2 2 2 2 2 2 3 2 3 2
query12669 87.04 88% 0 478124 1.00 0.00 12 5 HYBRID 346912 54002  100114 48789 1 1 1999 50265 47103 1 1 98638  9527 278 6 6 12671 503 12672 9031 6 9302
query2735 2.15 270% 0 159788 1.00 0.00 4 2 PATH 9596 196  1 1 1 1 1 1 4794 1 4794 1  3 3 3 3 3 3 86 3 86 3
query5241 23.50 127% 0 366104 1.00 0.00 7 3 STAR 53340 6546  21070 2517 1 1 1 4007 23586 1 1 2155  5 296 4 4 4 3110 297 4 4 2818
query11886 5.63 27% 0 63500 1.00 0.00 2 1 STAR 12 22  1 1 1 2 1 1 1 1 2 1  2 2 2 3 2 2 2 2 3 2
query11085 5.97 27% 0 63140 1.00 0.00 2 1 STAR 160 22  1 1 1 1 1 1 1 76 1 76  2 2 2 2 2 2 2 3 2 3
query9787 98.27 58% 0 339252 1.00 0.00 18 9 STAR 101792 9787  2401 1 1 6113 1 1 48492 21900 22881 1  328 10 10 580 10 10 4535 1078 3216 10
query422 2.03 76% 0 62608 1.00 0.00 2 1 STAR 78 22  35 1 1 1 1 35 1 1 1 1  3 2 2 2 2 3 2 2 2 2
query5522 2.31 65% 0 63096 1.00 0.00 2 1 STAR 12 22  1 1 1 1 1 1 1 2 2 1  2 2 2 2 2 2 2 3 3 2
query2445 2.70 108% 0 73652 1.00 0.00 2 1 STAR 1174 22  1 1 1 1 1 1 583 1 583 1  2 2 2 2 2 2 3 2 3 2
query14489 1.90 102% 0 66724 1.00 0.00 4 2 STAR 16 36  3 1 1 3 1 2 1 1 2 1  5 3 3 5 3 4 3 3 4 3
query796 4.31 187% 0 182084 1.00 0.00 6 3 STAR 2774 402  681 1 97 681 1 1 703 1 607 1  89 4 99 89 4 4 100 4 5 4
query8072 4.18 175% 0 324556 1.00 0.00 3 1 STAR 135322 23  1 45105 1 1 1 45105 45105 1 1 1  2 3 2 2 2 3 3 2 2 2
query785 4.09 177% 0 193684 1.00 0.00 6 3 STAR 2994 444  779 1 53 779 1 1 715 1 663 1  97 4 112 97 4 4 113 4 5 4
query6203 489.91 89% 0 754476 1.00 0.00 11 4 STAR 2060200 148409  150118 857427 1 1 1 45105 195222 1 1 812323  9030 56134 5 9030 5 6 9031 5 9030 56133
query122 196.46 91% 0 687640 1.00 0.00 16 8 HYBRID 1810586 45537  48534 771188 19713 903636 1 1 28086 1 39425 1  5271 5370 3221 22732 9 9 6265 9 2642 9
query10650 2.40 65% 0 63376 1.00 0.00 2 1 STAR 12 22  2 1 1 1 1 1 2 1 1 1  3 2 2 2 2 2 3 2 2 2
query14674 2.13 73% 0 63056 1.00 0.00 2 1 STAR 82 22  1 1 1 1 1 1 37 37 1 1  2 2 2 2 2 2 3 3 2 2
query13869 35.36 141% 0 346124 1.00 0.00 16 6 HYBRID 51152 8574  3097 1 1 1 1 1 22476 1 25572 1  2057 967 7 7 7 7 1249 968 3298 7
query11260 2.60 74% 0 63056 1.00 0.00 2 1 STAR 12 22  1 1 1 1 1 1 1 2 1 2  2 2 2 2 2 2 2 3 2 3
query124 178.82 81% 0 353372 1.00 0.00 16 8 HYBRID 559186 43137  45980 153194 18465 277962 1 1 26652 1 36929 1  4938 5122 3106 21532 9 9 5928 9 2475 9
query340 1.24 75% 0 63424 1.00 0.00 2 1 STAR 12 22  1 1 1 1 1 1 1 2 1 2  2 2 2 2 2 2 2 3 2 3
query3447 3.39 217% 0 195296 1.00 0.00 10 3 STAR 4042 423  1 1 1 1 1 1 1 2017 1 2017  99 4 4 4 4 99 4 100 4 101
query7853 1.28 80% 0 63376 1.00 0.00 2 1 STAR 12 22  1 1 1 1 1 1 1 2 1 2  2 2 2 2 2 2 2 3 2 3
query7302 124.81 87% 0 443844 1.00 0.00 22 9 HYBRID 647930 58212  33621 116213 1 37105 5197 45105 230493 1 180193 1  14707 19479 1446 707 1446 11 8879 4085 7442 10
query2983 1037.26 70% 0 664584 1.00 0.00 15 7 HYBRID 2600262 259309  10083 901138 1 882744 12338 10083 376629 1 388966 18279  1658 47884 8 44876 9 1658 80921 8 80922 1365
query16688 9.28 193% 0 331220 1.00 0.00 12 5 HYBRID 20596 1628  1 949 513 1 8833 1 3313 2 2 6981  6 79 8 6 583 6 137 138 138 527
query12462 1.85 82% 0 63532 1.00 0.00 2 1 STAR 16 22  4 1 1 1 1 1 4 1 1 1  3 2 2 2 2 2 3 2 2 2
query1535 1.76 127% 0 69012 1.00 0.00 6 3 STAR 24 50  1 4 1 2 5 1 3 1 1 5  4 7 4 5 6 4 6 4 4 6
query12122 2.11 69% 0 63088 1.00 0.00 2 1 STAR 12 22  2 1 1 1 1 1 2 1 1 1  3 2 2 2 2 2 3 2 2 2
query686 2.87 289% 0 194276 1.00 0.00 10 4 HYBRID 4876 417  1 7 17 7 1 1 17 2412 2412 1  123 6 10 6 5 5 10 123 124 5
query11462 2.40 65% 0 62764 1.00 0.00 2 1 STAR 12 22  1 1 1 1 1 1 2 2 1 1  2 2 2 2 2 2 3 3 2 2
query1052 16.15 140% 0 334164 1.00 0.00 20 9 HYBRID 20154 2970  1235 257 689 451 1 1 9288 1 8230 1  97 32 468 141 10 10 962 10 1230 10
query14001 23.86 160% 0 348200 1.00 0.00 24 9 HYBRID 263596 4589  7490 1220 1105 1924 119630 1 9903 49 3057 119217  518 56 758 563 311 10 704 11 1382 276
query12728 2.23 67% 0 63488 1.00 0.00 2 1 STAR 12 22  2 1 1 1 1 1 2 1 1 1  3 2 2 2 2 2 3 2 2 2
query2022 2.94 121% 0 79844 1.00 0.00 3 1 STAR 1768 23  1 587 1 1 1 1 587 1 587 1  2 3 2 2 2 2 3 2 3 2
query13641 2.56 65% 0 63352 1.00 0.00 2 1 STAR 12 22  1 1 1 2 1 1 1 1 2 1  2 2 2 3 2 2 2 2 3 2
query8068 3.82 167% 0 149972 1.00 0.00 2 1 STAR 30036 22  1 15014 1 1 1 1 15014 1 1 1  2 3 2 2 2 2 3 2 2 2
query8021 4.72 177% 0 330772 1.00 0.00 3 1 STAR 135322 23  1 45105 1 1 1 45105 45105 1 1 1  2 3 2 2 2 3 3 2 2 2
query7287 199.76 91% 0 434428 1.00 0.00 22 9 HYBRID 647930 58212  33621 116213 1 37105 5197 45105 230493 1 180193 1  14707 19479 1446 707 1446 11 8879 4085 7442 10
query9050 6.47 167% 0 213476 1.00 0.00 6 3 STAR 4164 578  1628 1 1 1 1 1 2078 1 451 1  5 4 4 4 4 4 273 4 272 4
query1118 2.79 74% 0 63304 1.00 0.00 2 1 STAR 12 22  2 1 1 1 1 1 2 1 1 1  3 2 2 2 2 2 3 2 2 2
query13237 2.15 69% 0 62728 1.00 0.00 2 1 STAR 12 22  1 1 1 1 1 1 2 1 2 1  2 2 2 2 2 2 3 2 3 2
query15597 2.20 68% 0 63616 1.00 0.00 2 1 STAR 12 22  2 1 1 1 1 1 1 1 1 2  3 2 2 2 2 2 2 2 2 3
query859 5.51 160% 0 191936 1.00 0.00 6 3 STAR 2994 444  779 1 53 779 1 1 715 1 663 1  97 4 112 97 4 4 113 4 5 4
query8045 3.59 150% 0 150040 1.00 0.00 2 1 STAR 30036 22  1 15014 1 1 1 1 15014 1 1 1  2 3 2 2 2 2 3 2 2 2
query1364 79.58 96% 0 454268 1.00 0.00 6 3 HYBRID 195684 18792  1 1 97837 1 1 1 70265 27574 2 1  4 4 9379 4 4 4 6 9378 5 4
query2066 2.74 107% 0 77156 1.00 0.00 2 1 STAR 1240 22  1 1 1 1 1 1 616 1 616 1  2 2 2 2 2 2 3 2 3 2
query3546 1338.17 87% 0 1189076 1.00 0.00 30 10 HYBRID 2826466 386770  67194 89970 979716 861769 215437 128001 226876 42089 1 215413  4193 10192 78718 61645 25766 76607 86790 21265 11 21583
query13257 5.62 129% 0 131788 1.00 0.00 11 5 HYBRID 1004 244  1 1 17 17 297 1 413 86 85 86  6 6 38 13 22 6 89 7 50 7
query10686 3.96 73% 0 62436 1.00 0.00 2 1 STAR 12 22  2 1 1 1 1 1 2 1 1 1  3 2 2 2 2 2 3 2 2 2
query13765 3.99 67% 0 62484 1.00 1.00 0 1 STAR 10 20  1 1 1 1 1 1 1 1 1 1  2 2 2 2 2 2 2 2 2 2
