query9860 3.16 117% 0 92116 0.00 1.00 10 9 HYBRID 2050 18  1 1 1 2 1 1 2040 1 1 1  1 1 1 2 1 1 7 2 1 1
query11671 2.36 71% 0 73604 1.00 1.00 2 1 STAR 12 12  1 1 1 2 1 1 1 1 2 1  1 1 1 2 1 1 1 1 2 1
query15953 2.32 75% 0 74008 1.00 1.00 2 1 STAR 12 12  2 1 1 1 1 2 1 1 1 1  2 1 1 1 1 2 1 1 1 1
query12648 1800.00 0% 0 1428 0.00 1.00 6 5 HYBRID 15023 13  1 15014 1 1 1 1 1 1 1 1  3 2 1 1 1 1 1 1 1 1
query14621 2.33 73% 0 73792 1.00 1.00 2 1 STAR 18 12  1 1 1 1 1 1 5 1 5 1  1 1 1 1 1 1 2 1 2 1
query16956 2.90 108% 0 83864 1.00 1.00 2 1 STAR 1270 12  1 1 1 1 1 1 631 1 631 1  1 1 1 1 1 1 2 1 2 1
query1548 2.81 79% 0 78540 .01 1.00 8 6 HYBRID 165 21  10 4 1 1 1 1 144 1 1 1  4 3 1 1 1 1 7 1 1 1
query9478 1.35 88% 0 76684 1.00 1.00 4 2 PATH 188 16  64 1 64 1 27 1 1 1 1 27  2 1 2 1 3 1 1 1 1 3
query6904 1.27 77% 0 73788 1.00 1.00 2 1 STAR 12 12  2 1 1 1 1 1 2 1 1 1  2 1 1 1 1 1 2 1 1 1
query4275 1.15 78% 0 73448 1.00 1.00 2 1 STAR 18 12  1 1 1 1 5 1 1 1 1 5  1 1 1 1 2 1 1 1 1 2
query14974 1.27 80% 0 74776 1.00 1.00 4 2 STAR 15 15  2 1 2 1 1 3 2 1 1 1  2 1 2 1 1 3 2 1 1 1
query15364 1800.00 0% 0 1428 0.00 1.00 4 2 STAR 61946 16  30969 1 1 1 1 1 30968 1 1 2  4 1 1 1 1 1 2 1 1 3
query10659 4.65 33% 0 73604 1.00 1.00 2 1 STAR 12 12  2 1 1 1 1 1 2 1 1 1  2 1 1 1 1 1 2 1 1 1
query6377 5.55 142% 0 345244 0 1.00 12 12 HYBRID 116280 25  1 1 116213 1 27 1 1 1 33 1  1 1 10 1 2 1 1 1 6 1
query11137 2.64 71% 0 75856 1.00 1.00 0 1 STAR 10 20  1 1 1 1 1 1 1 1 1 1  2 2 2 2 2 2 2 2 2 2
query2014 2.69 112% 0 84432 1.00 1.00 2 1 STAR 1174 12  1 1 1 1 1 1 583 1 583 1  1 1 1 1 1 1 2 1 2 1
query15041 3.14 91% 0 89576 1.00 1.00 7 5 HYBRID 511 23  105 103 1 106 1 1 191 1 1 1  3 3 1 3 1 1 8 1 1 1
query16193 2.99 115% 0 86980 1.00 1.00 3 1 STAR 1825 13  1 1 1 1 1 1 606 606 606 1  1 1 1 1 1 1 2 2 2 1
query15290 1800.00 0% 0 1428 0.00 1.00 4 2 STAR 42150 16  21071 1 1 1 1 1 21070 1 1 2  4 1 1 1 1 1 2 1 1 3
query10940 1800.00 0% 0 1424 1.00 1.00 20 14 HYBRID 1968 14  1 1 1 980 980 1 1 1 1 1  1 1 3 2 2 1 1 1 1 1
query4362 2.15 77% 0 100336 1.00 0.00 15 10 HYBRID 510 39  1 220 176 62 13 1 1 1 16 19  1 9 8 7 3 1 1 3 3 3
query5201 1800.00 0% 0 1424 1.00 1.00 6 3 STAR 61944 16  30968 1 1 1 1 1 30968 1 1 1  2 1 1 1 1 3 2 1 1 3
query2328 3.55 83% 0 84304 1.00 0.00 4 3 STAR 365 17  1 1 1 11 1 1 346 1 1 1  1 1 1 3 1 1 6 1 1 1
query1709 2.57 69% 0 74164 1.00 0.00 2 1 STAR 12 12  1 1 2 1 1 1 2 1 1 1  1 1 2 1 1 1 2 1 1 1
query16679 1800.00 0% 0 1424 1.00 1.00 10 5 HYBRID 1200 23  1 2 785 1 6 1 6 2 2 394  1 3 3 1 3 1 2 2 2 5
query11838 2.03 73% 0 73616 1.00 0.00 2 1 STAR 12 12  1 1 1 1 2 1 1 1 2 1  1 1 1 1 2 1 1 1 2 1
query16529 1.42 82% 0 75640 1.00 1.00 0 1 STAR 10 20  1 1 1 1 1 1 1 1 1 1  2 2 2 2 2 2 2 2 2 2
query7263 1.44 84% 0 74312 1.00 0.00 2 1 STAR 148 12  1 1 1 1 1 1 1 70 1 70  1 1 1 1 1 1 1 2 1 2
query16242 1.47 84% 0 78212 1.00 0.00 7 5 HYBRID 210 22  1 8 1 22 3 1 171 1 1 1  1 3 1 5 2 1 6 1 1 1
query16719 2.37 78% 0 74304 1.00 0.00 2 1 STAR 12 12  1 1 1 2 1 1 1 1 2 1  1 1 1 2 1 1 1 1 2 1
query3538 1800.00 0% 0 1424 1.00 1.00 14 10 HYBRID 17793 18  1 2 8892 1 1 1 8892 1 1 1  1 2 5 1 2 1 3 1 1 1
query12375 2.38 72% 0 76396 1.00 0.00 6 4 STAR 71 20  11 1 1 19 4 1 31 1 1 1  3 1 1 3 2 1 6 1 1 1
query8968 3.13 106% 0 83580 1.00 0.00 2 1 STAR 1312 12  1 1 1 1 1 1 652 1 652 1  1 1 1 1 1 1 2 1 2 1
query2972 1800.00 0% 0 1428 1.00 1.00 10 7 HYBRID 24688 19  2 2 1 1 12338 2 1 1 12338 2  3 2 1 1 2 3 1 1 3 2
query6659 2.55 201% 0 337348 1.00 0.00 3 1 STAR 135322 13  1 45105 1 1 1 45105 45105 1 1 1  1 2 1 1 1 2 2 1 1 1
query10359 1800.00 0% 0 1428 1.00 1.00 10 7 STAR 3338 19  1658 1 1 2 1 1 1671 1 1 1  2 1 2 2 1 1 7 1 1 1
query12298 1.48 111% 0 82648 1.00 0.00 2 1 STAR 1222 12  1 1 1 1 1 1 607 1 607 1  1 1 1 1 1 1 2 1 2 1
query14715 1.65 142% 0 107688 1.00 1.00 15 12 HYBRID 3101 28  5 4 1 16 1 1 3070 1 1 1  3 2 1 6 1 1 11 1 1 1
query14947 1.55 89% 0 83768 1.00 1.00 14 11 HYBRID 453 19  111 223 112 1 1 1 1 1 1 1  2 6 4 1 1 1 1 1 1 1
query7850 1.28 79% 0 72864 1.00 0.00 2 1 STAR 12 12  1 1 1 1 1 1 1 2 1 2  1 1 1 1 1 1 1 2 1 2
query8124 1.34 85% 0 77268 1.00 0.00 8 5 HYBRID 31 23  4 10 5 1 2 1 4 1 1 2  3 4 5 1 2 1 3 1 1 2
query8092 2.00 163% 0 159592 1.00 0.00 2 1 STAR 30036 12  1 15014 1 1 1 1 15014 1 1 1  1 2 1 1 1 1 2 1 1 1
query5866 1800.00 0% 0 1428 1.00 1.00 8 4 STAR 1660 18  825 1 1 1 2 1 826 1 1 1  2 1 2 1 3 1 4 1 2 1
query13371 1800.00 0% 0 1424 1.00 1.00 12 6 HYBRID 3306 16  1649 1 1 1 1 1 1649 1 1 1  2 1 1 1 1 1 4 3 1 1
query16922 1.37 110% 0 84088 1.00 0.00 2 1 STAR 1124 12  1 1 1 1 1 1 558 1 558 1  1 1 1 1 1 1 2 1 2 1
query9232 1.24 79% 0 73756 1.00 0.00 2 1 STAR 22 12  1 1 1 1 1 1 7 1 7 1  1 1 1 1 1 1 2 1 2 1
query12669 1800.00 0% 0 1428 1.00 1.00 5 5 HYBRID 45115 14  2 45105 1 1 1 1 1 1 1 1  3 2 1 1 2 1 1 1 1 1
query2735 1.62 133% 0 96060 1.00 0.00 2 2 PATH 2117 11  1 1 1 1 1 1 2108 1 1 1  1 1 1 1 1 1 2 1 1 1
query578 3.06 87% 0 84916 1.00 1.00 16 10 HYBRID 679 19  8 1 1 1 1 1 663 1 1 1  2 1 1 1 1 1 8 2 1 1
query5241 1800.00 0% 0 1428 1.00 1.00 6 3 STAR 42148 16  21070 1 1 1 1 1 21070 1 1 1  2 1 1 1 1 3 2 1 1 3
query11886 6.55 26% 0 74536 1.00 0.00 2 1 STAR 12 12  1 1 1 2 1 1 1 1 2 1  1 1 1 2 1 1 1 1 2 1
query11085 5.98 30% 0 74044 1.00 0.00 2 1 STAR 160 12  1 1 1 1 1 1 1 76 1 76  1 1 1 1 1 1 1 2 1 2
query9787 1800.00 0% 0 1428 1.00 1.00 9 9 STAR 651 13  1 1 1 1 1 1 642 1 1 1  1 1 1 1 1 1 4 1 1 1
query422 1.72 88% 0 73852 1.00 0.00 2 1 STAR 78 12  35 1 1 1 1 35 1 1 1 1  2 1 1 1 1 2 1 1 1 1
query5522 2.87 71% 0 73608 1.00 0.00 2 1 STAR 12 12  1 1 1 1 1 1 1 2 2 1  1 1 1 1 1 1 1 2 2 1
query8744 1800.00 0% 0 1428 1.00 1.00 13 12 HYBRID 21079 13  1 1 1 1 1 1 21070 1 1 1  1 1 1 1 1 3 2 1 1 1
query2445 2.87 106% 0 84676 1.00 0.00 2 1 STAR 1174 12  1 1 1 1 1 1 583 1 583 1  1 1 1 1 1 1 2 1 2 1
query14489 2.69 70% 0 74652 1.00 0.00 4 2 STAR 15 15  3 1 1 2 1 2 1 1 2 1  3 1 1 2 1 2 1 1 2 1
query796 1800.00 0% 0 1428 1.00 1.00 6 3 STAR 1224 18  2 1 1 2 1 1 607 1 607 1  3 1 2 3 1 1 3 1 2 1
query8072 3.60 215% 0 350468 1.00 0.00 3 1 STAR 135322 13  1 45105 1 1 1 45105 45105 1 1 1  1 2 1 1 1 2 2 1 1 1
query785 1800.00 0% 0 1428 1.00 1.00 6 3 STAR 1336 18  2 1 1 2 1 1 663 1 663 1  3 1 2 3 1 1 3 1 2 1
query6203 1800.00 0% 0 1428 1.00 1.00 5 4 STAR 90221 16  2 45107 1 1 1 45105 1 1 1 1  3 4 1 1 1 2 1 1 1 1
query122 1800.00 0% 0 1428 1.00 1.00 11 8 HYBRID 1667 16  1654 1 1 5 1 1 1 1 1 1  2 1 2 5 1 1 1 1 1 1
query10650 2.67 67% 0 74200 1.00 0.00 2 1 STAR 12 12  2 1 1 1 1 1 2 1 1 1  2 1 1 1 1 1 2 1 1 1
query14674 2.84 72% 0 74088 1.00 0.00 2 1 STAR 82 12  1 1 1 1 1 1 37 37 1 1  1 1 1 1 1 1 2 2 1 1
query13869 2.56 70% 0 74096 1.00 0.00 6 6 HYBRID 43 11  1 1 1 1 1 1 1 1 34 1  1 1 1 1 1 1 1 1 2 1
query577 2.91 104% 0 93936 1.00 0.00 16 10 HYBRID 796 29  13 1 3 1 1 1 728 45 1 2  2 1 3 1 1 1 11 6 1 2
query11260 2.37 71% 0 73236 1.00 0.00 2 1 STAR 12 12  1 1 1 1 1 1 1 2 1 2  1 1 1 1 1 1 1 2 1 2
query124 1800.00 0% 0 1428 1.00 1.00 11 8 HYBRID 1641 16  1628 1 1 5 1 1 1 1 1 1  2 1 2 5 1 1 1 1 1 1
query340 2.73 67% 0 73924 1.00 0.00 2 1 STAR 12 12  1 1 1 1 1 1 1 2 1 2  1 1 1 1 1 1 1 2 1 2
query3447 1.46 94% 0 77440 1.00 0.00 3 3 STAR 346 11  1 1 1 1 1 1 1 337 1 1  1 1 1 1 1 1 1 2 1 1
query7853 1.27 78% 0 73764 1.00 0.00 2 1 STAR 12 12  1 1 1 1 1 1 1 2 1 2  1 1 1 1 1 1 1 2 1 2
query7302 1800.00 0% 0 1428 1.00 1.00 13 9 HYBRID 135322 15  1 45105 1 1 1 45105 45105 1 1 1  1 4 1 1 1 2 2 1 1 1
query2983 1800.00 0% 0 1428 1.00 1.00 10 7 HYBRID 24688 19  2 2 1 1 12338 2 1 1 12338 2  3 2 1 1 2 3 1 1 3 2
query16688 1800.00 0% 0 1424 1.00 1.00 10 5 HYBRID 2734 27  1 355 513 1 631 1 613 2 2 615  1 3 3 1 5 1 3 2 2 6
query12462 2.70 67% 0 74020 1.00 0.00 2 1 STAR 16 12  4 1 1 1 1 1 4 1 1 1  2 1 1 1 1 1 2 1 1 1
query1535 2.28 82% 0 76404 1.00 0.00 6 3 STAR 19 19  1 4 1 2 3 1 2 1 1 3  1 4 1 2 3 1 2 1 1 3
query12122 2.40 70% 0 74156 1.00 0.00 2 1 STAR 12 12  2 1 1 1 1 1 2 1 1 1  2 1 1 1 1 1 2 1 1 1
query686 2.64 90% 0 82312 1.00 0.00 6 4 HYBRID 563 19  1 7 9 7 1 1 13 522 1 1  1 2 3 2 1 1 3 4 1 1
query11462 2.65 67% 0 74192 1.00 0.00 2 1 STAR 12 12  1 1 1 1 1 1 2 2 1 1  1 1 1 1 1 1 2 2 1 1
query1052 1800.00 0% 0 1424 1.00 1.00 12 9 HYBRID 1245 17  310 1 1 1 1 1 927 1 1 1  3 1 1 1 1 1 6 1 1 1
query14001 2.61 91% 0 78736 1.00 1.00 11 9 HYBRID 280 21  1 6 1 6 1 1 165 49 1 49  1 2 2 2 1 1 7 2 1 2
query12728 2.74 67% 0 74236 1.00 0.00 2 1 STAR 12 12  2 1 1 1 1 1 2 1 1 1  2 1 1 1 1 1 2 1 1 1
query2022 2.26 147% 0 86408 1.00 0.00 3 1 STAR 1768 13  1 587 1 1 1 1 587 1 587 1  1 2 1 1 1 1 2 1 2 1
query13641 2.25 75% 0 73692 1.00 0.00 2 1 STAR 12 12  1 1 1 2 1 1 1 1 2 1  1 1 1 2 1 1 1 1 2 1
query8068 3.72 156% 0 156628 1.00 0.00 2 1 STAR 30036 12  1 15014 1 1 1 1 15014 1 1 1  1 2 1 1 1 1 2 1 1 1
query8021 4.20 178% 0 348356 1.00 0.00 3 1 STAR 135322 13  1 45105 1 1 1 45105 45105 1 1 1  1 2 1 1 1 2 2 1 1 1
query7287 1800.00 0% 0 1428 1.00 1.00 13 9 HYBRID 135322 15  1 45105 1 1 1 45105 45105 1 1 1  1 4 1 1 1 2 2 1 1 1
query9050 1800.00 0% 0 1424 1.00 1.00 4 3 STAR 3264 14  1628 1 1 1 1 1 1628 1 1 1  2 1 1 1 1 1 4 1 1 1
query1118 2.45 69% 0 73640 1.00 0.00 2 1 STAR 12 12  2 1 1 1 1 1 2 1 1 1  2 1 1 1 1 1 2 1 1 1
query13237 2.54 68% 0 74320 1.00 0.00 2 1 STAR 12 12  1 1 1 1 1 1 2 1 2 1  1 1 1 1 1 1 2 1 2 1
query15597 2.61 68% 0 73696 1.00 0.00 2 1 STAR 12 12  2 1 1 1 1 1 1 1 1 2  2 1 1 1 1 1 1 1 1 2
query859 1800.00 0% 0 1428 1.00 1.00 6 3 STAR 1336 18  2 1 1 2 1 1 663 1 663 1  3 1 2 3 1 1 3 1 2 1
query8045 3.66 142% 0 158756 1.00 0.00 2 1 STAR 30036 12  1 15014 1 1 1 1 15014 1 1 1  1 2 1 1 1 1 2 1 1 1
query1364 1800.00 0% 0 1424 1.00 1.00 6 3 HYBRID 105408 19  1 1 70265 1 1 1 35133 2 2 1  1 1 5 1 1 1 2 4 2 1
query2066 2.19 125% 0 84716 1.00 0.00 2 1 STAR 1240 12  1 1 1 1 1 1 616 1 616 1  1 1 1 1 1 1 2 1 2 1
query3546 1800.00 0% 0 1428 1.00 1.00 14 10 HYBRID 17793 18  1 2 8892 1 1 1 8892 1 1 1  1 2 5 1 2 1 3 1 1 1
query13257 4.29 84% 0 90940 1.00 0.00 10 5 HYBRID 525 28  1 1 3 2 150 1 173 86 22 86  1 1 3 3 3 1 9 2 3 2
query10686 2.96 70% 0 74264 1.00 0.00 2 1 STAR 12 12  2 1 1 1 1 1 2 1 1 1  2 1 1 1 1 1 2 1 1 1
query13765 3.17 86% 0 75824 1.00 1.00 0 1 STAR 10 20  1 1 1 1 1 1 1 1 1 1  2 2 2 2 2 2 2 2 2 2
