query9860 6.25 71% 0 124664 1.00 1.00 14 9 HYBRID 1990 82 1 1 1 991 1 1 991 1 1 1 0 1 1 1 2 1 1 72 1 1 1 0
query11671 2.71 65% 0 73568 1.00 1.00 1 1 STAR 11 11 1 1 1 1 1 1 2 1 1 1 0 1 1 1 1 1 1 2 1 1 1 0
query15953 2.02 82% 0 73560 1.00 1.00 1 1 STAR 11 11 1 1 1 1 1 1 1 1 1 2 0 1 1 1 1 1 1 1 1 1 2 0
query14621 2.78 68% 0 73708 1.00 1.00 1 1 STAR 14 11 1 1 1 5 1 1 1 1 1 1 0 1 1 1 2 1 1 1 1 1 1 0
query16956 2.69 90% 0 80920 1.00 1.00 1 1 STAR 640 11 1 1 1 631 1 1 1 1 1 1 0 1 1 1 2 1 1 1 1 1 1 0
query1548 50.76 81% 0 344648 1.00 1.00 6 6 HYBRID 8278 8019 1 1 1 261 1 1 1 1 1 8009 0 1 1 1 8009 1 1 1 1 1 2 0
query9478 2.65 73% 0 76744 1.00 1.00 7 2 PATH 99 20 1 1 1 1 1 27 1 1 1 64 0 1 1 1 1 1 10 1 1 1 2 0
query6904 2.42 68% 0 72972 1.00 1.00 1 1 STAR 11 11 1 1 1 1 1 1 1 1 1 2 0 1 1 1 1 1 1 1 1 1 2 0
query4275 2.86 70% 0 73044 1.00 1.00 1 1 STAR 14 11 1 1 1 1 1 5 1 1 1 1 0 1 1 1 1 1 2 1 1 1 1 0
query14974 1.87 86% 0 74444 1.00 1.00 7 2 STAR 12 12 1 1 1 1 2 1 1 1 1 2 0 1 1 1 1 2 1 1 1 1 2 0
query15364 3.97 121% 0 172628 1.00 1.00 2 2 STAR 21577 11 1 1 1 1 1 1 1 1 1 21568 0 1 1 1 1 1 1 1 1 1 2 0
query10659 1.90 83% 0 73368 1.00 1.00 1 1 STAR 11 11 1 1 1 1 1 1 1 1 1 2 0 1 1 1 1 1 1 1 1 1 2 0
query11137 2.30 81% 0 75632 1.00 1.00 0 1 STAR 10 20 1 1 1 1 1 1 1 1 1 1 0 2 2 2 2 2 2 2 2 2 2 0
query2014 2.06 101% 0 78620 1.00 1.00 1 1 STAR 592 11 1 1 1 583 1 1 1 1 1 1 0 1 1 1 2 1 1 1 1 1 1 0
query15041 3.39 53% 0 74180 1.00 1.00 10 5 HYBRID 15 12 1 1 1 2 1 1 1 1 5 1 0 1 1 1 2 1 1 1 1 2 1 0
query16193 2.67 83% 0 80896 1.00 1.00 1 1 STAR 615 11 1 1 1 606 1 1 1 1 1 1 0 1 1 1 2 1 1 1 1 1 1 0
query15290 4.13 122% 0 143668 1.00 1.00 2 2 STAR 14725 11 1 1 1 1 1 1 1 1 1 14716 0 1 1 1 1 1 1 1 1 1 2 0
query4362 2.99 79% 0 79804 1.00 0.00 20 10 HYBRID 36 33 1 1 1 1 1 3 3 18 6 1 0 1 1 1 1 1 4 3 2 18 1 0
query5201 14.51 98% 0 304808 1.00 0.00 8 3 STAR 19555 1256 1 1 1 18605 942 1 1 1 1 1 0 1 1 1 2 1246 1 1 1 1 1 0
query2328 2.80 66% 0 73796 1.00 0.00 3 3 STAR 33 11 1 1 1 24 1 1 1 1 1 1 0 1 1 1 2 1 1 1 1 1 1 0
query1709 2.77 66% 0 72640 1.00 0.00 1 1 STAR 11 11 1 1 1 1 1 1 1 2 1 1 0 1 1 1 1 1 1 1 2 1 1 0
query16679 6.89 121% 0 165148 1.00 0.00 5 5 HYBRID 1182 367 356 1 2 1 1 817 1 1 1 1 0 2 1 2 1 1 356 1 1 1 1 0
query11838 2.45 67% 0 73148 1.00 0.00 1 1 STAR 11 11 1 1 1 1 1 2 1 1 1 1 0 1 1 1 1 1 2 1 1 1 1 0
query16529 2.36 81% 0 75852 1.00 1.00 0 1 STAR 10 20 1 1 1 1 1 1 1 1 1 1 0 2 2 2 2 2 2 2 2 2 2 0
query7263 2.28 100% 0 73244 1.00 0.00 1 1 STAR 79 11 1 1 70 1 1 1 1 1 1 1 0 1 1 2 1 1 1 1 1 1 1 0
query16242 2.12 96% 0 76676 1.00 0.00 5 5 HYBRID 90 21 1 1 1 11 1 1 71 1 1 1 0 1 1 1 2 1 1 11 1 1 1 0
query16719 2.79 68% 0 73592 1.00 0.00 1 1 STAR 11 11 1 1 1 1 1 1 2 1 1 1 0 1 1 1 1 1 1 2 1 1 1 0
query3538 21.56 76% 0 315620 1.00 0.00 10 10 HYBRID 2161 2080 1 1 1 207 1 83 1 1864 1 1 0 1 1 1 1864 1 207 1 2 1 1 0
query12375 2.44 74% 0 75612 1.00 0.00 9 4 STAR 28 15 1 1 1 10 1 1 10 1 1 1 0 1 1 1 2 1 1 5 1 1 1 0
query8968 2.65 92% 0 81708 1.00 0.00 1 1 STAR 661 11 1 1 1 652 1 1 1 1 1 1 0 1 1 1 2 1 1 1 1 1 1 0
query2972 103.65 30% 0 349388 1.00 0.00 12 7 HYBRID 22102 4968 1 4099 1 1 1 1 1 1 12812 5184 0 1 2 1 1 1 1 1 1 4099 860 0
query6659 3.70 131% 0 195508 1.00 0.00 1 1 STAR 45114 11 1 1 1 1 1 1 1 1 45105 1 0 1 1 1 1 1 1 1 1 2 1 0
query10359 5.80 88% 0 113100 1.00 0.00 7 7 STAR 156 152 1 1 1 142 1 1 6 1 1 1 0 1 1 1 2 1 1 142 1 1 1 0
query12298 2.58 89% 0 80192 1.00 0.00 1 1 STAR 616 11 1 1 1 607 1 1 1 1 1 1 0 1 1 1 2 1 1 1 1 1 1 0
query14947 2.99 76% 0 77960 1.00 0.00 16 11 HYBRID 31 23 1 1 1 1 1 6 1 9 9 1 0 1 1 1 1 1 5 1 2 9 1 0
query7850 2.38 69% 0 73012 1.00 0.00 1 1 STAR 11 11 1 1 2 1 1 1 1 1 1 1 0 1 1 2 1 1 1 1 1 1 1 0
query8124 2.39 77% 0 75720 1.00 0.00 10 5 HYBRID 17 17 1 1 1 1 1 2 1 2 6 1 0 1 1 1 1 1 2 1 6 2 1 0
query8092 3.48 122% 0 121912 1.00 0.00 1 1 STAR 15023 11 1 1 1 1 1 1 1 1 15014 1 0 1 1 1 1 1 1 1 1 2 1 0
query5866 2.61 80% 0 76880 1.00 0.00 9 4 STAR 78 20 1 1 1 63 1 1 1 7 1 1 0 1 1 1 2 1 1 1 10 1 1 0
query13371 16.98 103% 0 343440 1.00 0.00 11 6 HYBRID 42280 1425 1 1 21136 21136 1 1 1 1 1 1 0 1 1 1415 2 1 1 1 1 1 1 0
query16922 2.59 84% 0 77668 1.00 0.00 1 1 STAR 567 11 1 1 1 558 1 1 1 1 1 1 0 1 1 1 2 1 1 1 1 1 1 0
query9232 2.46 66% 0 73180 1.00 0.00 1 1 STAR 16 11 1 1 1 7 1 1 1 1 1 1 0 1 1 1 2 1 1 1 1 1 1 0
query2735 3.47 118% 0 97232 1.00 0.00 2 2 PATH 2117 11 1 1 1 2108 1 1 1 1 1 1 0 1 1 1 2 1 1 1 1 1 1 0
query5241 12.64 107% 0 301148 1.00 0.00 8 3 STAR 13384 865 1 1 1 12746 630 1 1 1 1 1 0 1 1 1 2 855 1 1 1 1 1 0
query11886 1.82 83% 0 73036 1.00 0.00 1 1 STAR 11 11 1 1 1 1 1 1 2 1 1 1 0 1 1 1 1 1 1 2 1 1 1 0
query11085 2.32 74% 0 74000 1.00 0.00 1 1 STAR 85 11 1 1 76 1 1 1 1 1 1 1 0 1 1 2 1 1 1 1 1 1 1 0
query9787 3.28 83% 0 77792 1.00 0.00 14 9 STAR 126 19 1 1 1 59 1 1 1 1 1 59 0 1 1 1 2 1 1 1 1 1 9 0
query422 2.43 70% 0 72956 1.00 0.00 1 1 STAR 44 11 1 1 1 1 1 1 1 1 1 35 0 1 1 1 1 1 1 1 1 1 2 0
query5522 2.27 71% 0 73588 1.00 0.00 1 1 STAR 11 11 1 1 2 1 1 1 1 1 1 1 0 1 1 2 1 1 1 1 1 1 1 0
query2445 2.96 83% 0 78612 1.00 0.00 1 1 STAR 592 11 1 1 1 583 1 1 1 1 1 1 0 1 1 1 2 1 1 1 1 1 1 0
query14489 2.33 74% 0 74488 1.00 0.00 7 2 STAR 12 12 1 1 1 1 2 1 1 1 1 2 0 1 1 1 1 2 1 1 1 1 2 0
query796 2.88 74% 0 76464 1.00 0.00 8 3 STAR 65 18 1 1 1 32 1 1 1 1 1 25 0 1 1 1 2 1 1 1 1 1 8 0
query8072 3.98 124% 0 195272 1.00 0.00 1 1 STAR 45114 11 1 1 1 1 1 1 1 1 45105 1 0 1 1 1 1 1 1 1 1 2 1 0
query785 2.85 72% 0 75988 1.00 0.00 8 3 STAR 52 18 1 1 1 30 1 1 1 1 1 14 0 1 1 1 2 1 1 1 1 1 8 0
query6203 30.09 89% 0 436032 1.00 0.00 9 4 STAR 85806 2727 1 1 1 1 1 1 1 1 40668 45130 0 1 1 1 1 1 1 1 1 2 2717 0
query122 11.59 131% 0 310784 1.00 0.00 8 8 HYBRID 6744 1002 1 1 1 1 1 1 5744 1 1 992 0 1 1 1 1 1 1 992 1 1 2 0
query10650 2.57 67% 0 73104 1.00 0.00 1 1 STAR 11 11 1 1 1 1 1 1 1 1 1 2 0 1 1 1 1 1 1 1 1 1 2 0
query14674 2.55 68% 0 73116 1.00 0.00 1 1 STAR 46 11 1 1 1 37 1 1 1 1 1 1 0 1 1 1 2 1 1 1 1 1 1 0
query13869 2.38 76% 0 73756 1.00 0.00 6 6 HYBRID 43 11 1 34 1 1 1 1 1 1 1 1 0 1 2 1 1 1 1 1 1 1 1 0
query11260 2.70 66% 0 73240 1.00 0.00 1 1 STAR 11 11 1 1 2 1 1 1 1 1 1 1 0 1 1 2 1 1 1 1 1 1 1 0
query124 9.54 120% 0 286456 1.00 0.00 8 8 HYBRID 1925 1001 1 1 1 1 1 1 926 1 1 991 0 1 1 1 1 1 1 991 1 1 2 0
query340 2.33 71% 0 73756 1.00 0.00 1 1 STAR 11 11 1 1 2 1 1 1 1 1 1 1 0 1 1 2 1 1 1 1 1 1 1 0
query3447 2.55 88% 0 77232 1.00 0.00 3 3 STAR 346 11 1 1 337 1 1 1 1 1 1 1 0 1 1 2 1 1 1 1 1 1 1 0
query7853 1.82 83% 0 73520 1.00 0.00 1 1 STAR 11 11 1 1 2 1 1 1 1 1 1 1 0 1 1 2 1 1 1 1 1 1 1 0
query7302 158.37 7% 0 293616 1.00 0.00 9 9 HYBRID 1802 1433 1 1 1 371 1 1 1 1 1423 1 0 1 1 1 1423 1 1 1 1 2 1 0
query2983 102.57 29% 0 347640 1.00 0.00 12 7 HYBRID 22102 4968 1 4099 1 1 1 1 1 1 12812 5184 0 1 2 1 1 1 1 1 1 4099 860 0
query16688 4.55 113% 0 136316 1.00 0.00 5 5 HYBRID 593 249 238 1 2 1 1 346 1 1 1 1 0 2 1 2 1 1 238 1 1 1 1 0
query12462 3.13 76% 0 73428 1.00 0.00 1 1 STAR 13 11 1 1 1 1 1 1 1 1 1 4 0 1 1 1 1 1 1 1 1 1 2 0
query1535 2.36 72% 0 74240 1.00 0.00 8 3 STAR 12 12 1 1 1 1 1 2 1 1 2 1 0 1 1 1 1 1 2 1 1 2 1 0
query12122 2.62 65% 0 73440 1.00 0.00 1 1 STAR 11 11 1 1 1 1 1 1 1 1 1 2 0 1 1 1 1 1 1 1 1 1 2 0
query686 3.92 144% 0 127136 1.00 0.00 4 4 HYBRID 1657 118 1 1 1441 1 1 1 1 202 7 1 0 1 1 7 1 1 1 1 102 2 1 0
query11462 2.40 69% 0 73108 1.00 0.00 1 1 STAR 11 11 1 1 1 2 1 1 1 1 1 1 0 1 1 1 2 1 1 1 1 1 1 0
query1052 40.27 6% 0 106760 1.00 0.00 14 9 HYBRID 115 115 1 1 1 104 1 1 1 2 2 1 0 1 1 1 2 1 1 1 104 2 1 0
query14001 10.41 112% 0 300816 1.00 0.00 19 9 HYBRID 3876 1250 1062 1 1 498 1 1 1 279 2031 1 0 2 1 1 1062 1 1 1 141 39 1 0
query12728 2.71 65% 0 73592 1.00 0.00 1 1 STAR 11 11 1 1 1 1 1 1 1 1 1 2 0 1 1 1 1 1 1 1 1 1 2 0
query2022 2.49 90% 0 78376 1.00 0.00 1 1 STAR 596 11 1 1 1 1 1 1 1 1 587 1 0 1 1 1 1 1 1 1 1 2 1 0
query13641 2.35 77% 0 73712 1.00 0.00 1 1 STAR 11 11 1 1 1 1 1 1 2 1 1 1 0 1 1 1 1 1 1 2 1 1 1 0
query8068 3.88 123% 0 123336 1.00 0.00 1 1 STAR 15023 11 1 1 1 1 1 1 1 1 15014 1 0 1 1 1 1 1 1 1 1 2 1 0
query8021 3.64 143% 0 193624 1.00 0.00 1 1 STAR 45114 11 1 1 1 1 1 1 1 1 45105 1 0 1 1 1 1 1 1 1 1 2 1 0
query7287 153.84 9% 0 301648 1.00 0.00 9 9 HYBRID 1802 1433 1 1 1 371 1 1 1 1 1423 1 0 1 1 1 1423 1 1 1 1 2 1 0
query9050 2.47 71% 0 73700 1.00 0.00 3 3 STAR 45 11 1 1 1 36 1 1 1 1 1 1 0 1 1 1 2 1 1 1 1 1 1 0
query1118 2.74 67% 0 73164 1.00 0.00 1 1 STAR 11 11 1 1 1 1 1 1 1 1 1 2 0 1 1 1 1 1 1 1 1 1 2 0
query13237 2.30 71% 0 73544 1.00 0.00 1 1 STAR 11 11 1 1 1 2 1 1 1 1 1 1 0 1 1 1 2 1 1 1 1 1 1 0
query15597 2.60 66% 0 73668 1.00 0.00 1 1 STAR 11 11 1 1 1 1 1 1 1 1 1 2 0 1 1 1 1 1 1 1 1 1 2 0
query859 2.75 73% 0 75988 1.00 0.00 8 3 STAR 52 18 1 1 1 30 1 1 1 1 1 14 0 1 1 1 2 1 1 1 1 1 8 0
query8045 4.17 124% 0 123088 1.00 0.00 1 1 STAR 15023 11 1 1 1 1 1 1 1 1 15014 1 0 1 1 1 1 1 1 1 1 2 1 0
query1364 3.09 145% 0 118672 1.00 0.00 3 3 HYBRID 6904 12 1 1 2 1 1 1 1 6894 1 1 0 1 1 2 1 1 1 1 2 1 1 0
query2066 2.98 84% 0 80200 1.00 0.00 1 1 STAR 625 11 1 1 1 616 1 1 1 1 1 1 0 1 1 1 2 1 1 1 1 1 1 0
query3546 21.54 73% 0 313812 1.00 0.00 10 10 HYBRID 2161 2080 1 1 1 207 1 83 1 1864 1 1 0 1 1 1 1864 1 207 1 2 1 1 0
query13257 3.64 99% 0 96140 1.00 0.00 5 5 HYBRID 96 96 1 1 86 2 1 1 1 1 1 1 0 1 1 2 86 1 1 1 1 1 1 0
query10686 2.64 66% 0 72448 1.00 0.00 1 1 STAR 11 11 1 1 1 1 1 1 1 1 1 2 0 1 1 1 1 1 1 1 1 1 2 0
query13765 2.58 74% 0 75232 1.00 1.00 0 1 STAR 10 20 1 1 1 1 1 1 1 1 1 1 0 2 2 2 2 2 2 2 2 2 2 0
