query2406 1.84 132% 0 75040 1.00 1.00 4 2 PATH 198 44 87 1 87 1 9 9 1 1 1 1 0 9 3 9 3 4 4 3 3 3 3 0
query9177 3.03 192% 0 111748 1.00 1.00 13 5 HYBRID 1438 156 1 3 582 102 45 1 657 1 1 45 0 6 12 29 17 12 12 38 12 6 12 0
query1669 2.25 111% 0 75116 1.00 1.00 4 2 PATH 198 44 87 1 87 1 9 9 1 1 1 1 0 9 3 9 3 4 4 3 3 3 3 0
query8876 3.27 127% 0 85172 1.00 1.00 10 3 HYBRID 88 92 13 1 22 10 19 19 1 1 1 1 0 11 4 18 5 10 10 10 10 4 10 0
query10288 3.63 181% 0 121180 1.00 1.00 5 2 STAR 1306 167 1 1 305 305 301 301 89 1 1 1 0 3 3 48 48 4 4 48 3 3 3 0
query10721 6.45 170% 0 228144 1.00 1.00 18 9 HYBRID 5614 649 1 1 2795 9 1344 9 1444 1 1 9 0 10 10 278 11 108 16 180 10 10 16 0
query11955 2.13 194% 0 91360 1.00 1.00 12 4 HYBRID 206 115 3 1 44 42 56 56 1 1 1 1 0 6 5 21 13 13 13 13 13 5 13 0
query4487 3.51 178% 0 125336 1.00 1.00 4 2 STAR 2518 162 1 1 1 1 453 1 803 803 453 1 0 3 3 3 3 4 3 68 68 4 3 0
query8229 3.71 159% 0 126596 1.00 1.00 4 2 STAR 2518 162 1 1 1 1 453 1 803 803 453 1 0 3 3 3 3 4 3 68 68 4 3 0
query11131 2.58 131% 0 81308 1.00 1.00 7 2 STAR 584 57 7 281 9 1 281 1 1 1 1 1 0 4 8 9 3 8 3 3 3 8 8 0
query6948 2.60 85% 0 66624 1.00 1.00 5 2 STAR 108 38 1 1 1 49 2 1 1 2 49 1 0 3 3 3 5 4 5 3 4 5 3 0
query3143 3.78 173% 0 135444 1.00 1.00 8 3 HYBRID 1134 267 1 67 243 243 217 217 77 1 1 67 0 4 46 37 37 5 5 79 4 4 46 0
query4217 2.49 113% 0 76440 1.00 1.00 9 2 STAR 22 60 6 1 6 1 3 1 1 1 1 1 0 8 7 4 3 7 7 7 3 7 7 0
query10858 2.54 115% 0 80996 1.00 1.00 8 2 STAR 58 68 1 1 9 9 17 17 1 1 1 1 0 3 3 10 4 9 9 9 9 3 9 0
