query2406 2.79 73% 0 72436 1.00 1.00 2 2 PATH 61 15 1 1 44 1 1 9 1 1 1 1 0 1 1 5 1 1 2 1 1 1 1 0
query9177 3.04 78% 0 77172 1.00 1.00 5 5 HYBRID 74 30 1 1 1 14 1 1 17 1 1 36 0 1 1 1 2 1 1 14 1 1 7 0
query1669 2.10 89% 0 72876 1.00 1.00 2 2 PATH 61 15 1 1 44 1 1 9 1 1 1 1 0 1 1 5 1 1 2 1 1 1 1 0
query8876 2.65 68% 0 72212 1.00 1.00 3 3 HYBRID 16 13 1 1 4 1 1 4 1 1 1 1 0 1 1 2 1 1 3 1 1 1 1 0
query10288 3.28 104% 0 86188 1.00 1.00 2 2 STAR 462 36 1 1 1 153 1 301 1 1 1 1 0 1 1 1 26 1 2 1 1 1 1 0
query10721 2.45 75% 0 73020 1.00 1.00 9 9 HYBRID 26 16 1 1 13 1 1 1 1 1 1 5 0 1 1 2 1 1 1 1 1 1 6 0
query11955 2.64 70% 0 73056 1.00 1.00 4 4 HYBRID 24 14 1 1 8 1 1 8 1 1 1 1 0 1 1 2 1 1 4 1 1 1 1 0
query4487 3.07 130% 0 93132 1.00 1.00 2 2 STAR 863 46 1 1 1 1 1 1 1 402 453 1 0 1 1 1 1 1 1 1 36 2 1 0
query8229 3.42 120% 0 90544 1.00 1.00 2 2 STAR 863 46 1 1 1 1 1 1 1 402 453 1 0 1 1 1 1 1 1 1 36 2 1 0
query11131 2.43 79% 0 73216 1.00 1.00 2 2 STAR 156 14 1 1 7 1 141 1 1 1 1 1 0 1 1 2 1 4 1 1 1 1 1 0
query6948 2.07 80% 0 72372 1.00 1.00 2 2 STAR 35 12 1 1 1 1 1 1 1 2 25 1 0 1 1 1 1 1 1 1 2 2 1 0
query3143 3.44 99% 0 89420 1.00 1.00 3 3 HYBRID 361 43 1 1 1 122 1 217 1 1 1 15 0 1 1 1 20 1 2 1 1 1 14 0
query4217 2.47 88% 0 76228 1.00 1.00 8 2 STAR 16 32 1 1 6 1 2 1 1 1 1 1 0 4 4 2 1 4 4 4 1 4 4 0
query10858 2.57 71% 0 73412 1.00 1.00 2 2 STAR 26 15 1 1 1 9 1 9 1 1 1 1 0 1 1 1 2 1 5 1 1 1 1 0
