query1 7.23 38% 0 123200 1.00 1.00 8 5 HYBRID 1002 107 109 1 1 1 1 1 1 1 1 1 114 1 1 1 1 7 1 1 1 1 1 1 1 1 107 634 4 1 4 1 0 16 1 1 1 1 1 1 1 1 1 16 1 1 1 1 27 1 1 1 1 1 1 1 1 18 2 3 1 2 1 0
query2 10.94 41% 0 191932 1.00 1.00 5 3 HYBRID 5878 315 1 1 1 1 1 1 1 1 1 578 1 1 1 562 1 1 1 1 687 1 1 1 1 2061 1 1 694 1 682 591 0 1 1 1 1 1 1 1 1 1 48 1 1 1 49 1 1 1 1 49 1 1 1 1 2 1 1 48 1 48 48 0
query3 6.25 44% 0 117888 1.00 1.00 5 3 HYBRID 1168 115 1 1 1 1 11 1 1 1 1 1 1 1 1 8 1 1 1 1 191 1 1 1 1 1 529 1 200 1 199 7 0 1 1 1 1 16 1 1 1 1 1 1 1 1 15 1 1 1 1 14 1 1 1 1 1 2 1 15 1 14 16 0
query4 61.34 15% 0 313420 1.00 1.00 6 5 HYBRID 25041 1305 1 1 1 1 1 1 6140 1 1 1 1 1 1 1 1 1 1 1 1 6142 1 1 1 12281 1 1 452 1 1 1 0 1 1 1 1 1 1 413 1 1 1 1 1 1 1 1 1 1 1 1 412 1 1 1 452 1 1 2 1 1 1 0
query5 69.77 18% 0 388984 1.00 1.00 4 3 HYBRID 44232 2955 1 1 1 141 1 1 1 1 1 1 1 1 1 136 1 1 43785 1 1 1 1 1 1 1 1 1 1 1 1 144 0 1 1 1 976 1 1 1 1 1 1 1 1 1 975 1 1 2 1 1 1 1 1 1 1 1 1 1 1 1 976 0
query6 4.95 27% 0 80336 1.00 1.00 6 5 HYBRID 67 42 1 1 1 1 1 1 1 1 24 1 8 1 1 1 1 1 1 1 1 1 1 1 1 1 1 3 1 1 6 1 0 1 2 1 1 1 1 1 1 6 1 4 1 1 1 1 1 1 1 1 1 1 1 1 1 1 3 1 1 2 1 0
query7 5.57 43% 0 112136 1.00 1.00 4 3 STAR 940 66 155 1 1 1 1 1 1 1 1 1 1 1 154 1 456 1 1 1 1 1 1 1 1 1 1 1 1 1 149 1 0 13 1 1 1 1 1 1 1 1 1 1 1 12 1 2 1 1 1 1 1 1 1 1 1 1 1 1 1 13 1 0
query8 8.33 39% 0 129784 1.00 1.00 4 3 HYBRID 1985 136 1 1 1 1 1 1 1 1 1 1 1 1 1 1 1 1 1 224 1 1 1 1 1 1 1 1 1501 1 1 233 0 1 1 1 1 1 1 1 1 1 1 1 1 1 1 1 1 1 53 1 1 1 1 1 1 1 1 2 1 1 54 0
query9 6.38 49% 0 132732 1.00 1.00 10 6 HYBRID 1815 145 1 98 1 1 1 1 90 1 1 802 117 1 1 1 1 49 132 1 60 1 1 51 61 121 53 112 1 52 1 1 0 1 20 1 1 1 1 6 1 1 2 20 1 1 1 1 5 6 1 9 1 1 10 6 6 7 21 1 10 1 1 0
query10 9.61 23% 0 103072 1.00 1.00 6 5 HYBRID 167 111 1 1 1 1 1 6 1 1 53 1 1 1 1 1 1 1 1 1 1 1 1 1 1 18 1 1 25 1 40 1 0 1 1 1 1 1 2 1 1 3 1 1 1 1 1 1 1 1 1 1 1 1 1 1 4 1 1 2 1 75 1 0
query11 5.48 42% 0 108000 1.00 1.00 3 2 STAR 1145 71 1 1 1 1 1 1 1 1 1 1 1 1 1 1 1 1 1 1 191 1 1 1 1 1 529 1 200 1 199 1 0 1 1 1 1 1 1 1 1 1 1 1 1 1 1 1 1 1 1 14 1 1 1 1 1 2 1 15 1 14 1 0
query12 7.96 23% 0 96084 1.00 1.00 6 5 HYBRID 122 89 1 1 1 4 1 1 1 1 1 21 1 1 12 53 1 1 1 1 1 1 1 1 1 1 1 7 1 1 1 1 0 1 1 1 2 1 1 1 1 1 53 1 1 4 2 1 1 1 1 1 1 1 1 1 1 1 3 1 1 1 1 0
query13 7.86 43% 0 146484 1.00 1.00 3 2 STAR 4150 173 1 1 1 1 1 1 1 1 1 1 1 1 1 1 1 1 1 1 686 1 1 1 1 2061 1 1 695 1 682 1 0 1 1 1 1 1 1 1 1 1 1 1 1 1 1 1 1 1 1 48 1 1 1 1 2 1 1 49 1 48 1 0
query14 14.50 38% 0 249888 1.00 1.00 12 7 HYBRID 8479 574 1 1 1 575 1 1 579 1 1 573 229 1 1 575 1 1 1 1 686 577 1 82 72 2061 215 223 695 58 682 583 0 1 1 1 41 1 1 41 1 1 48 8 1 1 49 1 1 1 1 48 41 1 41 41 2 7 7 49 41 48 48 0
query15 5.90 43% 0 117248 1.00 1.00 3 2 STAR 1745 82 1 1 1 1 1 1 1 1 1 1 1 319 1 306 1 1 1 1 1 394 1 1 1 1 1 700 1 1 1 1 0 1 1 1 1 1 1 1 1 1 1 1 17 1 19 1 1 1 1 1 18 1 1 1 1 1 2 1 1 1 1 0
query16 9.13 45% 0 295628 1.00 1.00 3 3 STAR 33224 31 1 1 1 1 1 1 1 1 1 1 1 1 1 1 1 1 33195 1 1 1 1 1 1 1 1 1 1 1 1 1 0 1 1 1 1 1 1 1 1 1 1 1 1 1 1 1 1 2 1 1 1 1 1 1 1 1 1 1 1 1 1 0
query17 5.77 46% 0 119836 1.00 1.00 8 5 STAR 1095 112 1 1 1 1 1 1 1 39 429 1 20 1 1 1 28 23 30 1 152 1 1 1 23 1 1 1 169 1 162 1 0 1 1 1 1 1 1 1 14 2 1 4 1 1 1 13 4 13 1 12 1 1 1 6 1 1 1 12 1 12 1 0
query18 4.85 34% 0 97936 1.00 1.00 3 2 PATH 272 52 1 1 1 3 1 1 1 1 1 1 1 1 1 1 1 1 1 1 1 1 1 241 1 1 1 1 1 1 1 1 0 1 1 1 8 1 1 1 1 1 1 1 1 1 8 1 1 1 1 1 1 1 2 1 1 1 1 1 1 1 8 0
query19 4.65 27% 0 79084 1.00 1.00 6 4 STAR 55 39 1 1 1 4 1 3 4 1 1 1 1 1 1 1 1 1 1 1 4 5 1 1 1 1 1 1 11 1 1 1 0 1 1 1 2 1 3 2 1 1 1 1 1 1 1 1 1 1 1 3 3 1 1 1 1 1 1 2 1 1 1 0
query20 60.21 18% 0 373120 1.00 1.00 8 6 HYBRID 39571 2573 1 459 1 519 1 1 1 1 1 1 1 1 1 1 1 1 1 1 6335 1 1 1 1 19001 1 1 6334 566 6334 1 0 1 424 1 425 1 1 1 1 1 1 1 1 1 1 1 1 1 1 425 1 1 1 1 2 1 1 424 425 425 1 0
query21 4.89 32% 0 90856 1.00 1.00 3 2 STAR 227 44 1 1 1 26 1 1 30 1 1 1 1 1 1 1 1 1 1 1 1 21 1 1 1 1 1 1 124 1 1 1 0 1 1 1 5 1 1 6 1 1 1 1 1 1 1 1 1 1 1 1 5 1 1 1 1 1 1 2 1 1 1 0
query22 4.48 33% 0 85480 1.00 1.00 2 2 PATH 474 31 1 1 1 1 1 1 1 1 445 1 1 1 1 1 1 1 1 1 1 1 1 1 1 1 1 1 1 1 1 1 0 1 1 1 1 1 1 1 1 2 1 1 1 1 1 1 1 1 1 1 1 1 1 1 1 1 1 1 1 1 1 0
query23 4.79 34% 0 88352 1.00 1.00 3 2 STAR 226 44 1 1 1 1 1 1 1 1 1 1 1 1 1 1 1 1 1 1 1 1 1 1 1 1 37 38 124 1 1 1 0 1 1 1 1 1 1 1 1 1 1 5 1 1 1 1 1 1 1 1 1 1 1 1 1 5 6 2 1 1 1 0
query24 125.93 13% 0 320560 1.00 1.00 7 7 HYBRID 2997 1831 1 1 1 1 1 1 1 1 1 1 1 1 1 1 1 1 1 1 1 1168 1 1 1 901 1 1 1 1 901 1 0 1 1 1 1 1 1 1 1 1 1 1 1 1 1 1 1 1 1 1 901 1 1 1 2 1 1 1 1 901 1 0
query25 4.63 50% 0 99200 1.00 1.00 2 2 PATH 1459 31 1 1 1 1 1 1 1 1 1 1 1 1 1 1 1 1 1 1 1 1430 1 1 1 1 1 1 1 1 1 1 0 1 1 1 1 1 1 1 1 1 1 1 1 1 1 1 1 1 1 1 2 1 1 1 1 1 1 1 1 1 1 0
query26 32.41 12% 0 185392 1.00 1.00 6 5 HYBRID 894 478 1 1 1 1 1 1 1 1 1 1 1 1 1 21 1 1 1 1 1 1 1 1 1 1 1 1 1 415 1 431 0 1 1 1 1 1 1 1 1 1 1 1 1 1 415 1 1 1 1 1 1 1 1 1 1 1 1 1 34 1 2 0
query27 6.08 57% 0 135100 1.00 1.00 6 4 HYBRID 5736 111 1 1 1 1 1 1 1 1 1 1 1277 1 336 1 1 1 326 1 1 1 1 1 1 269 2217 1144 1 1 144 1 0 1 1 1 1 1 1 1 1 1 1 23 1 5 1 1 1 5 1 1 1 1 1 1 7 23 23 1 1 2 1 0
query28 4.44 26% 0 78644 1.00 1.00 4 3 STAR 41 35 1 1 1 1 1 1 1 1 1 1 1 1 1 1 1 1 1 1 1 1 1 2 1 1 1 1 11 1 1 1 0 1 1 1 1 1 1 1 1 1 1 1 1 1 1 1 1 1 1 1 1 1 3 2 1 1 1 2 2 1 1 0
query29 11.20 35% 0 166600 1.00 1.00 7 5 HYBRID 3695 246 1 1 1 1 1 1 1 1 1 1013 1 1 1 1 1 1 1 273 1 1326 1 1 1 1 1 1 452 298 1 309 0 1 1 1 1 1 1 1 1 1 12 1 1 1 1 1 1 1 90 1 12 1 1 1 1 1 1 2 14 1 92 0
query30 31.62 12% 0 168232 1.00 1.00 4 4 STAR 551 452 1 1 1 1 1 1 1 1 1 1 1 1 1 1 1 1 1 1 1 1 1 1 422 1 1 1 101 1 1 1 0 1 1 1 1 1 1 1 1 1 1 1 1 1 1 1 1 1 1 1 1 1 1 2 1 1 1 422 1 1 1 0
query32 7.04 47% 0 130404 1.00 1.00 3 2 PATH 3030 136 1 1 1 500 1 1 1 1 1 1 1 1 1 1 501 1 1 1 1 1501 1 1 1 1 1 1 502 1 1 1 0 1 1 1 36 1 1 1 1 1 1 1 1 1 1 36 1 1 1 1 2 1 1 1 1 1 1 36 1 1 1 0
query33 5.67 47% 0 117544 1.00 1.00 3 2 PATH 4012 75 1 1 1 1214 1 1 1 1 1 1 1 1 1 1 1197 1 1 1 1 1 1 1 1 1 1 1 982 1 1 593 0 1 1 1 15 1 1 1 1 1 1 1 1 1 1 15 1 1 1 1 1 1 1 1 1 1 1 17 1 1 2 0
query34 4.75 30% 0 86220 1.00 1.00 8 2 STAR 81 43 1 1 1 1 1 1 1 1 1 9 1 5 1 1 1 1 1 4 1 1 11 1 9 1 1 2 10 1 1 9 0 1 1 1 1 1 1 1 1 1 4 1 2 1 1 1 1 1 2 1 1 2 1 2 1 1 2 2 1 1 5 0
query35 4.75 28% 0 79536 1.00 1.00 4 3 STAR 93 38 1 1 1 1 1 1 1 1 1 1 1 1 1 39 1 17 1 1 1 1 1 1 10 1 1 1 1 1 1 1 0 1 1 1 1 1 1 1 1 1 1 1 1 1 2 1 5 1 1 1 1 1 1 4 1 1 1 1 1 1 1 0
query36 8.10 45% 0 149204 1.00 1.00 3 2 PATH 3818 173 1 1 1 1 1 1 1 1 1 539 1 1 1 601 1 1 1 1 1 1 1 1 1 2061 1 1 1 1 1 591 0 1 1 1 1 1 1 1 1 1 48 1 1 1 49 1 1 1 1 1 1 1 1 1 2 1 1 1 1 1 48 0
query37 5.15 31% 0 90268 1.00 1.00 8 5 HYBRID 169 48 1 1 1 1 1 1 1 3 1 12 4 1 1 1 8 1 1 1 27 1 1 1 1 1 60 14 4 1 1 16 0 1 1 1 1 1 1 1 3 1 3 2 1 1 1 3 1 1 1 2 1 1 1 1 1 4 3 3 1 1 4 0
query38 17.70 20% 0 146908 1.00 1.00 8 6 HYBRID 992 276 1 1 1 48 62 1 1 1 1 199 1 1 119 1 1 1 213 1 1 1 1 1 1 114 1 1 124 1 91 1 0 1 1 1 13 12 1 1 1 1 199 1 1 5 1 1 1 5 1 1 1 1 1 1 6 1 1 2 1 12 1 0
query40 6.15 42% 0 113844 1.00 1.00 6 4 HYBRID 936 101 1 1 1 1 1 1 221 1 1 1 1 1 1 1 1 1 1 1 1 232 1 1 4 1 1 1 452 2 1 1 0 1 1 1 1 1 1 19 1 1 1 1 1 1 1 1 1 1 1 1 18 1 13 12 1 1 1 2 13 1 1 0
query41 4.77 35% 0 88888 1.00 1.00 4 3 STAR 551 40 1 1 1 1 1 1 1 1 1 1 1 1 121 1 1 1 227 1 1 1 1 1 1 103 1 1 74 1 1 1 0 1 1 1 1 1 1 1 1 1 1 1 1 3 1 1 1 5 1 1 1 1 1 1 4 1 1 2 1 1 1 0
query42 219.18 5% 0 330264 1.00 1.00 7 7 HYBRID 3481 3429 1 1 1 1 1 1 1 1 1 3255 1 1 1 1 1 1 1 1 1 1 1 1 1 145 1 1 1 1 54 1 0 1 1 1 1 1 1 1 1 1 2 1 1 1 1 1 1 1 1 1 1 1 1 1 3255 1 1 1 1 145 1 0
query43 7.51 64% 0 144736 1.00 1.00 4 3 PATH 3030 136 1 1 1 1 1 1 1 1 1 1 1 500 1 501 1 1 1 1 1 502 1 1 1 1 1 1 1501 1 1 1 0 1 1 1 1 1 1 1 1 1 1 1 36 1 36 1 1 1 1 1 36 1 1 1 1 1 1 2 1 1 1 0
query44 5.35 44% 0 107608 1.00 1.00 4 3 HYBRID 886 64 1 1 1 1 1 1 1 1 429 1 1 1 1 1 1 1 139 1 1 1 150 142 1 1 1 1 1 1 1 1 0 1 1 1 1 1 1 1 1 2 1 1 1 1 1 1 1 11 1 1 1 13 12 1 1 1 1 1 1 1 1 0
query45 4.76 27% 0 79340 1.00 1.00 4 3 HYBRID 92 38 15 1 1 1 1 1 1 1 1 1 1 1 1 36 1 1 1 1 1 1 1 1 1 1 14 1 1 1 1 1 0 5 1 1 1 1 1 1 1 1 1 1 1 1 2 1 1 1 1 1 1 1 1 1 1 4 1 1 1 1 1 0
query46 208.51 6% 0 348916 1.00 1.00 8 7 HYBRID 13833 3200 1 1 1 7 1 1 1 1 1 1 1 1 1 1 1 1 1 1 1 15 1 1 1 1 1 1 9 1 2401 11376 0 1 1 1 3 1 1 1 1 1 1 1 1 1 1 1 1 1 1 1 764 1 1 1 1 1 1 5 1 2 2401 0
query47 33.01 25% 0 355948 1.00 1.00 4 3 HYBRID 38030 1302 1 1 1 1 1 1 1 1 1 1 1 1 1 1 1 1 1 1 6334 1 1 1 1 19001 1 1 6335 1 6334 1 0 1 1 1 1 1 1 1 1 1 1 1 1 1 1 1 1 1 1 424 1 1 1 1 2 1 1 425 1 425 1 0
query48 4.78 49% 0 102900 1.00 1.00 2 2 STAR 2090 31 1 1 1 1 1 1 1 1 1 1 1 1 1 1 1 1 1 1 1 1 1 1 1 2061 1 1 1 1 1 1 0 1 1 1 1 1 1 1 1 1 1 1 1 1 1 1 1 1 1 1 1 1 1 1 2 1 1 1 1 1 1 0
query49 10.43 42% 0 189916 1.00 1.00 6 4 HYBRID 5430 301 1 1 1 499 1 1 1 1 1 1 1 495 1 488 502 1 1 1 1 520 1 1 1 1 1 1 502 1 2401 1 0 1 1 1 35 1 1 1 1 1 1 1 55 1 56 37 1 1 1 1 57 1 1 1 1 1 1 36 1 2 1 0
query50 1800.00 0% 0 1432 0.00 1.00 8 7 HYBRID 687539 28632 1 1 1 1 1 1 1 1 1 1 1 1 1 1 1 1 1 1 1 1 1 1 1 1 1 1 5 1 687051 456 0 1 1 1 1 1 1 1 1 1 1 1 1 1 1 1 1 1 1 1 1 1 1 1 1 1 1 28147 1 456 2 0
query51 5.23 38% 0 98532 1.00 1.00 3 2 STAR 901 64 1 1 1 1 1 1 1 1 429 1 174 1 1 1 1 1 1 1 1 1 1 1 1 1 158 114 1 1 1 1 0 1 1 1 1 1 1 1 1 2 1 11 1 1 1 1 1 1 1 1 1 1 1 1 1 12 13 1 1 1 1 0
query52 7.39 49% 0 131088 1.00 1.00 3 2 PATH 2132 136 1 1 1 1 1 1 1 1 1 186 1 1 1 210 1 1 1 1 1 1 1 1 1 1 1 1 1 1 1511 199 0 1 1 1 1 1 1 1 1 1 35 1 1 1 36 1 1 1 1 1 1 1 1 1 1 1 1 1 1 2 37 0
query53 5.00 37% 0 98580 1.00 1.00 6 4 STAR 249 54 1 1 1 4 1 1 1 1 1 1 4 1 1 5 1 4 1 5 1 1 1 1 3 1 1 1 201 1 1 1 0 1 1 1 6 1 1 1 1 1 1 2 1 1 8 1 2 1 7 1 1 1 1 4 1 1 1 2 1 1 1 0
query54 7.07 51% 0 150324 1.00 1.00 9 6 HYBRID 2379 180 1 102 1 1 1 1 1 258 271 275 110 1 1 1 1 157 1 1 1 1 1 1 1 1 169 115 1 1 901 1 0 1 20 1 1 1 1 1 23 22 23 20 1 1 1 1 13 1 1 1 1 1 1 1 1 15 21 1 1 2 1 0
query55 8.90 50% 0 103588 1.00 1.00 7 4 HYBRID 512 72 1 10 1 15 1 85 1 1 98 27 1 1 1 37 1 1 1 1 1 1 1 1 1 68 1 1 124 15 1 13 0 1 7 1 8 1 6 1 1 5 4 1 1 1 3 1 1 1 1 1 1 1 1 1 5 1 1 2 9 1 3 0
query56 6.10 51% 0 125732 1.00 1.00 4 3 STAR 2839 96 1 1 1 1 1 1 601 1 1 1 1 1 1 1 1 1 653 1 1 1 1 1 901 658 1 1 1 1 1 1 0 1 1 1 1 1 1 22 1 1 1 1 1 1 1 1 1 23 1 1 1 1 1 2 23 1 1 1 1 1 1 0
query57 4.55 27% 0 78652 1.00 1.00 4 3 HYBRID 66 35 1 1 1 1 1 1 1 1 1 1 6 1 1 1 1 1 1 1 1 1 1 1 1 1 9 14 11 1 1 1 0 1 1 1 1 1 1 1 1 1 1 2 1 1 1 1 1 1 1 1 1 1 1 1 1 3 2 2 1 1 1 0
query59 7.46 32% 0 111992 1.00 1.00 3 3 STAR 5100 31 1 1 1 1 1 1 1 1 1 1 1 1 1 1 1 1 5071 1 1 1 1 1 1 1 1 1 1 1 1 1 0 1 1 1 1 1 1 1 1 1 1 1 1 1 1 1 1 2 1 1 1 1 1 1 1 1 1 1 1 1 1 0
query60 5.59 44% 0 114036 1.00 1.00 5 3 HYBRID 906 97 1 1 1 1 1 1 1 1 429 1 1 1 7 1 7 1 139 1 1 1 150 142 1 1 1 1 1 9 1 1 0 1 1 1 1 1 1 1 1 2 1 1 1 11 1 13 1 11 1 1 1 13 12 1 1 1 1 1 12 1 1 0
query61 5.70 31% 0 76508 1.00 1.00 3 3 STAR 33 31 1 1 1 1 1 1 1 1 1 1 1 1 1 1 1 1 1 1 1 1 1 1 1 1 1 1 4 1 1 1 0 1 1 1 1 1 1 1 1 1 1 1 1 1 1 1 1 1 1 1 1 1 1 1 1 1 1 2 1 1 1 0
query62 4.80 29% 0 77776 1.00 1.00 2 2 STAR 160 31 1 1 1 1 1 1 1 1 1 1 1 1 1 1 1 1 1 1 1 1 1 1 1 1 1 1 131 1 1 1 0 1 1 1 1 1 1 1 1 1 1 1 1 1 1 1 1 1 1 1 1 1 1 1 1 1 1 2 1 1 1 0
query63 6.32 32% 0 78128 1.00 1.00 2 2 STAR 103 31 1 1 1 1 1 1 1 1 1 1 1 1 1 1 1 1 1 1 1 1 1 1 1 1 1 1 74 1 1 1 0 1 1 1 1 1 1 1 1 1 1 1 1 1 1 1 1 1 1 1 1 1 1 1 1 1 1 2 1 1 1 0
query64 91.33 9% 0 363072 1.00 1.00 8 7 HYBRID 19107 1364 1 2 1 1 1 1 1 1 1 1 1 1 1 1 1 1 1 1 19 1 1 1 1 19001 1 1 1 3 1 57 0 1 3 1 1 1 1 1 1 1 1 1 1 1 1 1 1 1 1 57 1 1 1 1 2 1 1 1 5 1 1272 0
query65 4.44 26% 0 78288 1.00 1.00 3 2 PATH 82 37 1 1 1 5 1 1 1 1 17 1 1 1 1 1 1 1 1 1 1 7 1 1 1 1 1 1 1 1 1 27 0 1 1 1 3 1 1 1 1 3 1 1 1 1 1 1 1 1 1 1 3 1 1 1 1 1 1 1 1 1 2 0
query66 38.79 11% 0 200800 1.00 1.00 8 7 HYBRID 888 583 1 1 1 1 1 1 1 14 1 1 1 1 1 1 23 1 10 1 287 1 1 1 1 1 529 1 1 1 1 1 0 1 1 1 1 1 1 1 9 1 1 1 1 1 1 9 1 9 1 529 1 1 1 1 1 2 1 1 1 1 1 0
query67 233.51 1130% 0 1133676 1.00 0.00 4 4 HYBRID 1551210 1940 1 1 1 1 1 1 1 1 1 1 1 1 1 1 1 1 1549272 1 1 1 1 1 1 1910 1 1 1 1 1 1 0 1 1 1 1 1 1 1 1 1 1 1 1 1 1 1 1 1910 1 1 1 1 1 1 2 1 1 1 1 1 1 0
query68 5.59 40% 0 105168 1.00 1.00 5 3 HYBRID 668 83 1 1 1 1 1 1 1 1 1 1 1 1 1 1 1 1 1 1 38 35 1 1 1 1 529 1 37 1 1 4 0 1 1 1 1 1 1 1 1 1 1 1 1 1 1 1 4 1 1 15 14 1 1 1 1 2 5 14 1 1 6 0
query69 95.50 7% 0 311956 1.00 1.00 7 7 HYBRID 1478 1473 1 1 1 1 1 1 1 1 1 1 1 1 1 1 1 1 1 1 1 1430 1 1 1 1 1 14 1 1 7 1 0 1 1 1 1 1 1 1 1 1 1 1 1 1 1 1 1 1 1 1 2 1 1 1 1 1 1430 1 1 14 1 0
query70 6.95 43% 0 134452 1.00 1.00 3 2 PATH 2132 136 1 1 1 1 1 1 1 1 1 186 1 1 1 210 1 1 1 1 1 1 1 1 1 1 1 1 1 1 1511 199 0 1 1 1 1 1 1 1 1 1 35 1 1 1 37 1 1 1 1 1 1 1 1 1 1 1 1 1 1 2 36 0
query71 10.53 38% 0 187936 1.00 1.00 5 3 HYBRID 5878 315 1 1 1 1 1 1 1 1 1 589 1 1 1 613 1 1 1 1 686 1 1 1 1 2061 1 1 695 1 682 529 0 1 1 1 1 1 1 1 1 1 49 1 1 1 48 1 1 1 1 48 1 1 1 1 2 1 1 49 1 48 48 0
query72 28.15 13% 0 168580 1.00 1.00 6 5 HYBRID 1309 418 1 1 1 1 1 1 1 1 1 1 1 1 249 1 1 1 242 1 1 1 1 1 1 200 1 1 369 1 1 224 0 1 1 1 1 1 1 1 1 1 1 1 1 7 1 1 1 7 1 1 1 1 1 1 8 1 1 2 1 1 369 0
query73 4.83 36% 0 98188 1.00 1.00 4 3 STAR 302 49 1 1 24 1 1 1 22 1 29 1 1 1 1 1 1 1 1 1 1 201 1 1 1 1 1 1 1 1 1 1 0 1 1 6 1 1 1 7 1 8 1 1 1 1 1 1 1 1 1 1 2 1 1 1 1 1 1 1 1 1 1 0
query74 1800.02 0% 0 1432 0.00 1.00 8 7 HYBRID 376495 26019 1 1 1 1 1 1 1 1 1 1 1 1 1 1 188 1 1 1 1 375001 1 1 1 1 1 1279 1 1 1 1 0 1 1 1 1 1 1 1 1 1 1 1 1 1 1 984 1 1 1 1 2 1 1 1 1 1 25006 1 1 1 1 0
query75 107.05 12% 0 310952 1.00 1.00 6 5 HYBRID 1900 1492 1 10 1 1 1 1 1 1 1 1 1 1 1 12 1 8 1 1 1 1430 1 1 1 1 1 1 1 1 1 415 0 1 11 1 1 1 1 1 1 1 1 1 1 1 12 1 12 1 1 1 2 1 1 1 1 1 1 1 1 1 1430 0
query76 6.45 50% 0 122204 1.00 1.00 3 2 STAR 1487 96 1 1 1 1 1 1 1 1 1 1 176 1 1 1 1 175 1 1 1 1 1 1 196 1 1 1 1 1 1 914 0 1 1 1 1 1 1 1 1 1 1 22 1 1 1 1 22 1 1 1 1 1 1 24 1 1 1 1 1 1 2 0
query77 7.03 53% 0 131284 1.00 1.00 4 3 HYBRID 2454 131 1 1 1 1 1 1 1 1 1 1 1 1 1 322 1 1 1 1 1 1430 1 1 1 1 1 1 345 1 331 1 0 1 1 1 1 1 1 1 1 1 1 1 1 1 35 1 1 1 1 1 2 1 1 1 1 1 1 34 1 34 1 0
query78 7.37 47% 0 131620 1.00 1.00 5 3 STAR 1612 143 1 1 1 1 1 1 1 1 1 1 12 1 16 1 17 14 1 1 1 1 1 1 7 1 1 1 1 12 1511 1 0 1 1 1 1 1 1 1 1 1 1 3 1 35 1 36 3 1 1 1 1 1 1 4 1 1 1 1 37 2 1 0
query80 5.72 53% 0 126212 1.00 1.00 4 3 HYBRID 4289 77 1 1 1 1 1 1 1 1 1 1288 1 1 1 1 1 1 1 1 1 1301 1 1 1 1 628 1 1 1046 1 1 0 1 1 1 1 1 1 1 1 1 17 1 1 1 1 1 1 1 1 1 16 1 1 1 1 2 1 1 16 1 1 0
query81 4.79 40% 0 91640 1.00 1.00 3 2 PATH 1342 39 1 1 1 1 1 1 1 1 1 1 472 1 1 463 1 1 1 1 1 1 1 1 51 1 1 1 1 1 330 1 0 1 1 1 1 1 1 1 1 1 1 3 1 1 4 1 1 1 1 1 1 1 1 2 1 1 1 1 1 4 1 0
query82 4.60 32% 0 78092 1.00 1.00 2 2 STAR 230 31 1 1 1 1 1 1 1 1 1 1 1 1 1 1 1 1 1 1 1 1 1 1 1 1 1 1 201 1 1 1 0 1 1 1 1 1 1 1 1 1 1 1 1 1 1 1 1 1 1 1 1 1 1 1 1 1 1 2 1 1 1 0
query83 5.10 45% 0 96232 1.00 1.00 3 2 PATH 840 45 1 1 1 1 1 1 1 1 1 1 178 1 1 1 1 1 1 1 1 1 1 1 1 1 265 227 1 1 144 1 0 1 1 1 1 1 1 1 1 1 1 5 1 1 1 1 1 1 1 1 1 1 1 1 1 5 7 1 1 2 1 0
query84 4.57 26% 0 78252 1.00 1.00 4 3 STAR 50 35 1 1 1 1 1 1 1 1 1 1 1 1 1 1 1 1 11 1 4 1 1 1 1 1 1 1 4 1 5 1 0 1 1 1 1 1 1 1 1 1 1 1 1 1 1 1 1 2 1 2 1 1 1 1 1 1 1 2 1 3 1 0
query85 5.20 38% 0 104204 1.00 1.00 4 3 STAR 469 57 1 1 42 1 1 1 46 1 40 1 315 1 1 1 1 1 1 1 1 1 1 1 1 1 1 1 1 1 1 1 0 1 1 9 1 1 1 9 1 11 1 2 1 1 1 1 1 1 1 1 1 1 1 1 1 1 1 1 1 1 1 0
query86 4.80 44% 0 99680 1.00 1.00 2 2 STAR 1459 31 1 1 1 1 1 1 1 1 1 1430 1 1 1 1 1 1 1 1 1 1 1 1 1 1 1 1 1 1 1 1 0 1 1 1 1 1 1 1 1 1 2 1 1 1 1 1 1 1 1 1 1 1 1 1 1 1 1 1 1 1 1 0
query87 6.68 59% 0 159892 1.00 1.00 16 4 HYBRID 797 266 1 7 1 1 22 2 14 1 1 86 1 1 1 1 1 1 20 10 1 35 21 1 116 1 25 1 421 1 1 1 0 1 12 12 11 12 11 11 1 11 10 1 11 1 11 1 12 11 12 1 22 21 1 30 1 11 11 13 1 1 1 0
query88 5.67 41% 0 113048 1.00 1.00 4 3 STAR 1300 78 1 1 1 1 1 1 1 1 1 636 1 1 1 1 1 1 1 214 214 1 210 1 1 1 1 1 1 1 1 1 0 1 1 1 1 1 1 1 1 1 2 1 1 1 1 1 1 1 16 16 1 18 1 1 1 1 1 1 1 1 1 0
query89 12.27 20% 0 112848 1.00 1.00 4 4 HYBRID 148 148 1 1 1 1 1 1 1 1 1 1 1 1 1 1 118 1 1 1 1 1 1 1 1 1 1 2 1 1 1 1 0 1 1 1 1 1 1 1 1 1 1 1 1 1 1 2 1 1 1 1 1 1 1 1 1 1 118 1 1 1 1 0
query90 13.19 20% 0 118488 1.00 1.00 4 4 HYBRID 257 161 1 1 1 1 1 98 1 1 1 1 1 1 1 1 1 1 1 1 1 1 1 1 1 1 1 1 131 1 1 1 0 1 1 1 1 1 131 1 1 1 1 1 1 1 1 1 1 1 1 1 1 1 1 1 1 1 1 2 1 1 1 0
query91 4.68 29% 0 78308 1.00 1.00 2 2 STAR 166 31 1 1 1 1 1 1 1 1 1 1 1 1 1 1 1 1 1 1 1 1 1 1 1 1 137 1 1 1 1 1 0 1 1 1 1 1 1 1 1 1 1 1 1 1 1 1 1 1 1 1 1 1 1 1 1 2 1 1 1 1 1 0
query92 4.98 34% 0 90164 1.00 1.00 3 2 STAR 157 44 1 1 1 2 1 1 1 1 1 1 1 1 1 1 1 1 1 4 1 1 1 1 1 1 1 1 124 1 1 1 0 1 1 1 5 1 1 1 1 1 1 1 1 1 5 1 1 1 6 1 1 1 1 1 1 1 1 2 1 1 1 0
query93 4.92 54% 0 115324 1.00 1.00 5 3 HYBRID 3459 57 1 1 1 1 1 1 1 1 1 40 990 1 1 1302 1 1 1 49 1 1 1 1 37 1 1 1 124 1 894 1 0 1 1 1 1 1 1 1 1 1 6 5 1 1 5 1 1 1 5 1 1 1 1 5 1 1 1 2 1 6 1 0
query94 8.08 49% 0 150360 1.00 1.00 3 2 STAR 4150 173 1 1 1 1 1 1 1 1 1 1 1 1 1 1 1 1 1 1 687 1 1 1 1 2061 1 1 694 1 682 1 0 1 1 1 1 1 1 1 1 1 1 1 1 1 1 1 1 1 1 49 1 1 1 1 2 1 1 48 1 48 1 0
query95 32.77 23% 0 354844 1.00 1.00 5 4 HYBRID 21236 1302 1 1 1 1 1 1 1 1 1 1 1 1 1 1 1 1 1 1 1 1 1 674 704 19001 1 1 1 831 1 1 0 1 1 1 1 1 1 1 1 1 1 1 1 1 1 1 1 1 1 1 1 1 425 424 2 1 1 1 425 1 1 0
query96 7.14 23% 0 92660 1.00 1.00 4 4 HYBRID 75 74 1 1 1 44 1 1 1 1 1 1 1 1 1 1 1 1 1 1 1 1 1 1 1 1 1 1 1 1 1 3 0 1 1 1 2 1 1 1 1 1 1 1 1 1 1 1 1 1 1 1 1 1 1 1 1 1 1 1 1 1 44 0
query97 5.26 37% 0 98516 1.00 1.00 5 3 STAR 386 59 1 1 1 1 1 1 1 1 1 15 1 1 1 45 1 1 1 1 1 251 1 11 14 1 1 1 1 9 1 18 0 1 1 1 1 1 1 1 1 1 3 1 1 1 3 1 1 1 1 1 2 1 7 8 1 1 1 1 9 1 4 0
query98 61.74 8% 0 264904 1.00 1.00 4 4 HYBRID 1830 931 1 1 1 1 1 1 1 1 1 1 1 1 1 1 1 1 1 1 1 1 1 1 1 901 1 1 1 1 901 1 0 1 1 1 1 1 1 1 1 1 1 1 1 1 1 1 1 1 1 1 1 1 1 1 2 1 1 1 1 901 1 0
query99 90.53 13% 0 329108 1.00 1.00 7 6 HYBRID 21472 1226 1 1 1 1 1 1 1 5695 5914 5914 1 1 1 1 1 1 1 1 1 1 241 1 1 3682 1 2 1 1 1 1 0 1 1 1 1 1 1 1 7 9 8 1 1 1 1 1 1 1 1 1 1 2 1 1 1174 1 2 1 1 1 1 0
query100 5.01 43% 0 109344 1.00 1.00 10 6 HYBRID 605 84 64 14 1 31 1 1 31 1 1 190 16 1 65 1 1 1 18 1 34 1 1 1 1 6 1 17 1 39 63 1 0 6 5 1 7 1 1 3 1 1 2 4 1 7 1 1 1 3 1 6 1 1 1 1 5 1 5 1 7 7 1 0
