query1 8.81 34% 0 124108 1.00 1.00 5 5 HYBRID 1001 107 1 1 1 1 1 1 1 1 1 1 1 1 1 1 1 7 1 1 1 1 1 1 1 1 328 634 1 1 6 1 0 1 1 1 1 1 1 1 1 1 1 1 1 1 1 1 27 1 1 1 1 1 1 1 1 48 2 1 1 4 1 0
query2 22.84 19% 0 188712 1.00 1.00 3 3 HYBRID 5877 315 1 1 1 1 1 1 1 1 1 1 1 1 1 1 1 1 1 1 1 1 1 1 1 2061 1 1 1 1 2060 1729 0 1 1 1 1 1 1 1 1 1 1 1 1 1 1 1 1 1 1 1 1 1 1 1 2 1 1 1 1 143 143 0
query3 9.22 30% 0 124844 1.00 1.00 3 3 HYBRID 1167 115 1 1 1 1 1 1 1 1 1 1 1 1 1 1 1 1 1 1 1 1 1 1 1 1 529 1 1 1 587 24 0 1 1 1 1 1 1 1 1 1 1 1 1 1 1 1 1 1 1 1 1 1 1 1 1 2 1 1 1 41 45 0
query4 88.30 9% 0 325276 1.00 1.00 5 5 HYBRID 25041 1305 1 1 1 1 1 1 1 1 1 1 1 1 1 1 1 1 1 1 1 12281 1 1 1 12281 1 1 452 1 1 1 0 1 1 1 1 1 1 1 1 1 1 1 1 1 1 1 1 1 1 1 824 1 1 1 452 1 1 2 1 1 1 0
query5 197.54 6% 0 385684 1.00 1.00 3 3 HYBRID 44232 2955 1 1 1 1 1 1 1 1 1 1 1 1 1 1 1 1 43785 1 1 1 1 1 1 1 1 1 1 1 1 419 0 1 1 1 1 1 1 1 1 1 1 1 1 1 1 1 1 2 1 1 1 1 1 1 1 1 1 1 1 1 2925 0
query6 4.98 26% 0 79360 1.00 1.00 5 5 HYBRID 67 42 1 1 1 1 1 1 1 1 24 1 1 1 1 1 1 1 1 1 1 1 1 1 1 1 1 10 1 1 6 1 0 1 1 1 1 1 1 1 1 6 1 1 1 1 1 1 1 1 1 1 1 1 1 1 1 1 7 1 1 2 1 0
query7 7.02 34% 0 109012 1.00 1.00 3 3 STAR 940 66 1 1 1 1 1 1 1 1 1 1 1 1 1 1 456 1 1 1 1 1 1 1 1 1 1 1 1 1 456 1 0 1 1 1 1 1 1 1 1 1 1 1 1 1 1 2 1 1 1 1 1 1 1 1 1 1 1 1 1 36 1 0
query8 11.89 28% 0 129024 1.00 1.00 3 3 HYBRID 1985 136 1 1 1 1 1 1 1 1 1 1 1 1 1 1 1 1 1 1 1 1 1 1 1 1 1 1 1501 1 1 456 0 1 1 1 1 1 1 1 1 1 1 1 1 1 1 1 1 1 1 1 1 1 1 1 1 1 1 2 1 1 106 0
query9 9.32 33% 0 129628 1.00 1.00 6 6 HYBRID 1815 145 1 1 1 1 1 1 1 1 1 802 1 1 1 1 1 1 1 1 1 1 1 1 1 341 161 325 1 161 1 1 0 1 1 1 1 1 1 1 1 1 2 1 1 1 1 1 1 1 1 1 1 1 1 1 16 16 59 1 27 1 1 0
query10 9.58 22% 0 101028 1.00 1.00 5 5 HYBRID 167 111 1 1 1 1 1 1 1 1 1 1 1 1 1 1 1 1 1 1 1 1 1 1 1 75 1 1 25 1 40 1 0 1 1 1 1 1 1 1 1 1 1 1 1 1 1 1 1 1 1 1 1 1 1 1 7 1 1 2 1 75 1 0
query11 7.30 32% 0 104668 1.00 1.00 2 2 STAR 1144 71 1 1 1 1 1 1 1 1 1 1 1 1 1 1 1 1 1 1 1 1 1 1 1 1 529 1 1 1 587 1 0 1 1 1 1 1 1 1 1 1 1 1 1 1 1 1 1 1 1 1 1 1 1 1 1 2 1 1 1 41 1 0
query12 8.20 23% 0 98868 1.00 1.00 5 5 HYBRID 122 89 1 1 1 1 1 1 1 1 1 21 1 1 1 53 1 1 1 1 1 1 1 1 1 1 1 21 1 1 1 1 0 1 1 1 1 1 1 1 1 1 53 1 1 1 2 1 1 1 1 1 1 1 1 1 1 1 7 1 1 1 1 0
query13 14.08 24% 0 143676 1.00 1.00 2 2 STAR 4150 173 1 1 1 1 1 1 1 1 1 1 1 1 1 1 1 1 1 1 1 1 1 1 1 2061 1 1 1 1 2061 1 0 1 1 1 1 1 1 1 1 1 1 1 1 1 1 1 1 1 1 1 1 1 1 1 2 1 1 1 1 143 1 0
query14 32.94 17% 0 249884 1.00 1.00 7 7 HYBRID 8478 574 1 1 1 1 1 1 1 1 1 1 1 1 1 1 1 1 1 1 1 1729 1 1 1 2061 1 665 1 210 2060 1729 0 1 1 1 1 1 1 1 1 1 1 1 1 1 1 1 1 1 1 1 121 1 1 1 2 1 20 1 121 143 143 0
query15 8.11 31% 0 113472 1.00 1.00 2 2 STAR 1745 82 1 1 1 1 1 1 1 1 1 1 1 1 1 1 1 1 1 1 1 1017 1 1 1 1 1 700 1 1 1 1 0 1 1 1 1 1 1 1 1 1 1 1 1 1 1 1 1 1 1 1 52 1 1 1 1 1 2 1 1 1 1 0
query16 8.66 42% 0 280776 1.00 1.00 3 3 STAR 33224 31 1 1 1 1 1 1 1 1 1 1 1 1 1 1 1 1 33195 1 1 1 1 1 1 1 1 1 1 1 1 1 0 1 1 1 1 1 1 1 1 1 1 1 1 1 1 1 1 2 1 1 1 1 1 1 1 1 1 1 1 1 1 0
query17 7.92 32% 0 121824 1.00 1.00 5 5 STAR 1095 112 1 1 1 1 1 1 1 1 429 1 1 1 1 1 1 1 95 1 1 1 1 1 64 1 1 1 1 1 481 1 0 1 1 1 1 1 1 1 1 2 1 1 1 1 1 1 1 38 1 1 1 1 1 12 1 1 1 1 1 34 1 0
query18 5.82 29% 0 95868 1.00 1.00 2 2 PATH 272 52 1 1 1 1 1 1 1 1 1 1 1 1 1 1 1 1 1 1 1 1 1 241 1 1 1 1 1 1 1 3 0 1 1 1 1 1 1 1 1 1 1 1 1 1 1 1 1 1 1 1 1 1 2 1 1 1 1 1 1 1 22 0
query19 4.77 26% 0 79132 1.00 1.00 4 4 STAR 55 39 1 1 1 1 1 1 1 1 1 1 1 1 1 1 1 1 1 1 6 11 1 1 1 1 1 1 11 1 1 1 0 1 1 1 1 1 1 1 1 1 1 1 1 1 1 1 1 1 1 5 5 1 1 1 1 1 1 2 1 1 1 0
query20 169.99 7% 0 378924 1.00 1.00 6 6 HYBRID 39570 2573 1 1 1 1 1 1 1 1 1 1 1 1 1 1 1 1 1 1 1 1 1 1 1 19001 1 1 1 1542 19000 1 0 1 1 1 1 1 1 1 1 1 1 1 1 1 1 1 1 1 1 1 1 1 1 1 2 1 1 1 1272 1272 1 0
query21 5.26 27% 0 85284 1.00 1.00 2 2 STAR 227 44 1 1 1 1 1 1 1 1 1 1 1 1 1 1 1 1 1 1 1 75 1 1 1 1 1 1 124 1 1 1 0 1 1 1 1 1 1 1 1 1 1 1 1 1 1 1 1 1 1 1 14 1 1 1 1 1 1 2 1 1 1 0
query22 4.54 33% 0 83560 1.00 1.00 2 2 PATH 474 31 1 1 1 1 1 1 1 1 445 1 1 1 1 1 1 1 1 1 1 1 1 1 1 1 1 1 1 1 1 1 0 1 1 1 1 1 1 1 1 2 1 1 1 1 1 1 1 1 1 1 1 1 1 1 1 1 1 1 1 1 1 0
query23 5.36 28% 0 84596 1.00 1.00 2 2 STAR 226 44 1 1 1 1 1 1 1 1 1 1 1 1 1 1 1 1 1 1 1 1 1 1 1 1 1 74 124 1 1 1 0 1 1 1 1 1 1 1 1 1 1 1 1 1 1 1 1 1 1 1 1 1 1 1 1 1 14 2 1 1 1 0
query24 129.51 13% 0 321088 1.00 1.00 7 7 HYBRID 2997 1831 1 1 1 1 1 1 1 1 1 1 1 1 1 1 1 1 1 1 1 1168 1 1 1 901 1 1 1 1 901 1 0 1 1 1 1 1 1 1 1 1 1 1 1 1 1 1 1 1 1 1 901 1 1 1 2 1 1 1 1 901 1 0
query25 4.76 44% 0 100264 1.00 1.00 2 2 PATH 1459 31 1 1 1 1 1 1 1 1 1 1 1 1 1 1 1 1 1 1 1 1430 1 1 1 1 1 1 1 1 1 1 0 1 1 1 1 1 1 1 1 1 1 1 1 1 1 1 1 1 1 1 2 1 1 1 1 1 1 1 1 1 1 0
query26 32.77 21% 0 184208 1.00 1.00 5 5 HYBRID 894 478 1 1 1 1 1 1 1 1 1 1 1 1 1 21 1 1 1 1 1 1 1 1 1 1 1 1 1 415 1 431 0 1 1 1 1 1 1 1 1 1 1 1 1 1 415 1 1 1 1 1 1 1 1 1 1 1 1 1 34 1 2 0
query27 9.22 42% 0 131308 1.00 1.00 4 4 HYBRID 5736 111 1 1 1 1 1 1 1 1 1 1 1 1 1 1 1 1 1 1 1 1 1 1 1 929 1 4636 1 1 144 1 0 1 1 1 1 1 1 1 1 1 1 1 1 1 1 1 1 1 1 1 1 1 1 1 15 1 67 1 1 2 1 0
query28 4.48 25% 0 77832 1.00 1.00 3 3 STAR 41 35 1 1 1 1 1 1 1 1 1 1 1 1 1 1 1 1 1 1 1 1 1 1 1 1 1 1 11 2 1 1 0 1 1 1 1 1 1 1 1 1 1 1 1 1 1 1 1 1 1 1 1 1 1 1 1 1 1 2 5 1 1 0
query29 17.68 21% 0 165756 1.00 1.00 5 5 HYBRID 3695 246 1 1 1 1 1 1 1 1 1 1 1 1 1 1 1 1 1 1 1 1 1 1 1 1 1 1 452 2635 1 581 0 1 1 1 1 1 1 1 1 1 1 1 1 1 1 1 1 1 1 1 1 1 1 1 1 1 1 2 36 1 181 0
query30 32.12 12% 0 167324 1.00 1.00 4 4 STAR 551 452 1 1 1 1 1 1 1 1 1 1 1 1 1 1 1 1 1 1 1 1 1 1 422 1 1 1 101 1 1 1 0 1 1 1 1 1 1 1 1 1 1 1 1 1 1 1 1 1 1 1 1 1 1 2 1 1 1 422 1 1 1 0
query32 11.64 28% 0 133232 1.00 1.00 2 2 PATH 3029 136 1 1 1 1 1 1 1 1 1 1 1 1 1 1 1 1 1 1 1 1501 1 1 1 1 1 1 1500 1 1 1 0 1 1 1 1 1 1 1 1 1 1 1 1 1 1 1 1 1 1 1 2 1 1 1 1 1 1 106 1 1 1 0
query33 7.59 35% 0 114136 1.00 1.00 2 2 PATH 4011 75 1 1 1 1 1 1 1 1 1 1 1 1 1 1 1 1 1 1 1 1 1 1 1 1 1 1 3390 1 1 593 0 1 1 1 1 1 1 1 1 1 1 1 1 1 1 1 1 1 1 1 1 1 1 1 1 1 1 45 1 1 2 0
query34 4.96 29% 0 82180 1.00 1.00 7 2 STAR 81 43 1 1 1 1 1 1 1 1 1 1 1 5 1 1 1 1 1 4 1 1 11 1 9 1 1 2 10 1 1 17 0 1 1 1 1 1 1 1 1 1 1 1 2 1 1 1 1 1 2 1 1 2 1 2 1 1 2 2 1 1 8 0
query35 4.88 27% 0 81988 1.00 1.00 3 3 STAR 92 38 1 1 1 1 1 1 1 1 1 1 1 1 1 39 1 1 1 1 1 1 1 1 25 1 1 1 1 1 1 1 0 1 1 1 1 1 1 1 1 1 1 1 1 1 2 1 1 1 1 1 1 1 1 8 1 1 1 1 1 1 1 0
query36 14.18 26% 0 145732 1.00 1.00 2 2 PATH 3818 173 1 1 1 1 1 1 1 1 1 1 1 1 1 1 1 1 1 1 1 1 1 1 1 2061 1 1 1 1 1 1729 0 1 1 1 1 1 1 1 1 1 1 1 1 1 1 1 1 1 1 1 1 1 1 1 2 1 1 1 1 1 143 0
query37 5.22 31% 0 90832 1.00 1.00 5 5 HYBRID 166 48 1 1 1 1 1 1 1 1 1 1 1 1 1 1 1 1 1 1 27 1 1 1 1 1 1 75 13 1 1 25 0 1 1 1 1 1 1 1 1 1 1 1 1 1 1 1 1 1 1 2 1 1 1 1 1 1 7 7 1 1 6 0
query38 17.62 19% 0 143244 1.00 1.00 6 6 HYBRID 992 276 1 1 1 1 1 1 1 1 1 199 1 1 1 1 1 1 1 1 1 1 1 1 1 444 1 1 124 1 199 1 0 1 1 1 1 1 1 1 1 1 199 1 1 1 1 1 1 1 1 1 1 1 1 1 14 1 1 2 1 35 1 0
query40 8.13 33% 0 116588 1.00 1.00 4 4 HYBRID 936 101 1 1 1 1 1 1 1 1 1 1 1 1 1 1 1 1 1 1 1 452 1 1 1 1 1 1 452 5 1 1 0 1 1 1 1 1 1 1 1 1 1 1 1 1 1 1 1 1 1 1 36 1 1 1 1 1 1 2 36 1 1 0
query41 5.16 33% 0 88464 1.00 1.00 3 3 STAR 537 40 1 1 1 1 1 1 1 1 1 1 1 1 1 1 1 1 1 1 1 1 1 1 1 435 1 1 74 1 1 1 0 1 1 1 1 1 1 1 1 1 1 1 1 1 1 1 1 1 1 1 1 1 1 1 10 1 1 2 1 1 1 0
query42 219.57 5% 0 330640 1.00 1.00 7 7 HYBRID 3481 3429 1 1 1 1 1 1 1 1 1 3255 1 1 1 1 1 1 1 1 1 1 1 1 1 145 1 1 1 1 54 1 0 1 1 1 1 1 1 1 1 1 2 1 1 1 1 1 1 1 1 1 1 1 1 1 3255 1 1 1 1 145 1 0
query43 11.71 29% 0 138332 1.00 1.00 3 3 PATH 3029 136 1 1 1 1 1 1 1 1 1 1 1 1 1 1 1 1 1 1 1 1500 1 1 1 1 1 1 1501 1 1 1 0 1 1 1 1 1 1 1 1 1 1 1 1 1 1 1 1 1 1 1 106 1 1 1 1 1 1 2 1 1 1 0
query44 6.75 35% 0 112668 1.00 1.00 3 3 HYBRID 885 64 1 1 1 1 1 1 1 1 429 1 1 1 1 1 1 1 1 1 1 1 1 428 1 1 1 1 1 1 1 1 0 1 1 1 1 1 1 1 1 2 1 1 1 1 1 1 1 1 1 1 1 1 34 1 1 1 1 1 1 1 1 0
query45 5.47 32% 0 80220 1.00 1.00 3 3 HYBRID 92 38 1 1 1 1 1 1 1 1 1 1 1 1 1 36 1 1 1 1 1 1 1 1 1 1 28 1 1 1 1 1 0 1 1 1 1 1 1 1 1 1 1 1 1 1 2 1 1 1 1 1 1 1 1 1 1 8 1 1 1 1 1 0
query46 206.16 5% 0 347720 1.00 1.00 7 7 HYBRID 13833 3200 1 1 1 1 1 1 1 1 1 1 1 1 1 1 1 1 1 1 1 15 1 1 1 1 1 1 15 1 2401 11376 0 1 1 1 1 1 1 1 1 1 1 1 1 1 1 1 1 1 1 1 764 1 1 1 1 1 1 7 1 2 2401 0
query47 88.02 10% 0 356916 1.00 1.00 3 3 HYBRID 38030 1302 1 1 1 1 1 1 1 1 1 1 1 1 1 1 1 1 1 1 1 1 1 1 1 19001 1 1 1 1 19001 1 0 1 1 1 1 1 1 1 1 1 1 1 1 1 1 1 1 1 1 1 1 1 1 1 2 1 1 1 1 1272 1 0
query48 4.90 48% 0 101440 1.00 1.00 2 2 STAR 2090 31 1 1 1 1 1 1 1 1 1 1 1 1 1 1 1 1 1 1 1 1 1 1 1 2061 1 1 1 1 1 1 0 1 1 1 1 1 1 1 1 1 1 1 1 1 1 1 1 1 1 1 1 1 1 1 2 1 1 1 1 1 1 0
query49 26.67 28% 0 193564 1.00 1.00 4 4 HYBRID 5429 301 1 1 1 1 1 1 1 1 1 1 1 1 1 1 1 1 1 1 1 1500 1 1 1 1 1 1 1501 1 2401 1 0 1 1 1 1 1 1 1 1 1 1 1 1 1 1 1 1 1 1 1 166 1 1 1 1 1 1 106 1 2 1 0
query50 1800.00 0% 0 1428 0.00 1.00 7 7 HYBRID 687539 28800 1 1 1 1 1 1 1 1 1 1 1 1 1 1 1 1 1 1 1 1 1 1 1 1 1 1 5 1 687051 456 0 1 1 1 1 1 1 1 1 1 1 1 1 1 1 1 1 1 1 1 1 1 1 1 1 1 1 28315 1 456 2 0
query51 6.73 30% 0 102688 1.00 1.00 2 2 STAR 901 64 1 1 1 1 1 1 1 1 429 1 1 1 1 1 1 1 1 1 1 1 1 1 1 1 1 444 1 1 1 1 0 1 1 1 1 1 1 1 1 2 1 1 1 1 1 1 1 1 1 1 1 1 1 1 1 1 34 1 1 1 1 0
query52 11.82 28% 0 133980 1.00 1.00 2 2 PATH 2132 136 1 1 1 1 1 1 1 1 1 1 1 1 1 1 1 1 1 1 1 1 1 1 1 1 1 1 1 1 1511 593 0 1 1 1 1 1 1 1 1 1 1 1 1 1 1 1 1 1 1 1 1 1 1 1 1 1 1 1 1 2 106 0
query53 5.77 32% 0 99960 1.00 1.00 4 4 STAR 248 54 1 1 1 1 1 1 1 1 1 1 1 1 1 1 1 1 1 12 1 1 1 1 8 1 1 1 201 1 1 1 0 1 1 1 1 1 1 1 1 1 1 1 1 1 1 1 1 1 19 1 1 1 1 6 1 1 1 2 1 1 1 0
query54 11.62 31% 0 144608 1.00 1.00 6 6 HYBRID 2379 180 1 1 1 1 1 1 1 1 1 802 1 1 1 1 1 1 1 1 1 1 1 1 1 1 325 325 1 1 901 1 0 1 1 1 1 1 1 1 1 1 66 1 1 1 1 1 1 1 1 1 1 1 1 1 1 27 59 1 1 2 1 0
query55 6.07 33% 0 107104 1.00 1.00 4 4 HYBRID 510 72 1 1 1 1 1 1 1 1 1 1 1 1 1 1 1 1 1 1 1 1 1 1 1 249 1 1 124 38 1 73 0 1 1 1 1 1 1 1 1 1 1 1 1 1 1 1 1 1 1 1 1 1 1 1 14 1 1 2 22 1 8 0
query56 8.72 32% 0 125944 1.00 1.00 3 3 STAR 2839 96 1 1 1 1 1 1 1 1 1 1 1 1 1 1 1 1 1 1 1 1 1 1 901 1910 1 1 1 1 1 1 0 1 1 1 1 1 1 1 1 1 1 1 1 1 1 1 1 1 1 1 1 1 1 2 66 1 1 1 1 1 1 0
query57 4.66 26% 0 78120 1.00 1.00 3 3 HYBRID 66 35 1 1 1 1 1 1 1 1 1 1 1 1 1 1 1 1 1 1 1 1 1 1 1 1 1 27 11 1 1 1 0 1 1 1 1 1 1 1 1 1 1 1 1 1 1 1 1 1 1 1 1 1 1 1 1 1 5 2 1 1 1 0
query59 7.75 33% 0 115040 1.00 1.00 3 3 STAR 5100 31 1 1 1 1 1 1 1 1 1 1 1 1 1 1 1 1 5071 1 1 1 1 1 1 1 1 1 1 1 1 1 0 1 1 1 1 1 1 1 1 1 1 1 1 1 1 1 1 2 1 1 1 1 1 1 1 1 1 1 1 1 1 0
query60 7.60 32% 0 117880 1.00 1.00 3 3 HYBRID 905 97 1 1 1 1 1 1 1 1 429 1 1 1 1 1 1 1 1 1 1 1 1 428 1 1 1 1 1 21 1 1 0 1 1 1 1 1 1 1 1 2 1 1 1 1 1 1 1 1 1 1 1 1 34 1 1 1 1 1 34 1 1 0
query61 5.57 30% 0 76460 1.00 1.00 3 3 STAR 33 31 1 1 1 1 1 1 1 1 1 1 1 1 1 1 1 1 1 1 1 1 1 1 1 1 1 1 4 1 1 1 0 1 1 1 1 1 1 1 1 1 1 1 1 1 1 1 1 1 1 1 1 1 1 1 1 1 1 2 1 1 1 0
query62 4.59 29% 0 77376 1.00 1.00 2 2 STAR 160 31 1 1 1 1 1 1 1 1 1 1 1 1 1 1 1 1 1 1 1 1 1 1 1 1 1 1 131 1 1 1 0 1 1 1 1 1 1 1 1 1 1 1 1 1 1 1 1 1 1 1 1 1 1 1 1 1 1 2 1 1 1 0
query63 4.57 27% 0 77704 1.00 1.00 2 2 STAR 103 31 1 1 1 1 1 1 1 1 1 1 1 1 1 1 1 1 1 1 1 1 1 1 1 1 1 1 74 1 1 1 0 1 1 1 1 1 1 1 1 1 1 1 1 1 1 1 1 1 1 1 1 1 1 1 1 1 1 2 1 1 1 0
query64 91.48 9% 0 365364 1.00 1.00 7 7 HYBRID 19107 1364 1 1 1 1 1 1 1 1 1 1 1 1 1 1 1 1 1 1 19 1 1 1 1 19001 1 1 1 4 1 57 0 1 1 1 1 1 1 1 1 1 1 1 1 1 1 1 1 1 1 57 1 1 1 1 2 1 1 1 7 1 1272 0
query65 4.63 24% 0 78316 1.00 1.00 2 2 PATH 82 37 1 1 1 1 1 1 1 1 1 1 1 1 1 1 1 1 1 1 1 27 1 1 1 1 1 1 1 1 1 27 0 1 1 1 1 1 1 1 1 1 1 1 1 1 1 1 1 1 1 1 7 1 1 1 1 1 1 1 1 1 2 0
query66 38.39 11% 0 200172 1.00 1.00 7 7 HYBRID 887 583 1 1 1 1 1 1 1 1 1 1 1 1 1 1 1 1 44 1 287 1 1 1 1 1 529 1 1 1 1 1 0 1 1 1 1 1 1 1 1 1 1 1 1 1 1 1 1 25 1 529 1 1 1 1 1 2 1 1 1 1 1 0
query67 195.80 983% 0 1144464 1.00 0.00 4 4 HYBRID 1551210 1940 1 1 1 1 1 1 1 1 1 1 1 1 1 1 1 1 1549272 1 1 1 1 1 1 1910 1 1 1 1 1 1 0 1 1 1 1 1 1 1 1 1 1 1 1 1 1 1 1 1910 1 1 1 1 1 1 2 1 1 1 1 1 1 0
query68 7.16 28% 0 111764 1.00 1.00 3 3 HYBRID 668 83 1 1 1 1 1 1 1 1 1 1 1 1 1 1 1 1 1 1 1 1 1 1 1 1 529 1 108 1 1 4 0 1 1 1 1 1 1 1 1 1 1 1 1 1 1 1 1 1 1 1 1 1 1 1 1 2 1 41 1 1 13 0
query69 95.35 7% 0 317528 1.00 1.00 7 7 HYBRID 1478 1473 1 1 1 1 1 1 1 1 1 1 1 1 1 1 1 1 1 1 1 1430 1 1 1 1 1 14 1 1 7 1 0 1 1 1 1 1 1 1 1 1 1 1 1 1 1 1 1 1 1 1 2 1 1 1 1 1 1430 1 1 14 1 0
query70 11.30 25% 0 128704 1.00 1.00 2 2 PATH 2132 136 1 1 1 1 1 1 1 1 1 1 1 1 1 1 1 1 1 1 1 1 1 1 1 1 1 1 1 1 1511 593 0 1 1 1 1 1 1 1 1 1 1 1 1 1 1 1 1 1 1 1 1 1 1 1 1 1 1 1 1 2 106 0
query71 21.96 17% 0 185668 1.00 1.00 3 3 HYBRID 5878 315 1 1 1 1 1 1 1 1 1 1 1 1 1 1 1 1 1 1 1 1 1 1 1 2061 1 1 1 1 2061 1729 0 1 1 1 1 1 1 1 1 1 1 1 1 1 1 1 1 1 1 1 1 1 1 1 2 1 1 1 1 143 143 0
query72 28.51 13% 0 171808 1.00 1.00 5 5 HYBRID 1306 418 1 1 1 1 1 1 1 1 1 1 1 1 1 1 1 1 1 1 1 1 1 1 1 686 1 1 369 1 1 224 0 1 1 1 1 1 1 1 1 1 1 1 1 1 1 1 1 1 1 1 1 1 1 1 20 1 1 2 1 1 369 0
query73 9.11 40% 0 99360 1.00 1.00 3 3 STAR 302 49 1 1 1 1 1 1 1 1 73 1 1 1 1 1 1 1 1 1 1 201 1 1 1 1 1 1 1 1 1 1 0 1 1 1 1 1 1 1 1 19 1 1 1 1 1 1 1 1 1 1 2 1 1 1 1 1 1 1 1 1 1 0
query74 1731.64 7% 0 1139544 1.00 1.00 7 7 HYBRID 376799 26335 1 1 1 1 1 1 1 1 1 1 1 1 1 1 247 1 1 1 1 375001 1 1 1 1 1 1279 1 1 246 1 0 1 1 1 1 1 1 1 1 1 1 1 1 1 1 1279 1 1 1 1 2 1 1 1 1 1 25006 1 1 22 1 0
query75 107.37 12% 0 316148 1.00 1.00 5 5 HYBRID 1900 1492 1 1 1 1 1 1 1 1 1 1 1 1 1 1 1 28 1 1 1 1430 1 1 1 1 1 1 1 1 1 415 0 1 1 1 1 1 1 1 1 1 1 1 1 1 1 1 33 1 1 1 2 1 1 1 1 1 1 1 1 1 1430 0
query76 10.52 37% 0 122724 1.00 1.00 2 2 STAR 1487 96 1 1 1 1 1 1 1 1 1 1 1 1 1 1 1 1 1 1 1 1 1 1 545 1 1 1 1 1 1 914 0 1 1 1 1 1 1 1 1 1 1 1 1 1 1 1 1 1 1 1 1 1 1 66 1 1 1 1 1 1 2 0
query77 11.79 31% 0 129696 1.00 1.00 3 3 HYBRID 2454 131 1 1 1 1 1 1 1 1 1 1 1 1 1 1 1 1 1 1 1 1430 1 1 1 1 1 1 1 1 996 1 0 1 1 1 1 1 1 1 1 1 1 1 1 1 1 1 1 1 1 1 2 1 1 1 1 1 1 1 1 101 1 0
query78 11.78 26% 0 133292 1.00 1.00 3 3 STAR 1612 143 1 1 1 1 1 1 1 1 1 1 1 1 1 1 1 1 1 1 1 1 1 1 31 1 1 1 1 43 1511 1 0 1 1 1 1 1 1 1 1 1 1 1 1 1 1 1 1 1 1 1 1 1 1 8 1 1 1 1 106 2 1 0
query80 7.97 40% 0 125456 1.00 1.00 3 3 HYBRID 4289 77 1 1 1 1 1 1 1 1 1 1 1 1 1 1 1 1 1 1 1 1 1 1 1 1 628 1 1 3633 1 1 0 1 1 1 1 1 1 1 1 1 1 1 1 1 1 1 1 1 1 1 1 1 1 1 1 2 1 1 47 1 1 0
query81 5.07 37% 0 93748 1.00 1.00 2 2 PATH 1316 39 1 1 1 1 1 1 1 1 1 1 1 1 1 1 1 1 1 1 1 1 1 1 51 1 1 1 1 1 1237 1 0 1 1 1 1 1 1 1 1 1 1 1 1 1 1 1 1 1 1 1 1 1 1 2 1 1 1 1 1 9 1 0
query82 4.57 30% 0 77868 1.00 1.00 2 2 STAR 230 31 1 1 1 1 1 1 1 1 1 1 1 1 1 1 1 1 1 1 1 1 1 1 1 1 1 1 201 1 1 1 0 1 1 1 1 1 1 1 1 1 1 1 1 1 1 1 1 1 1 1 1 1 1 1 1 1 1 2 1 1 1 0
query83 5.58 38% 0 97992 1.00 1.00 2 2 PATH 834 45 1 1 1 1 1 1 1 1 1 1 1 1 1 1 1 1 1 1 1 1 1 1 1 1 1 662 1 1 144 1 0 1 1 1 1 1 1 1 1 1 1 1 1 1 1 1 1 1 1 1 1 1 1 1 1 1 15 1 1 2 1 0
query84 4.84 28% 0 78076 1.00 1.00 3 3 STAR 49 35 1 1 1 1 1 1 1 1 1 1 1 1 1 1 1 1 11 1 1 1 1 1 1 1 1 1 1 1 10 1 0 1 1 1 1 1 1 1 1 1 1 1 1 1 1 1 1 2 1 1 1 1 1 1 1 1 1 1 1 5 1 0
query85 6.33 31% 0 100712 1.00 1.00 3 3 STAR 469 57 1 1 1 1 1 1 1 1 126 1 315 1 1 1 1 1 1 1 1 1 1 1 1 1 1 1 1 1 1 1 0 1 1 1 1 1 1 1 1 27 1 2 1 1 1 1 1 1 1 1 1 1 1 1 1 1 1 1 1 1 1 0
query86 4.63 42% 0 100504 1.00 1.00 2 2 STAR 1459 31 1 1 1 1 1 1 1 1 1 1430 1 1 1 1 1 1 1 1 1 1 1 1 1 1 1 1 1 1 1 1 0 1 1 1 1 1 1 1 1 1 2 1 1 1 1 1 1 1 1 1 1 1 1 1 1 1 1 1 1 1 1 0
query87 7.85 44% 0 148928 1.00 1.00 9 4 HYBRID 808 237 1 1 1 1 1 1 1 1 1 1 1 7 1 1 1 1 1 42 1 1 51 1 228 1 1 1 455 1 1 1 0 1 1 1 1 1 1 1 1 1 1 1 32 1 1 1 1 1 32 1 1 32 1 50 1 1 33 34 1 1 1 0
query88 7.78 31% 0 112620 1.00 1.00 3 3 STAR 1300 78 1 1 1 1 1 1 1 1 1 636 1 1 1 1 1 1 1 1 1 1 636 1 1 1 1 1 1 1 1 1 0 1 1 1 1 1 1 1 1 1 2 1 1 1 1 1 1 1 1 1 1 48 1 1 1 1 1 1 1 1 1 0
query89 12.31 21% 0 110960 1.00 1.00 4 4 HYBRID 148 148 1 1 1 1 1 1 1 1 1 1 1 1 1 1 118 1 1 1 1 1 1 1 1 1 1 2 1 1 1 1 0 1 1 1 1 1 1 1 1 1 1 1 1 1 1 2 1 1 1 1 1 1 1 1 1 1 118 1 1 1 1 0
query90 13.25 21% 0 115108 1.00 1.00 4 4 HYBRID 257 161 1 1 1 1 1 98 1 1 1 1 1 1 1 1 1 1 1 1 1 1 1 1 1 1 1 1 131 1 1 1 0 1 1 1 1 1 131 1 1 1 1 1 1 1 1 1 1 1 1 1 1 1 1 1 1 1 1 2 1 1 1 0
query91 4.59 28% 0 78548 1.00 1.00 2 2 STAR 166 31 1 1 1 1 1 1 1 1 1 1 1 1 1 1 1 1 1 1 1 1 1 1 1 1 137 1 1 1 1 1 0 1 1 1 1 1 1 1 1 1 1 1 1 1 1 1 1 1 1 1 1 1 1 1 1 2 1 1 1 1 1 0
query92 5.39 27% 0 83248 1.00 1.00 2 2 STAR 157 44 1 1 1 1 1 1 1 1 1 1 1 1 1 1 1 1 1 5 1 1 1 1 1 1 1 1 124 1 1 1 0 1 1 1 1 1 1 1 1 1 1 1 1 1 1 1 1 1 14 1 1 1 1 1 1 1 1 2 1 1 1 0
query93 5.52 46% 0 110672 1.00 1.00 3 3 HYBRID 3434 57 1 1 1 1 1 1 1 1 1 1 1 1 1 1 1 1 1 1 1 1 1 1 124 1 1 1 124 1 3159 1 0 1 1 1 1 1 1 1 1 1 1 1 1 1 1 1 1 1 1 1 1 1 1 14 1 1 1 2 1 14 1 0
query94 14.35 28% 0 148944 1.00 1.00 2 2 STAR 4149 173 1 1 1 1 1 1 1 1 1 1 1 1 1 1 1 1 1 1 1 1 1 1 1 2061 1 1 1 1 2060 1 0 1 1 1 1 1 1 1 1 1 1 1 1 1 1 1 1 1 1 1 1 1 1 1 2 1 1 1 1 143 1 0
query95 86.74 8% 0 347880 1.00 1.00 4 4 HYBRID 21236 1302 1 1 1 1 1 1 1 1 1 1 1 1 1 1 1 1 1 1 1 1 1 1 1 19001 1 1 1 2207 1 1 0 1 1 1 1 1 1 1 1 1 1 1 1 1 1 1 1 1 1 1 1 1 1 1 2 1 1 1 1272 1 1 0
query96 7.28 22% 0 94676 1.00 1.00 4 4 HYBRID 75 74 1 1 1 44 1 1 1 1 1 1 1 1 1 1 1 1 1 1 1 1 1 1 1 1 1 1 1 1 1 3 0 1 1 1 2 1 1 1 1 1 1 1 1 1 1 1 1 1 1 1 1 1 1 1 1 1 1 1 1 1 44 0
query97 5.87 32% 0 101676 1.00 1.00 3 3 STAR 384 59 1 1 1 1 1 1 1 1 1 1 1 1 1 1 1 1 1 1 1 251 1 1 1 1 1 1 1 32 1 74 0 1 1 1 1 1 1 1 1 1 1 1 1 1 1 1 1 1 1 1 2 1 1 1 1 1 1 1 22 1 8 0
query98 62.49 9% 0 262084 1.00 1.00 4 4 HYBRID 1830 931 1 1 1 1 1 1 1 1 1 1 1 1 1 1 1 1 1 1 1 1 1 1 1 901 1 1 1 1 901 1 0 1 1 1 1 1 1 1 1 1 1 1 1 1 1 1 1 1 1 1 1 1 1 1 2 1 1 1 1 901 1 0
query99 93.00 17% 0 330256 1.00 1.00 6 6 HYBRID 21472 1226 1 1 1 1 1 1 1 1 1 17521 1 1 1 1 1 1 1 1 1 1 241 1 1 3682 1 2 1 1 1 1 0 1 1 1 1 1 1 1 1 1 22 1 1 1 1 1 1 1 1 1 1 2 1 1 1174 1 2 1 1 1 1 0
query100 9.70 52% 0 109440 1.00 1.00 6 6 HYBRID 600 84 1 1 1 1 1 1 1 1 1 190 1 1 1 1 1 1 1 1 1 1 1 1 1 48 1 45 1 102 190 1 0 1 1 1 1 1 1 1 1 1 2 1 1 1 1 1 1 1 1 1 1 1 1 1 9 1 12 1 18 18 1 0
