query2406 2.35 79% 0 72480 1.00 1.00 11 2 PATH 61 15 18 1 27 1 1 9 1 1 1 1 0 3 1 3 1 1 2 1 1 1 1 0
query9177 2.42 87% 0 77152 1.00 1.00 14 5 HYBRID 74 30 1 1 1 14 18 1 17 1 1 19 0 1 1 1 2 4 1 14 1 1 4 0
query1669 2.62 74% 0 73652 1.00 1.00 11 2 PATH 61 15 14 1 31 1 1 9 1 1 1 1 0 2 1 4 1 1 2 1 1 1 1 0
query8876 2.61 70% 0 71876 1.00 1.00 12 3 HYBRID 16 13 1 1 4 1 2 3 1 1 1 1 0 1 1 2 1 2 2 1 1 1 1 0
query10288 2.61 116% 0 88828 1.00 1.00 11 2 STAR 462 36 1 1 76 78 1 301 1 1 1 1 0 1 1 15 12 1 2 1 1 1 1 0
query10721 2.48 76% 0 73744 1.00 1.00 18 9 HYBRID 26 16 1 1 13 1 1 3 1 1 1 3 0 1 1 2 1 1 4 1 1 1 3 0
query11955 2.94 74% 0 73032 1.00 1.00 13 4 HYBRID 24 14 1 1 8 1 5 4 1 1 1 1 0 1 1 2 1 3 2 1 1 1 1 0
query4487 3.36 123% 0 93292 1.00 1.00 11 2 STAR 863 46 1 1 1 1 1 1 204 199 453 1 0 1 1 1 1 1 1 21 16 2 1 0
query8229 2.97 124% 0 93436 1.00 1.00 11 2 STAR 863 46 1 1 1 1 1 1 204 199 453 1 0 1 1 1 1 1 1 21 16 2 1 0
query11131 2.39 81% 0 72576 1.00 1.00 11 2 STAR 156 14 1 25 7 1 117 1 1 1 1 1 0 1 2 2 1 3 1 1 1 1 1 0
query6948 2.73 68% 0 71584 1.00 1.00 11 2 STAR 35 12 1 1 1 25 1 1 1 2 1 1 0 1 1 1 2 1 1 1 2 1 1 0
query3143 2.97 105% 0 90124 1.00 1.00 21 3 HYBRID 361 43 1 10 58 65 1 217 1 1 1 6 0 1 10 12 9 1 2 1 1 1 5 0
query4217 2.42 89% 0 76372 1.00 1.00 39 2 STAR 17 28 1 1 6 1 3 1 1 1 1 1 0 4 4 2 1 5 3 3 1 3 2 0
query10858 2.78 72% 0 72660 1.00 1.00 11 2 STAR 26 15 1 1 1 9 5 5 1 1 1 1 0 1 1 1 2 3 3 1 1 1 1 0
