query2406 2.33 79% 0 73564 1.00 1.00 7 2 PATH 61 15 1 1 44 1 1 9 1 1 1 1 0 1 1 5 1 1 2 1 1 1 1 0
query9177 2.62 85% 0 75928 1.00 1.00 10 5 HYBRID 74 30 1 1 1 14 1 1 17 1 1 36 0 1 1 1 2 1 1 14 1 1 7 0
query1669 2.75 72% 0 72968 1.00 1.00 7 2 PATH 61 15 1 1 44 1 1 9 1 1 1 1 0 1 1 5 1 1 2 1 1 1 1 0
query8876 2.64 68% 0 72924 1.00 1.00 8 3 HYBRID 16 13 1 1 4 1 1 4 1 1 1 1 0 1 1 2 1 1 3 1 1 1 1 0
query10288 3.24 104% 0 85512 1.00 1.00 7 2 STAR 462 36 1 1 1 153 1 301 1 1 1 1 0 1 1 1 26 1 2 1 1 1 1 0
query10721 2.96 71% 0 73616 1.00 1.00 14 9 HYBRID 26 16 1 1 13 1 1 1 1 1 1 5 0 1 1 2 1 1 1 1 1 1 6 0
query11955 2.93 78% 0 71984 1.00 1.00 9 4 HYBRID 24 14 1 1 8 1 1 8 1 1 1 1 0 1 1 2 1 1 4 1 1 1 1 0
query4487 3.37 117% 0 90808 1.00 1.00 7 2 STAR 863 46 1 1 1 1 1 1 1 402 453 1 0 1 1 1 1 1 1 1 36 2 1 0
query8229 3.11 128% 0 91088 1.00 1.00 7 2 STAR 863 46 1 1 1 1 1 1 1 402 453 1 0 1 1 1 1 1 1 1 36 2 1 0
query11131 2.37 82% 0 73324 1.00 1.00 7 2 STAR 156 14 1 1 7 1 141 1 1 1 1 1 0 1 1 2 1 4 1 1 1 1 1 0
query6948 2.35 74% 0 71328 1.00 1.00 7 2 STAR 35 12 1 1 1 1 1 1 1 2 25 1 0 1 1 1 1 1 1 1 2 2 1 0
query3143 3.41 95% 0 89156 1.00 1.00 13 3 HYBRID 361 43 1 1 1 122 1 217 1 1 1 15 0 1 1 1 20 1 2 1 1 1 14 0
query4217 2.81 81% 0 75752 1.00 1.00 39 2 STAR 16 28 1 1 6 1 2 1 1 1 1 1 0 3 5 2 1 4 2 4 1 3 3 0
query10858 2.61 71% 0 72240 1.00 1.00 7 2 STAR 26 15 1 1 1 9 1 9 1 1 1 1 0 1 1 1 2 1 5 1 1 1 1 0
