query2406 1.81 97% 0 72312 1.00 1.00 11 2 PATH 61 15 18 1 27 1 1 9 1 1 1 1 0 3 1 3 1 1 2 1 1 1 1 0
query9177 2.87 82% 0 77116 1.00 1.00 14 5 HYBRID 74 30 1 1 1 14 18 1 17 1 1 19 0 1 1 1 2 4 1 14 1 1 4 0
query1669 2.74 73% 0 73312 1.00 1.00 11 2 PATH 61 15 18 1 27 1 1 9 1 1 1 1 0 3 1 3 1 1 2 1 1 1 1 0
query8876 2.61 70% 0 73016 1.00 1.00 12 3 HYBRID 16 13 1 1 4 1 2 3 1 1 1 1 0 1 1 2 1 2 2 1 1 1 1 0
query10288 2.78 120% 0 86260 1.00 1.00 11 2 STAR 462 36 1 1 76 78 1 301 1 1 1 1 0 1 1 16 11 1 2 1 1 1 1 0
query10721 2.53 74% 0 73092 1.00 1.00 18 9 HYBRID 26 16 1 1 13 1 1 3 1 1 1 3 0 1 1 2 1 1 4 1 1 1 3 0
query11955 2.62 70% 0 73196 1.00 1.00 13 4 HYBRID 24 14 1 1 8 1 5 4 1 1 1 1 0 1 1 2 1 3 2 1 1 1 1 0
query4487 2.55 164% 0 93708 1.00 1.00 11 2 STAR 863 46 1 1 1 1 1 1 204 199 453 1 0 1 1 1 1 1 1 21 16 2 1 0
query8229 3.02 129% 0 91200 1.00 1.00 11 2 STAR 863 46 1 1 1 1 1 1 204 199 453 1 0 1 1 1 1 1 1 21 16 2 1 0
query11131 2.73 75% 0 72852 1.00 1.00 11 2 STAR 156 14 1 25 7 1 117 1 1 1 1 1 0 1 2 2 1 3 1 1 1 1 1 0
query6948 2.30 74% 0 71544 1.00 1.00 11 2 STAR 35 12 1 1 1 25 1 1 1 2 1 1 0 1 1 1 2 1 1 1 2 1 1 0
query3143 2.98 105% 0 91556 1.00 1.00 21 3 HYBRID 361 43 1 6 58 65 1 217 1 1 1 10 0 1 10 12 9 1 2 1 1 1 5 0
query4217 2.18 93% 0 76080 1.00 1.00 39 2 STAR 17 28 1 1 6 1 3 1 1 1 1 1 0 4 4 2 1 5 3 3 1 3 2 0
query10858 3.07 81% 0 72592 1.00 1.00 11 2 STAR 26 15 1 1 1 9 5 5 1 1 1 1 0 1 1 1 2 3 3 1 1 1 1 0
