query1 5.39 29% 0 72564 1.00 1.00 5 5 HYBRID 21 14 1 1 7 1 1 1 1 1 6 1 0 1 1 2 1 1 1 1 1 4 1 0
query3 5.72 29% 0 74176 1.00 1.00 3 3 HYBRID 52 17 1 1 1 1 1 1 1 1 23 21 0 1 1 1 1 1 1 1 1 7 2 0
query4 63.64 17% 0 342896 1.00 1.00 5 5 HYBRID 24570 834 1 1 1 1 12281 1 1 1 1 12281 0 1 1 1 1 824 1 1 1 1 2 0
query6 5.24 32% 0 75496 1.00 1.00 5 5 HYBRID 54 23 1 1 1 1 10 1 1 1 17 20 0 1 1 1 1 7 1 1 1 7 2 0
query8 8.14 38% 0 98212 1.00 1.00 3 3 HYBRID 919 46 1 1 1 1 1 1 1 1 455 456 0 1 1 1 1 1 1 1 1 36 2 0
query11 8.51 40% 0 100128 1.00 1.00 2 2 STAR 1124 51 1 1 1 1 1 1 1 1 587 529 0 1 1 1 1 1 1 1 1 41 2 0
query12 5.47 30% 0 74384 1.00 1.00 5 5 HYBRID 50 17 1 1 1 1 22 1 1 20 1 1 0 1 1 1 1 2 1 1 7 1 1 0
query15 9.39 34% 0 106272 1.00 1.00 2 2 STAR 1725 62 1 1 1 1 1 1 700 1 1 1017 0 1 1 1 1 1 1 2 1 1 52 0
query16 30.25 72% 0 365564 1.00 1.00 3 3 STAR 1554351 354 1 1 1 5071 1 1 1 1 1 1549272 0 1 1 1 2 1 1 1 1 1 344 0
query18 3.47 42% 0 78924 1.00 1.00 2 2 PATH 252 32 1 1 1 1 1 1 241 1 1 3 0 1 1 1 1 1 1 2 1 1 22 0
query22 6.61 42% 0 111916 1.00 1.00 2 2 PATH 1711 76 1 1 1 1 1 1 1 1 802 901 0 1 1 1 1 1 1 1 1 66 2 0
query33 5.16 54% 0 102824 1.00 1.00 2 2 PATH 3991 55 1 1 1 1 1 1 1 1 593 3390 0 1 1 1 1 1 1 1 1 2 45 0
query35 2.44 47% 0 73452 1.00 1.00 3 3 STAR 69 18 1 1 1 1 1 1 1 1 35 26 0 1 1 1 1 1 1 1 1 2 8 0
query37 13.09 22% 0 118792 1.00 1.00 5 5 HYBRID 411 193 1 1 1 1 1 160 1 76 168 1 0 1 1 1 1 1 168 1 16 2 1 0
query41 4.40 52% 0 96916 1.00 1.00 3 3 STAR 906 45 1 1 1 1 1 1 1 1 449 449 0 1 1 1 1 1 1 1 1 35 2 0
query43 9.32 38% 0 128788 1.00 1.00 3 3 PATH 3010 116 1 1 1 1 1 1 1 1 1501 1501 0 1 1 1 1 1 1 1 1 106 2 0
query55 2.50 54% 0 74964 1.00 1.00 4 4 HYBRID 119 18 1 1 1 1 1 1 1 1 73 38 0 1 1 1 1 1 1 1 1 8 2 0
query57 2.24 51% 0 73636 1.00 1.00 3 3 HYBRID 46 15 1 1 1 1 1 27 1 1 11 1 0 1 1 1 1 1 5 1 1 2 1 0
query59 30.38 69% 0 338840 1.00 1.00 3 3 STAR 1553985 354 1 1 1 5071 1 1 1 1 1 1548906 0 1 1 1 2 1 1 1 1 1 344 0
query61 2.21 50% 0 73284 1.00 1.00 3 3 STAR 23 15 1 1 1 1 1 1 1 1 11 4 0 1 1 1 1 1 1 1 1 2 5 0
query63 9.20 33% 0 116416 1.00 1.00 2 2 STAR 1593 116 1 1 1 1 1 1 1 1 1511 74 0 1 1 1 1 1 1 1 1 2 106 0
query66 52.16 12% 0 238396 1.00 1.00 7 7 HYBRID 1102 798 1 1 44 1 1 1 1 764 287 1 0 1 1 25 1 1 1 1 2 764 1 0
query68 3.76 52% 0 76388 1.00 1.00 3 3 HYBRID 120 23 1 1 1 1 1 1 1 108 4 1 0 1 1 1 1 1 1 1 2 13 1 0
query73 3.43 55% 0 74672 1.00 1.00 3 3 STAR 154 20 1 1 1 1 1 1 1 73 1 73 0 1 1 1 1 1 1 1 2 1 10 0
query77 10.78 46% 0 121832 1.00 1.00 3 3 HYBRID 2434 111 1 1 1 1 1 1 1 1430 1 996 0 1 1 1 1 1 1 1 2 1 101 0
query81 3.37 76% 0 87620 1.00 1.00 2 2 PATH 1296 19 1 1 1 1 1 1 1 1 51 1237 0 1 1 1 1 1 1 1 1 2 9 0
query82 10.91 39% 0 118276 1.00 1.00 2 2 STAR 1746 116 1 1 1 1 1 1 1 227 1511 1 0 1 1 1 1 1 1 1 106 2 1 0
query85 4.35 52% 0 83408 1.00 1.00 3 3 STAR 360 31 1 1 1 1 1 1 1 226 126 1 0 1 1 1 1 1 1 1 2 21 1 0
query87 5.16 80% 0 117548 1.00 1.00 6 4 HYBRID 651 106 1 1 1 1 406 1 1 57 91 91 0 1 1 1 1 2 1 1 32 33 33 0
query89 2.79 56% 0 71716 1.00 1.00 4 4 HYBRID 12 12 1 1 2 1 1 1 1 1 1 2 0 1 1 2 1 1 1 1 1 1 2 0
query93 19.22 33% 0 171052 1.00 1.00 3 3 HYBRID 6376 228 1 1 1 1 1 1 1 1 3184 3184 0 1 1 1 1 1 1 1 1 218 2 0
query95 95.08 15% 0 329020 1.00 1.00 4 4 HYBRID 21216 1282 1 1 1 1 1 1 2207 1 1 19001 0 1 1 1 1 1 1 1272 1 1 2 0
query97 3.25 54% 0 74024 1.00 1.00 3 3 STAR 114 18 1 1 32 1 1 1 1 1 74 1 0 1 1 2 1 1 1 1 1 8 1 0
query98 7.91 52% 0 115612 1.00 1.00 4 4 HYBRID 1809 76 1 1 1 1 1 1 1 1 900 901 0 1 1 1 1 1 1 1 1 66 2 0
query99 139.45 10% 0 280200 1.00 1.00 6 6 HYBRID 2072 1935 1 1 154 1 1 1 1 1 1 1910 0 1 1 16 1 1 1 1910 1 1 2 0
