query1 5.25 28% 0 72404 1.00 1.00 6 5 HYBRID 22 14 1 1 7 1 1 1 1 1 7 1 0 1 1 2 1 1 1 1 1 4 1 0
query3 5.29 29% 0 73636 1.00 1.00 4 3 HYBRID 53 17 1 1 1 5 13 1 1 1 8 21 0 1 1 1 2 4 1 1 1 3 2 0
query4 35.63 29% 0 338640 1.00 1.00 6 5 HYBRID 24570 834 1 1 6139 1 6143 1 1 1 1 12281 0 1 1 412 1 413 1 1 1 1 2 0
query6 5.97 28% 0 74568 1.00 1.00 7 5 HYBRID 54 23 1 4 1 1 7 1 8 1 10 20 0 1 3 1 1 5 1 4 1 4 2 0
query8 7.98 38% 0 95236 1.00 1.00 4 3 HYBRID 920 46 1 1 1 1 1 1 1 1 456 456 0 1 1 1 1 1 1 1 1 36 2 0
query11 6.28 55% 0 104452 1.00 1.00 3 2 STAR 1125 51 1 1 1 192 200 1 1 1 198 529 0 1 1 1 14 15 1 1 1 14 2 0
query12 4.91 32% 0 73384 1.00 1.00 6 5 HYBRID 51 17 1 1 1 4 22 1 12 7 1 1 0 1 1 1 2 2 1 4 3 1 1 0
query15 6.50 51% 0 105664 1.00 1.00 3 2 STAR 1725 62 1 316 1 1 1 309 700 1 1 394 0 1 18 1 1 1 18 2 1 1 18 0
query16 12.70 209% 0 400640 1.00 1.00 4 3 STAR 1554351 354 1 1 1 5071 518633 1 1 514082 1 516559 0 1 1 1 2 116 1 1 115 1 115 0
query18 2.57 55% 0 77888 1.00 1.00 3 2 PATH 252 32 1 1 1 1 3 1 241 1 1 1 0 1 1 1 1 7 9 2 1 1 8 0
query22 3.69 74% 0 111636 1.00 1.00 3 2 PATH 1711 76 1 1 288 1 1 1 260 1 256 901 0 1 1 22 1 1 1 23 1 23 2 0
query33 3.24 89% 0 104244 1.00 1.00 3 2 PATH 3992 55 1238 1 1 1200 1 1 1 1 593 955 0 15 1 1 15 1 1 1 1 2 17 0
query35 2.28 52% 0 73196 1.00 1.00 4 3 STAR 69 18 1 1 1 1 1 1 1 10 35 17 0 1 1 1 1 1 1 1 4 2 5 0
query37 13.23 24% 0 118464 1.00 1.00 6 5 HYBRID 411 193 33 1 1 23 1 160 1 22 168 1 0 5 1 1 7 1 168 1 6 2 1 0
query41 2.88 80% 0 97572 1.00 1.00 4 3 STAR 906 45 1 1 1 155 154 1 1 1 142 449 0 1 1 1 13 12 1 1 1 12 2 0
query43 5.93 62% 0 127836 1.00 1.00 4 3 PATH 3010 116 1 1 1 1 744 1 1 1 758 1501 0 1 1 1 1 53 1 1 1 54 2 0
query55 2.46 51% 0 74548 1.00 1.00 5 4 HYBRID 121 18 1 1 1 1 1 1 1 1 75 38 0 1 1 1 1 1 1 1 1 8 2 0
query57 2.15 52% 0 72384 1.00 1.00 4 3 HYBRID 46 15 1 1 5 1 1 23 1 1 11 1 0 1 1 2 1 1 4 1 1 2 1 0
query59 12.55 175% 0 375752 1.00 1.00 4 3 STAR 1554351 354 1 1 1 5071 518633 1 1 514082 1 516559 0 1 1 1 2 116 1 1 115 1 115 0
query61 2.17 55% 0 72648 1.00 1.00 4 3 STAR 23 15 1 1 1 1 1 3 1 1 11 2 0 1 1 1 1 1 3 1 1 2 3 0
query63 4.58 70% 0 120424 1.00 1.00 3 2 STAR 1593 116 1 1 33 1 1 1 1 22 1511 21 0 1 1 36 1 1 1 1 36 2 36 0
query66 52.13 11% 0 237332 1.00 1.00 8 7 HYBRID 1103 798 1 1 45 1 1 1 1 764 287 1 0 1 1 25 1 1 1 1 2 764 1 0
query68 3.38 55% 0 75400 1.00 1.00 4 3 HYBRID 120 23 1 1 1 1 2 1 1 108 3 1 0 1 1 1 1 6 1 1 2 8 1 0
query73 3.05 62% 0 75140 1.00 1.00 4 3 STAR 154 20 19 1 1 1 1 1 1 73 33 23 0 3 1 1 1 1 1 1 2 4 5 0
query77 5.93 84% 0 119316 1.00 1.00 4 3 HYBRID 2434 111 1 320 1 1 345 1 1 1430 1 333 0 1 35 1 1 34 1 1 2 1 34 0
query81 3.23 80% 0 84928 1.00 1.00 3 2 PATH 1322 19 1 1 1 1 1 472 1 463 51 330 0 1 1 1 1 1 3 1 4 2 4 0
query82 5.65 76% 0 115224 1.00 1.00 3 2 STAR 1746 116 1 66 1 1 1 77 1 86 1511 1 0 1 36 1 1 1 36 1 36 2 1 0
query85 3.37 68% 0 83560 1.00 1.00 4 3 STAR 360 31 45 1 1 1 1 46 1 226 37 1 0 7 1 1 1 1 8 1 2 8 1 0
query87 6.94 81% 0 154612 .99 1.00 9 4 HYBRID 803 229 82 3 1 1 415 25 1 56 164 55 0 32 21 11 12 13 22 12 31 53 22 0
query89 2.72 56% 0 72528 1.00 1.00 5 4 HYBRID 12 12 1 2 2 1 1 1 1 1 1 1 0 1 2 2 1 1 1 1 1 1 1 0
query93 11.14 54% 0 171624 1.00 1.00 4 3 HYBRID 6376 228 1 1 1588 1 1 1 1 1 1597 3184 0 1 1 110 1 1 1 1 1 109 2 0
query95 34.86 41% 0 320784 1.00 1.00 5 4 HYBRID 21216 1282 1 668 744 1 1 1 797 1 1 19001 0 1 424 424 1 1 1 426 1 1 2 0
query97 2.87 58% 0 73648 1.00 1.00 4 3 STAR 116 18 1 1 32 1 1 15 1 50 13 1 0 1 1 2 1 1 3 1 4 3 1 0
query98 5.33 72% 0 109616 1.00 1.00 5 4 HYBRID 1810 76 1 1 1 1 444 1 1 1 458 901 0 1 1 1 1 33 1 1 1 34 2 0
query99 139.65 10% 0 290316 1.00 1.00 7 6 HYBRID 2072 1935 1 72 83 1 1 1 1 1 1 1910 0 1 8 9 1 1 1 1910 1 1 2 0
