query1 46.87 25% 0 310060 1.00 1.00 24 5 HYBRID 9255 1610 2096 192 2695 424 288 137 1341 1283 216 583 0 200 25 473 298 297 25 162 80 25 25 0
query3 58.66 35% 0 349148 1.00 1.00 21 3 HYBRID 11949 4753 2 138 553 2354 2218 161 1177 1987 2524 835 0 5 141 607 141 140 743 744 743 744 745 0
query4 713.35 17% 0 454496 1.00 1.00 21 5 HYBRID 3343798 31089 1063264 10 37790 1101050 37913 942 9 13417 12605 1076798 0 7569 7 2530 10260 2531 38 7 206 174 7767 0
query6 103.03 21% 0 334204 1.00 1.00 18 5 HYBRID 23554 4899 1 811 5509 1297 1441 901 2404 4150 2404 4636 0 6 108 705 734 919 7 191 706 191 1332 0
query8 101.56 23% 0 348904 1.00 1.00 15 3 HYBRID 34989 5307 5076 17 1 6586 6149 30 608 637 6149 9736 0 397 5 4 398 1025 5 5 1025 1025 1418 0
query11 15.92 64% 0 306312 1.00 1.00 15 2 STAR 10957 1129 2 138 529 2354 2218 137 1152 1680 2218 529 0 4 140 4 142 139 140 139 140 139 142 0
query12 314.30 17% 0 351548 1.00 1.00 29 5 HYBRID 73233 23523 5917 8975 12379 1430 22963 1631 1439 1439 8086 8974 0 1917 2673 2964 7 4583 2490 871 2673 2673 2672 0
query15 15.44 45% 0 217372 1.00 1.00 6 2 STAR 11251 465 700 3049 700 1 1 3049 700 1 1 3049 0 4 147 4 3 3 147 4 3 3 147 0
query16 1796.79 47% 0 855024 1.00 1.00 17 3 STAR 42440899 106341 241 100 14000301 14000539 131493 14001762 592 173611 769 131491 0 5 57 26486 26486 58 26539 58 26538 57 57 0
query18 5.80 68% 0 146224 1.00 1.00 11 2 PATH 760 301 241 4 6 241 9 9 241 1 1 7 0 4 56 57 4 57 57 4 3 3 56 0
query22 14.83 60% 0 282528 1.00 1.00 9 2 PATH 10351 1143 1 1 2404 1 145 901 2404 1045 2404 1045 0 3 3 188 3 188 4 188 189 188 189 0
query33 10.71 55% 0 246144 1.00 1.00 6 2 PATH 32293 400 10170 1 1 10170 1 593 1 593 593 10170 0 126 3 3 125 3 4 3 4 4 125 0
query35 5.04 74% 0 135840 1.00 1.00 13 3 STAR 1243 267 111 10 62 1 89 327 1 226 190 226 0 45 29 5 4 30 46 4 29 46 29 0
query37 18.86 48% 0 312936 1.00 1.00 24 5 HYBRID 24322 1360 130 6955 7011 127 124 7900 77 963 911 124 0 25 209 208 24 178 207 38 225 239 7 0
query41 118.69 21% 0 344196 1.00 1.00 15 3 STAR 39742 7466 1 397 4399 6187 6184 436 73 6894 8244 6927 0 4 421 1366 422 421 421 421 1784 422 1784 0
query43 94.89 21% 0 342136 1.00 1.00 14 3 PATH 66738 4285 5076 15241 1 6586 1511 15254 608 628 1511 20322 0 397 1025 4 398 5 1024 5 5 5 1417 0
query55 20.17 34% 0 261156 1.00 1.00 17 4 HYBRID 9850 866 4 10 1 1 124 2938 9 3150 2338 1275 0 6 6 5 5 6 107 6 275 245 205 0
query57 29.05 29% 0 301124 1.00 1.00 17 3 HYBRID 6675 1293 1 295 247 1543 1511 276 608 628 1543 23 0 4 409 15 398 16 16 5 16 409 5 0
query59 1776.59 46% 0 844264 1.00 1.00 17 3 STAR 42440422 106321 241 100 14000165 14000403 131470 14001626 592 173588 769 131468 0 5 57 26482 26482 57 26534 57 26533 57 57 0
query61 11.48 48% 0 210120 1.00 1.00 19 3 STAR 2019 611 4 66 1 454 544 148 92 104 462 144 0 5 141 4 140 36 36 36 36 141 36 0
query63 28.24 32% 0 293284 1.00 1.00 11 2 STAR 6576 1217 1 17 246 1511 1511 30 608 873 1511 268 0 3 4 396 4 4 4 4 397 4 397 0
query66 1800.00 0% 0 1432 0.00 1.00 45 7 HYBRID 1200084 172577 265847 9201 65860 50510 99610 271664 24947 298558 99610 14277 0 12544 27751 13233 3385 15215 15218 14513 27749 15216 27753 0
query68 19.10 45% 0 227712 1.00 1.00 13 3 HYBRID 3246 701 2 516 565 137 37 515 1 907 37 529 0 5 143 85 5 84 143 4 143 84 5 0
query73 13.33 53% 0 183292 1.00 1.00 10 3 STAR 3887 458 649 645 1 429 1 217 1 645 650 649 0 52 95 4 5 4 94 4 95 53 52 0
query77 85.43 44% 0 344068 1.00 1.00 23 3 HYBRID 44334 8731 4297 9035 11 1430 9020 4306 1454 5734 13 9034 0 296 1163 872 5 872 1163 1163 1163 872 1162 0
query81 4.04 144% 0 140388 1.00 1.00 10 2 PATH 11764 132 100 100 51 1 114 3761 1 3761 114 3761 0 17 17 4 3 18 17 3 17 18 18 0
query82 32.30 41% 0 297616 1.00 1.00 11 2 STAR 8637 1217 1 949 1 1511 1511 962 608 1560 1511 23 0 3 397 3 4 4 397 4 397 4 4 0
query85 22.78 53% 0 276608 1.00 1.00 14 3 STAR 8207 1196 1459 600 676 600 1 1630 1 1104 1460 676 0 268 95 94 95 4 268 4 95 179 94 0
query87 46.38 52% 0 334348 1.00 1.00 29 4 HYBRID 19930 4185 787 244 3736 1 5554 1873 177 531 4758 2269 0 349 349 570 317 602 349 349 349 602 349 0
query89 47.57 36% 0 329920 1.00 1.00 15 4 HYBRID 8971 2193 700 2098 889 2125 163 31 700 1 166 2098 0 6 149 467 186 429 186 6 42 573 149 0
query93 11.97 93% 0 321640 1.00 1.00 18 3 HYBRID 94438 723 301 307 400 1 901 30618 9 30497 786 30618 0 88 88 35 4 119 88 5 88 119 89 0
query95 1800.00 0% 0 1428 .97 1.00 15 4 HYBRID 665885 79629 1 42466 42475 275 1 1 42490 179392 179392 179392 0 5 24317 24319 1664 5 5 24324 1663 1664 1663 0
query97 8.38 68% 0 144140 1.00 1.00 9 3 STAR 3058 275 1 94 344 251 251 674 94 674 674 1 0 4 59 60 5 5 27 59 26 26 4 0
query98 171.95 38% 0 350784 1.00 1.00 17 4 HYBRID 116066 15223 1 1567 1 32392 24294 14175 1 6077 24294 13264 0 5 1628 5 2173 1628 2358 1628 1813 1628 2357 0
query99 1800.00 0% 0 1428 0.00 1.00 28 6 HYBRID 1539368 156535 241 100 360564 314 151343 1464 361160 151339 361429 151414 0 8 60 26017 17 26072 61 26071 26069 26080 26080 0
