query1 46.87 25% 0 310060 1.00 1.00 24 5 HYBRID 9255 1610 2096 192 2695 424 288 137 1341 1283 216 583 0 200 25 473 298 297 25 162 80 25 25 0
query2 131.26 24% 0 363488 1.00 1.00 15 3 HYBRID 74857 7458 1 397 1 6186 6183 16540 73 18600 24347 2529 0 4 420 4 421 420 1781 421 1782 1783 422 0
query3 58.66 35% 0 349148 1.00 1.00 21 3 HYBRID 11949 4753 2 138 553 2354 2218 161 1177 1987 2524 835 0 5 141 607 141 140 743 744 743 744 745 0
query4 713.35 17% 0 454496 1.00 1.00 21 5 HYBRID 3343798 31089 1063264 10 37790 1101050 37913 942 9 13417 12605 1076798 0 7569 7 2530 10260 2531 38 7 206 174 7767 0
query5 10.28 66% 0 227020 1.00 1.00 18 3 HYBRID 18538 350 241 4 6 241 5915 24 256 5907 31 5913 0 5 63 58 5 63 64 11 10 9 62 0
query6 103.03 21% 0 334204 1.00 1.00 18 5 HYBRID 23554 4899 1 811 5509 1297 1441 901 2404 4150 2404 4636 0 6 108 705 734 919 7 191 706 191 1332 0
query7 57.84 27% 0 337196 1.00 1.00 10 3 STAR 23599 2815 6498 1 1 6498 1366 1 2401 4 1366 5463 0 282 4 4 282 489 4 5 489 489 767 0
query8 101.56 23% 0 348904 1.00 1.00 15 3 HYBRID 34989 5307 5076 17 1 6586 6149 30 608 637 6149 9736 0 397 5 4 398 1025 5 5 1025 1025 1418 0
query9 337.15 18% 0 363736 1.00 1.00 28 6 HYBRID 326551 25717 4321 1702 6831 12961 82956 20926 3348 99399 7668 86439 0 708 2604 752 876 2778 4174 2778 4219 3479 3349 0
query10 124.19 20% 0 347296 1.00 1.00 25 5 HYBRID 36874 6113 4 5095 3700 7279 7402 1221 9 4799 2463 4902 0 7 742 975 741 742 206 175 1175 175 1175 0
query11 15.92 64% 0 306312 1.00 1.00 15 2 STAR 10957 1129 2 138 529 2354 2218 137 1152 1680 2218 529 0 4 140 4 142 139 140 139 140 139 142 0
query12 314.30 17% 0 351548 1.00 1.00 29 5 HYBRID 73233 23523 5917 8975 12379 1430 22963 1631 1439 1439 8086 8974 0 1917 2673 2964 7 4583 2490 871 2673 2673 2672 0
query13 34.84 50% 0 341088 1.00 1.00 12 2 STAR 26548 3370 1 397 1 6187 6184 436 73 2496 8244 2529 0 3 420 3 421 420 420 420 421 421 421 0
query14 1800.01 0% 0 1432 .01 1.00 31 7 HYBRID 741118 88263 1 26344 170125 163510 163495 53587 21439 57860 75113 9644 0 8 12945 21382 11333 10997 5407 12875 5824 5825 1667 0
query15 15.44 45% 0 217372 1.00 1.00 6 2 STAR 11251 465 700 3049 700 1 1 3049 700 1 1 3049 0 4 147 4 3 3 147 4 3 3 147 0
query16 1796.79 47% 0 855024 1.00 1.00 17 3 STAR 42440899 106341 241 100 14000301 14000539 131493 14001762 592 173611 769 131491 0 5 57 26486 26486 58 26539 58 26538 57 57 0
query17 149.64 18% 0 342112 1.00 1.00 23 5 STAR 54599 9365 7093 1713 3457 9493 4325 10549 2359 4188 11421 1 0 710 359 1190 1542 268 2156 268 1542 1062 268 0
query18 5.80 68% 0 146224 1.00 1.00 11 2 PATH 760 301 241 4 6 241 9 9 241 1 1 7 0 4 56 57 4 57 57 4 3 3 56 0
query19 19.00 38% 0 264988 1.00 1.00 17 4 STAR 4021 1076 154 145 251 1249 1000 88 4 238 846 46 0 29 231 6 256 61 60 59 83 231 60 0
query20 1800.00 0% 0 1432 0.00 1.00 27 6 HYBRID 1702405 110223 1 9 1 1127 73 1 6 566879 567176 567132 0 7 15 7 27525 16 15 15 27533 27545 27545 0
query21 4.22 65% 0 104668 1.00 1.00 11 2 STAR 1138 131 4 10 244 244 367 124 9 3 9 124 0 4 4 34 34 35 4 4 4 4 4 0
query22 14.83 60% 0 282528 1.00 1.00 9 2 PATH 10351 1143 1 1 2404 1 145 901 2404 1045 2404 1045 0 3 3 188 3 188 4 188 189 188 189 0
query23 4.42 81% 0 126500 1.00 1.00 14 2 STAR 1138 224 4 244 235 1 133 358 9 12 18 124 0 4 35 34 3 35 35 4 35 35 4 0
query24 1800.01 0% 0 1428 0.00 1.00 37 7 HYBRID 1804257 112143 8261 9478 163 581264 105426 18548 476083 486369 105669 12996 0 6514 12996 5972 13541 12996 13182 13542 13182 12998 7220 0
query25 21.64 48% 0 317128 1.00 1.00 15 2 PATH 17232 1780 4296 17 2 1430 2 4296 1445 5724 4 16 0 294 294 4 4 4 294 294 295 4 293 0
query26 301.15 17% 0 351228 1.00 1.00 32 5 HYBRID 73467 24473 5916 9033 8105 1430 18732 5925 1454 5733 8107 9032 0 1921 2974 2684 7 4307 2786 1163 2974 2684 2973 0
query27 241.09 21% 0 353028 1.00 1.00 21 4 HYBRID 463108 18575 1 145918 136288 15420 15417 136723 73 2496 8243 2529 0 5 3634 1856 1783 3634 2272 422 2274 2273 422 0
query28 29.74 29% 0 313068 1.00 1.00 14 3 STAR 6159 1299 1 123 98 1520 1511 30 705 628 1520 23 0 4 422 397 29 5 5 398 5 29 5 0
query29 1136.55 10% 0 529084 1.00 1.00 32 5 HYBRID 431107 69722 81130 33 1 87426 56604 148 5971 5983 56489 137322 0 1294 142 111 1323 16372 143 142 16372 16373 17450 0
query30 78.94 23% 0 336736 1.00 1.00 19 4 STAR 28591 4272 3781 2561 1 3039 2340 5643 1272 3133 6121 700 0 382 793 5 151 150 1170 150 792 528 151 0
query32 22.67 34% 0 287364 1.00 1.00 6 2 PATH 18007 946 4500 1501 1 4500 1 1501 1 1 1 6000 0 308 4 3 307 3 4 3 3 3 308 0
query33 10.71 55% 0 246144 1.00 1.00 6 2 PATH 32293 400 10170 1 1 10170 1 593 1 593 593 10170 0 126 3 3 125 3 4 3 4 4 125 0
query34 2.74 60% 0 78464 1.00 1.00 13 2 STAR 196 70 12 3 2 2 4 48 5 51 56 13 0 4 4 4 4 4 14 4 14 14 4 0
query35 5.04 74% 0 135840 1.00 1.00 13 3 STAR 1243 267 111 10 62 1 89 327 1 226 190 226 0 45 29 5 4 30 46 4 29 46 29 0
query36 30.13 33% 0 318492 1.00 1.00 7 2 PATH 21745 1285 1 1 1 4 1 5185 1 7245 7245 2061 0 3 3 3 4 3 420 3 421 421 4 0
query37 18.86 48% 0 312936 1.00 1.00 24 5 HYBRID 24322 1360 130 6955 7011 127 124 7900 77 963 911 124 0 25 209 208 24 178 207 38 225 239 7 0
query38 401.14 12% 0 389992 1.00 1.00 29 6 HYBRID 260737 18739 19 6313 75097 6259 81876 522 50 23761 61345 5495 0 39 1038 5022 1100 6052 39 38 1388 3891 132 0
query39 377.99 13% 0 379680 1.00 1.00 36 7 HYBRID 245758 21730 18476 53233 4490 23463 4489 53953 5724 6462 3774 71694 0 1207 4718 1317 449 1923 4608 300 1316 1166 4726 0
query40 8.04 50% 0 145020 1.00 1.00 17 4 HYBRID 1516 334 112 28 262 352 367 124 27 3 9 232 0 14 59 89 44 37 6 59 6 6 14 0
query41 118.69 21% 0 344196 1.00 1.00 15 3 STAR 39742 7466 1 397 4399 6187 6184 436 73 6894 8244 6927 0 4 421 1366 422 421 421 421 1784 422 1784 0
query42 1800.00 0% 0 1428 0.00 1.00 35 7 HYBRID 541981 84525 1 1 1 276 1 1166 1 180565 180567 179402 0 8 8 8 1667 8 25948 8 27594 27609 1667 0
query43 94.89 21% 0 342136 1.00 1.00 14 3 PATH 66738 4285 5076 15241 1 6586 1511 15254 608 628 1511 20322 0 397 1025 4 398 5 1024 5 5 5 1417 0
query44 25.77 44% 0 322628 1.00 1.00 14 3 HYBRID 16746 1968 3857 1713 10 5569 10 10 3857 1713 6 1 0 265 94 265 356 265 265 266 94 94 4 0
query45 12.84 56% 0 269064 1.00 1.00 20 3 HYBRID 3624 1022 47 183 532 137 19 554 4 1024 100 1024 0 26 26 143 5 25 164 142 164 163 164 0
query47 772.28 21% 0 462956 1.00 1.00 16 3 HYBRID 741577 93040 1 11014 1 171253 171166 12313 2038 71400 230253 72138 0 4 11420 4 11838 11420 11420 11420 11838 11838 11838 0
query48 30.45 44% 0 328368 1.00 1.00 8 2 STAR 177327 1699 1 1 1 87 1 1 1 59078 59078 59078 0 3 3 3 421 3 3 3 420 420 420 0
query49 304.27 13% 0 367512 1.00 1.00 12 4 HYBRID 190801 13953 50099 13500 1 50099 1 13500 9601 1 1 53998 0 3195 1449 5 3195 5 1449 491 5 5 4154 0
query51 8.20 69% 0 231772 1.00 1.00 10 2 STAR 5291 574 1 1758 1330 429 4 1330 1 432 5 1 0 3 94 93 4 93 93 3 94 94 3 0
query52 28.36 35% 0 316060 1.00 1.00 11 2 PATH 11355 1217 1 17 1 1511 1511 1868 608 2466 3349 23 0 3 4 3 4 4 397 4 397 397 4 0
query53 14.97 38% 0 221392 1.00 1.00 12 4 STAR 3352 633 216 801 100 1 100 1016 1 801 315 1 0 28 51 130 5 130 74 5 51 154 5 0
query54 805.76 9% 0 376004 1.00 1.00 21 6 HYBRID 437230 37288 10189 1 28747 116947 49 106759 10990 111829 802 50917 0 695 7 4597 7822 8 7134 696 10191 8 6130 0
query55 20.17 34% 0 261156 1.00 1.00 17 4 HYBRID 9850 866 4 10 1 1 124 2938 9 3150 2338 1275 0 6 6 5 5 6 107 6 275 245 205 0
query56 50.65 34% 0 332792 1.00 1.00 13 3 STAR 63334 4413 1 298 1 3601 17182 4168 37 19882 82 18082 0 4 549 4 190 549 735 549 734 549 550 0
query57 29.05 29% 0 301124 1.00 1.00 17 3 HYBRID 6675 1293 1 295 247 1543 1511 276 608 628 1543 23 0 4 409 15 398 16 16 5 16 409 5 0
query58 127.03 18% 0 343648 1.00 1.00 23 6 HYBRID 33865 6327 4564 1 3556 5157 4320 901 3187 4429 3807 3943 0 650 113 1165 912 1184 114 299 659 571 660 0
query59 1776.59 46% 0 844264 1.00 1.00 17 3 STAR 42440422 106321 241 100 14000165 14000403 131470 14001626 592 173588 769 131468 0 5 57 26482 26482 57 26534 57 26533 57 57 0
query60 25.71 35% 0 301920 1.00 1.00 13 3 HYBRID 5696 1366 1465 429 4 1893 184 4 1285 429 2 1 0 355 5 93 356 355 94 94 5 5 4 0
query61 11.48 48% 0 210120 1.00 1.00 19 3 STAR 2019 611 4 66 1 454 544 148 92 104 462 144 0 5 141 4 140 36 36 36 36 141 36 0
query62 4.31 94% 0 143848 1.00 1.00 16 2 STAR 1920 286 4 33 1 421 544 148 92 104 429 144 0 4 35 3 34 35 35 35 35 35 35 0
query63 28.24 32% 0 293284 1.00 1.00 11 2 STAR 6576 1217 1 17 246 1511 1511 30 608 873 1511 268 0 3 4 396 4 4 4 4 397 4 397 0
query64 1800.00 0% 0 1428 0.00 1.00 30 7 HYBRID 693318 94216 1 1 1 423 1 712 1 230963 230963 230252 0 8 8 8 11841 8 15599 8 27447 27448 11841 0
query65 2.76 62% 0 85080 1.00 1.00 6 2 PATH 322 63 79 1 27 1 27 1 1 1 105 79 0 13 3 4 3 4 3 3 3 14 13 0
query66 1800.00 0% 0 1432 0.00 1.00 45 7 HYBRID 1200084 172577 265847 9201 65860 50510 99610 271664 24947 298558 99610 14277 0 12544 27751 13233 3385 15215 15218 14513 27749 15216 27753 0
query67 1800.00 0% 0 1424 1.00 1.00 20 4 HYBRID 1520962 75315 241 100 5 243 131493 375818 592 505843 769 505858 0 6 58 7 7 59 25021 59 25020 58 25020 0
query68 19.10 45% 0 227712 1.00 1.00 13 3 HYBRID 3246 701 2 516 565 137 37 515 1 907 37 529 0 5 143 85 5 84 143 4 143 84 5 0
query70 32.58 42% 0 311696 1.00 1.00 11 2 PATH 11355 1217 1 17 1 1511 1511 1868 608 2466 3349 23 0 3 4 3 4 4 397 4 397 397 4 0
query71 131.24 31% 0 346576 1.00 1.00 15 3 HYBRID 74860 7466 1 397 1 6187 6184 16540 73 18600 24348 2529 0 4 421 4 422 421 1783 421 1784 1784 422 0
query72 1104.51 18% 0 439040 1.00 1.00 17 5 HYBRID 402283 60415 66367 1 4753 66370 55729 5185 1 11997 62973 128907 0 961 6 1047 962 13284 423 6 14743 13702 15281 0
query73 13.33 53% 0 183292 1.00 1.00 10 3 STAR 3887 458 649 645 1 429 1 217 1 645 650 649 0 52 95 4 5 4 94 4 95 53 52 0
query74 1800.01 0% 0 1432 .19 1.00 32 7 HYBRID 1085074 88298 1 317808 9184 28275 42818 318001 82 2332 35893 330680 0 8 21863 617 1855 5479 21864 1391 5011 5011 25199 0
query75 423.54 22% 0 356896 1.00 1.00 33 5 HYBRID 96640 30267 15120 79 11294 5724 13480 15119 5769 18676 11306 73 0 3429 3761 2897 297 5163 3431 1162 3761 2896 3470 0
query76 17.27 48% 0 238740 1.00 1.00 6 2 STAR 7645 594 2546 1 914 1 1 1633 1 914 1633 1 0 191 3 4 3 3 190 3 4 190 3 0
query77 85.43 44% 0 344068 1.00 1.00 23 3 HYBRID 44334 8731 4297 9035 11 1430 9020 4306 1454 5734 13 9034 0 296 1163 872 5 872 1163 1163 1163 872 1162 0
query78 34.94 37% 0 313508 1.00 1.00 14 3 STAR 7449 1344 537 17 1 1681 1681 396 608 628 1877 23 0 436 5 4 398 398 44 5 5 44 5 0
query80 48.56 65% 0 349568 1.00 1.00 22 3 HYBRID 123045 5150 56 2490 2917 38054 28 2489 37918 38464 100 529 0 480 618 618 480 617 618 479 618 617 5 0
query81 4.04 144% 0 140388 1.00 1.00 10 2 PATH 11764 132 100 100 51 1 114 3761 1 3761 114 3761 0 17 17 4 3 18 17 3 17 18 18 0
query82 32.30 41% 0 297616 1.00 1.00 11 2 STAR 8637 1217 1 949 1 1511 1511 962 608 1560 1511 23 0 3 397 3 4 4 397 4 397 4 4 0
query83 5.45 112% 0 155856 1.00 1.00 9 2 PATH 6469 226 1 2139 1996 144 159 1996 1 16 16 1 0 3 36 36 4 36 35 3 35 35 3 0
query84 4.04 85% 0 97204 1.00 1.00 15 3 STAR 370 133 1 1 2 91 90 1 1 31 121 31 0 4 14 5 17 14 14 14 16 18 17 0
query85 22.78 53% 0 276608 1.00 1.00 14 3 STAR 8207 1196 1459 600 676 600 1 1630 1 1104 1460 676 0 268 95 94 95 4 268 4 95 179 94 0
query86 25.13 48% 0 298596 1.00 1.00 12 2 STAR 33633 910 2 2 2 1430 2 9778 1430 11206 9780 1 0 4 4 4 4 4 294 4 294 295 3 0
query87 46.38 52% 0 334348 1.00 1.00 29 4 HYBRID 19930 4185 787 244 3736 1 5554 1873 177 531 4758 2269 0 349 349 570 317 602 349 349 349 602 349 0
query88 39.91 39% 0 336624 1.00 1.00 12 3 STAR 24979 1565 1 5861 2356 13 97 5861 2356 97 8228 109 0 4 499 10 5 10 499 10 10 507 11 0
query89 47.57 36% 0 329920 1.00 1.00 15 4 HYBRID 8971 2193 700 2098 889 2125 163 31 700 1 166 2098 0 6 149 467 186 429 186 6 42 573 149 0
query90 58.67 38% 0 335308 1.00 1.00 22 4 HYBRID 21151 3189 3287 271 1 5737 2577 1221 9 4383 2462 1203 0 573 173 5 740 173 204 173 771 173 204 0
query91 13.23 79% 0 269864 1.00 1.00 13 2 STAR 9057 862 2 2471 2862 137 19 2470 1 547 19 529 0 4 142 141 4 141 141 3 141 141 4 0
query92 5.28 68% 0 100096 1.00 1.00 11 2 STAR 445 131 4 10 13 1 136 124 9 3 21 124 0 4 4 34 3 35 4 4 4 35 4 0
query93 11.97 93% 0 321640 1.00 1.00 18 3 HYBRID 94438 723 301 307 400 1 901 30618 9 30497 786 30618 0 88 88 35 4 119 88 5 88 119 89 0
query94 33.80 70% 0 329452 1.00 1.00 12 2 STAR 26543 3364 1 396 1 6186 6183 436 73 2496 8243 2528 0 3 419 3 420 420 420 419 420 420 420 0
query95 1800.00 0% 0 1428 .97 1.00 15 4 HYBRID 665885 79629 1 42466 42475 275 1 1 42490 179392 179392 179392 0 5 24317 24319 1664 5 5 24324 1663 1664 1663 0
query96 17.56 63% 0 273704 1.00 1.00 15 4 HYBRID 3025 1079 862 1 946 1 82 4 703 223 142 61 0 23 5 204 5 42 149 150 166 186 149 0
query97 8.38 68% 0 144140 1.00 1.00 9 3 STAR 3058 275 1 94 344 251 251 674 94 674 674 1 0 4 59 60 5 5 27 59 26 26 4 0
query98 171.95 38% 0 350784 1.00 1.00 17 4 HYBRID 116066 15223 1 1567 1 32392 24294 14175 1 6077 24294 13264 0 5 1628 5 2173 1628 2358 1628 1813 1628 2357 0
query99 1800.00 0% 0 1428 0.00 1.00 28 6 HYBRID 1539368 156535 241 100 360564 314 151343 1464 361160 151339 361429 151414 0 8 60 26017 17 26072 61 26071 26069 26080 26080 0
query100 461.21 20% 0 367828 1.00 1.00 25 6 HYBRID 135802 22693 18712 649 7921 2548 34150 649 6796 25105 14167 25105 0 5041 811 1151 181 5158 811 1500 1441 5158 1441 0
