query1 5.25 28% 0 72404 1.00 1.00 6 5 HYBRID 22 14 1 1 7 1 1 1 1 1 7 1 0 1 1 2 1 1 1 1 1 4 1 0
query2 6.27 53% 0 95516 1.00 1.00 3 3 HYBRID 1738 11 1 1 1 1 1 1 1 1 1729 1 0 1 1 1 1 1 1 1 1 2 1 0
query3 5.29 29% 0 73636 1.00 1.00 4 3 HYBRID 53 17 1 1 1 5 13 1 1 1 8 21 0 1 1 1 2 4 1 1 1 3 2 0
query4 35.63 29% 0 338640 1.00 1.00 6 5 HYBRID 24570 834 1 1 6139 1 6143 1 1 1 1 12281 0 1 1 412 1 413 1 1 1 1 2 0
query5 24.86 23% 0 196936 1.00 1.00 3 3 HYBRID 4246 270 1 1 1 1 1 1 419 1 1 3819 0 1 1 1 1 1 1 260 1 1 2 0
query6 5.97 28% 0 74568 1.00 1.00 7 5 HYBRID 54 23 1 4 1 1 7 1 8 1 10 20 0 1 3 1 1 5 1 4 1 4 2 0
query7 8.04 38% 0 97228 1.00 1.00 4 3 STAR 920 46 1 1 1 1 1 1 456 1 1 456 0 1 1 1 1 1 1 36 1 1 2 0
query8 7.98 38% 0 95236 1.00 1.00 4 3 HYBRID 920 46 1 1 1 1 1 1 1 1 456 456 0 1 1 1 1 1 1 1 1 36 2 0
query9 32.36 16% 0 168284 1.00 1.00 6 6 HYBRID 742 403 1 1 1 1 1 1 1 341 393 1 0 1 1 1 1 1 1 1 393 2 1 0
query10 15.10 23% 0 114024 1.00 1.00 5 5 HYBRID 192 154 1 1 1 1 144 1 1 1 1 40 0 1 1 1 1 2 1 1 1 1 144 0
query11 6.28 55% 0 104452 1.00 1.00 3 2 STAR 1125 51 1 1 1 192 200 1 1 1 198 529 0 1 1 1 14 15 1 1 1 14 2 0
query12 4.91 32% 0 73384 1.00 1.00 6 5 HYBRID 51 17 1 1 1 4 22 1 12 7 1 1 0 1 1 1 2 2 1 4 3 1 1 0
query13 5.30 32% 0 73864 1.00 1.00 2 2 STAR 304 11 1 1 1 1 1 1 1 1 295 1 0 1 1 1 1 1 1 1 1 2 1 0
query14 119.78 10% 0 316540 1.00 1.00 7 7 HYBRID 2402 1739 1 1 665 1 1 1 1 1 1729 1 0 1 1 1729 1 1 1 1 1 2 1 0
query15 6.50 51% 0 105664 1.00 1.00 3 2 STAR 1725 62 1 316 1 1 1 309 700 1 1 394 0 1 18 1 1 1 18 2 1 1 18 0
query16 12.70 209% 0 400640 1.00 1.00 4 3 STAR 1554351 354 1 1 1 5071 518633 1 1 514082 1 516559 0 1 1 1 2 116 1 1 115 1 115 0
query17 7.74 27% 0 93244 1.00 1.00 5 5 STAR 159 97 1 1 1 87 1 1 1 1 64 1 0 1 1 1 2 1 1 1 1 87 1 0
query18 2.57 55% 0 77888 1.00 1.00 3 2 PATH 252 32 1 1 1 1 3 1 241 1 1 1 0 1 1 1 1 7 9 2 1 1 8 0
query19 2.01 57% 0 71220 1.00 1.00 4 4 STAR 15 11 1 1 1 6 1 1 1 1 1 1 0 1 1 1 2 1 1 1 1 1 1 0
query20 2.49 109% 0 96780 1.00 1.00 6 6 HYBRID 1551 11 1 1 1 1 1 1 1 1 1542 1 0 1 1 1 1 1 1 1 1 2 1 0
query21 1.98 56% 0 71532 1.00 1.00 2 2 STAR 84 11 1 1 1 1 75 1 1 1 1 1 0 1 1 1 1 2 1 1 1 1 1 0
query22 3.69 74% 0 111636 1.00 1.00 3 2 PATH 1711 76 1 1 288 1 1 1 260 1 256 901 0 1 1 22 1 1 1 23 1 23 2 0
query23 1.98 55% 0 71904 1.00 1.00 2 2 STAR 83 11 1 1 1 1 1 74 1 1 1 1 0 1 1 1 1 1 2 1 1 1 1 0
query24 72.16 11% 0 280364 1.00 1.00 7 7 HYBRID 2270 1104 1 1 1 1168 1 1 1 1 194 901 0 1 1 1 194 1 1 1 1 901 2 0
query25 2.34 96% 0 92780 1.00 1.00 2 2 PATH 1439 11 1 1 1 1 1 1 1 1430 1 1 0 1 1 1 1 1 1 1 2 1 1 0
query26 3.43 41% 0 76480 1.00 1.00 5 5 HYBRID 51 32 1 1 1 1 22 1 1 21 1 1 0 1 1 1 1 2 1 1 22 1 1 0
query27 134.62 8% 0 321588 1.00 1.00 4 4 HYBRID 6705 2071 1 4636 1 1 1 1 1 1 2061 1 0 1 2061 1 1 1 1 1 1 2 1 0
query28 2.16 52% 0 72596 1.00 1.00 4 3 STAR 21 15 1 1 1 1 1 1 2 1 11 1 0 1 1 2 1 1 1 4 1 2 1 0
query29 94.27 9% 0 312048 1.00 1.00 5 5 HYBRID 2019 1440 1 1 1 1430 1 1 1 1 1 581 0 1 1 1 2 1 1 1 1 1 1430 0
query30 10.91 24% 0 109268 1.00 1.00 4 4 STAR 244 145 1 135 1 1 1 1 1 1 101 1 0 1 2 1 1 1 1 1 1 135 1 0
query32 2.28 92% 0 91800 1.00 1.00 2 2 PATH 1510 11 1 1 1 1 1 1 1 1 1 1501 0 1 1 1 1 1 1 1 1 1 2 0
query33 3.24 89% 0 104244 1.00 1.00 3 2 PATH 3992 55 1238 1 1 1200 1 1 1 1 593 955 0 15 1 1 15 1 1 1 1 2 17 0
query34 2.58 53% 0 74576 1.00 1.00 5 2 STAR 75 21 1 1 1 1 1 1 1 15 40 13 0 1 1 1 1 1 1 1 2 10 2 0
query35 2.28 52% 0 73196 1.00 1.00 4 3 STAR 69 18 1 1 1 1 1 1 1 10 35 17 0 1 1 1 1 1 1 1 4 2 5 0
query36 2.03 63% 0 75596 1.00 1.00 2 2 PATH 331 11 1 1 1 1 1 1 1 1 322 1 0 1 1 1 1 1 1 1 1 2 1 0
query37 13.23 24% 0 118464 1.00 1.00 6 5 HYBRID 411 193 33 1 1 23 1 160 1 22 168 1 0 5 1 1 7 1 168 1 6 2 1 0
query38 30.95 14% 0 174172 1.00 1.00 6 6 HYBRID 651 454 1 1 1 1 199 1 1 1 1 444 0 1 1 1 1 444 1 1 1 1 2 0
query39 95.12 9% 0 305768 1.00 1.00 7 7 HYBRID 1539 1467 1 1 1 1 28 1 1 1430 1 74 0 1 1 1 1 1430 1 1 2 1 28 0
query40 4.08 34% 0 79112 1.00 1.00 4 4 HYBRID 45 42 1 1 32 1 1 1 1 1 1 5 0 1 1 2 1 1 1 1 1 1 32 0
query41 2.88 80% 0 97572 1.00 1.00 4 3 STAR 906 45 1 1 1 155 154 1 1 1 142 449 0 1 1 1 13 12 1 1 1 12 2 0
query42 5.86 29% 0 87012 1.00 1.00 7 7 HYBRID 119 67 1 1 1 54 1 1 1 1 57 1 0 1 1 1 57 1 1 1 1 2 1 0
query43 5.93 62% 0 127836 1.00 1.00 4 3 PATH 3010 116 1 1 1 1 744 1 1 1 758 1501 0 1 1 1 1 53 1 1 1 54 2 0
query44 2.12 70% 0 79308 1.00 1.00 3 3 HYBRID 438 11 1 1 1 429 1 1 1 1 1 1 0 1 1 1 2 1 1 1 1 1 1 0
query45 1.95 53% 0 71368 1.00 1.00 3 3 HYBRID 14 11 1 1 1 1 1 1 1 1 1 5 0 1 1 1 1 1 1 1 1 1 2 0
query47 2.44 104% 0 97072 1.00 1.00 3 3 HYBRID 2070 11 1 1 1 1 1 1 1 1 2061 1 0 1 1 1 1 1 1 1 1 2 1 0
query48 2.54 106% 0 94428 1.00 1.00 2 2 STAR 2070 11 1 1 1 1 1 1 1 1 1 2061 0 1 1 1 1 1 1 1 1 1 2 0
query49 156.22 7% 0 324276 1.00 1.00 4 4 HYBRID 3910 2411 1 1 1 2401 1 1 1 1 1 1501 0 1 1 1 2 1 1 1 1 1 2401 0
query51 2.11 71% 0 79300 1.00 1.00 2 2 STAR 453 11 1 444 1 1 1 1 1 1 1 1 0 1 2 1 1 1 1 1 1 1 1 0
query52 2.02 59% 0 71712 1.00 1.00 2 2 PATH 121 11 1 1 1 1 1 1 1 1 112 1 0 1 1 1 1 1 1 1 1 2 1 0
query53 15.24 20% 0 122588 1.00 1.00 4 4 STAR 218 211 1 1 1 1 1 201 1 1 9 1 0 1 1 1 1 1 2 1 1 201 1 0
query54 60.47 11% 0 248108 1.00 1.00 6 6 HYBRID 1234 911 1 1 325 901 1 1 1 1 1 1 0 1 1 901 2 1 1 1 1 1 1 0
query55 2.46 51% 0 74548 1.00 1.00 5 4 HYBRID 121 18 1 1 1 1 1 1 1 1 75 38 0 1 1 1 1 1 1 1 1 8 2 0
query56 11.16 36% 0 136992 1.00 1.00 4 3 STAR 3828 143 1 1 1 1 1 1 1 1910 1 1910 0 1 1 1 1 1 1 1 133 1 2 0
query57 2.15 52% 0 72384 1.00 1.00 4 3 HYBRID 46 15 1 1 5 1 1 23 1 1 11 1 0 1 1 2 1 1 4 1 1 2 1 0
query58 25.03 15% 0 164908 1.00 1.00 7 6 HYBRID 693 376 1 1 1 1 8 1 339 1 1 339 0 1 1 1 1 339 1 28 1 1 2 0
query59 12.55 175% 0 375752 1.00 1.00 4 3 STAR 1554351 354 1 1 1 5071 518633 1 1 514082 1 516559 0 1 1 1 2 116 1 1 115 1 115 0
query60 1.94 53% 0 70988 1.00 1.00 3 3 HYBRID 30 11 1 1 1 21 1 1 1 1 1 1 0 1 1 1 2 1 1 1 1 1 1 0
query61 2.17 55% 0 72648 1.00 1.00 4 3 STAR 23 15 1 1 1 1 1 3 1 1 11 2 0 1 1 1 1 1 3 1 1 2 3 0
query62 1.99 58% 0 71016 1.00 1.00 2 2 STAR 140 11 1 1 1 1 131 1 1 1 1 1 0 1 1 1 1 2 1 1 1 1 1 0
query63 4.58 70% 0 120424 1.00 1.00 3 2 STAR 1593 116 1 1 33 1 1 1 1 22 1511 21 0 1 1 36 1 1 1 1 36 2 36 0
query64 2.05 50% 0 70704 1.00 1.00 7 7 HYBRID 13 11 1 1 1 1 1 1 1 1 4 1 0 1 1 1 1 1 1 1 1 2 1 0
query65 1.94 52% 0 70652 1.00 1.00 2 2 PATH 36 11 1 1 1 1 1 1 1 1 27 1 0 1 1 1 1 1 1 1 1 2 1 0
query66 52.13 11% 0 237332 1.00 1.00 8 7 HYBRID 1103 798 1 1 45 1 1 1 1 764 287 1 0 1 1 25 1 1 1 1 2 764 1 0
query67 224.69 546% 0 1143028 1.00 0.00 4 4 HYBRID 1551190 1920 1 1 1 1549272 1 1 1 1 1 1910 0 1 1 1 1910 1 1 1 1 1 2 0
query68 3.38 55% 0 75400 1.00 1.00 4 3 HYBRID 120 23 1 1 1 1 2 1 1 108 3 1 0 1 1 1 1 6 1 1 2 8 1 0
query70 3.19 76% 0 81636 1.00 1.00 2 2 PATH 602 11 1 1 1 1 1 1 1 1 593 1 0 1 1 1 1 1 1 1 1 2 1 0
query71 2.94 79% 0 82576 1.00 1.00 3 3 HYBRID 546 11 1 1 1 1 1 1 1 1 537 1 0 1 1 1 1 1 1 1 1 2 1 0
query72 1107.40 8% 0 1074400 1.00 1.00 5 5 HYBRID 216998 14436 1 1 1 1 1 1 1 1 689 216301 0 1 1 1 1 1 1 1 1 14426 2 0
query73 3.05 62% 0 75140 1.00 1.00 4 3 STAR 154 20 19 1 1 1 1 1 1 73 33 23 0 3 1 1 1 1 1 1 2 4 5 0
query74 388.01 10% 0 480504 1.00 1.00 7 7 HYBRID 77506 5399 1 1 1 1 251 247 1 1 1 77001 0 1 1 1 1 2 5139 1 1 1 251 0
query75 5.27 40% 0 79108 1.00 1.00 5 5 HYBRID 65 39 1 1 1 1 29 1 1 28 1 1 0 1 1 1 1 2 1 1 29 1 1 0
query76 3.33 72% 0 82108 1.00 1.00 2 2 STAR 554 11 545 1 1 1 1 1 1 1 1 1 0 2 1 1 1 1 1 1 1 1 1 0
query77 5.93 84% 0 119316 1.00 1.00 4 3 HYBRID 2434 111 1 320 1 1 345 1 1 1430 1 333 0 1 35 1 1 34 1 1 2 1 34 0
query78 6.93 52% 0 95428 1.00 1.00 4 3 STAR 702 60 1 1 1 1 31 1 1 1 663 1 0 1 1 1 1 50 1 1 1 2 1 0
query80 1800.00 0% 0 1432 0.00 1.00 3 3 HYBRID 754522 548 1 1 1 1 1 1 1 754513 1 1 0 1 1 1 1 1 538 1 2 1 1 0
query81 3.23 80% 0 84928 1.00 1.00 3 2 PATH 1322 19 1 1 1 1 1 472 1 463 51 330 0 1 1 1 1 1 3 1 4 2 4 0
query82 5.65 76% 0 115224 1.00 1.00 3 2 STAR 1746 116 1 66 1 1 1 77 1 86 1511 1 0 1 36 1 1 1 36 1 36 2 1 0
query83 2.80 62% 0 71304 1.00 1.00 2 2 PATH 147 11 1 138 1 1 1 1 1 1 1 1 0 1 2 1 1 1 1 1 1 1 1 0
query84 2.72 58% 0 70948 1.00 1.00 3 3 STAR 20 11 1 1 1 1 1 1 1 1 11 1 0 1 1 1 1 1 1 1 1 2 1 0
query85 3.37 68% 0 83560 1.00 1.00 4 3 STAR 360 31 45 1 1 1 1 46 1 226 37 1 0 7 1 1 1 1 8 1 2 8 1 0
query86 3.17 96% 0 91208 1.00 1.00 2 2 STAR 1439 11 1 1 1 1 1 1 1 1430 1 1 0 1 1 1 1 1 1 1 2 1 1 0
query87 6.94 81% 0 154612 .99 1.00 9 4 HYBRID 803 229 82 3 1 1 415 25 1 56 164 55 0 32 21 11 12 13 22 12 31 53 22 0
query88 2.78 58% 0 70532 1.00 1.00 3 3 STAR 19 11 1 1 1 1 1 1 1 1 10 1 0 1 1 1 1 1 1 1 1 2 1 0
query89 2.72 56% 0 72528 1.00 1.00 5 4 HYBRID 12 12 1 2 2 1 1 1 1 1 1 1 0 1 2 2 1 1 1 1 1 1 1 0
query90 8.61 34% 0 98004 1.00 1.00 4 4 HYBRID 187 91 1 1 1 81 1 1 1 1 1 98 0 1 1 1 2 1 1 1 1 1 81 0
query91 2.61 60% 0 71996 1.00 1.00 2 2 STAR 146 11 1 1 137 1 1 1 1 1 1 1 0 1 1 2 1 1 1 1 1 1 1 0
query92 2.62 56% 0 70460 1.00 1.00 2 2 STAR 14 11 1 1 1 1 5 1 1 1 1 1 0 1 1 1 1 2 1 1 1 1 1 0
query93 11.14 54% 0 171624 1.00 1.00 4 3 HYBRID 6376 228 1 1 1588 1 1 1 1 1 1597 3184 0 1 1 110 1 1 1 1 1 109 2 0
query94 2.94 105% 0 93652 1.00 1.00 2 2 STAR 2070 11 1 1 1 1 1 1 1 1 2061 1 0 1 1 1 1 1 1 1 1 2 1 0
query95 34.86 41% 0 320784 1.00 1.00 5 4 HYBRID 21216 1282 1 668 744 1 1 1 797 1 1 19001 0 1 424 424 1 1 1 426 1 1 2 0
query96 3.19 52% 0 73992 1.00 1.00 5 4 HYBRID 51 18 1 1 40 1 1 1 1 1 1 3 0 1 1 2 1 1 1 1 1 1 8 0
query97 2.87 58% 0 73648 1.00 1.00 4 3 STAR 116 18 1 1 32 1 1 15 1 50 13 1 0 1 1 2 1 1 3 1 4 3 1 0
query98 5.33 72% 0 109616 1.00 1.00 5 4 HYBRID 1810 76 1 1 1 1 444 1 1 1 458 901 0 1 1 1 1 33 1 1 1 34 2 0
query99 139.65 10% 0 290316 1.00 1.00 7 6 HYBRID 2072 1935 1 72 83 1 1 1 1 1 1 1910 0 1 8 9 1 1 1 1910 1 1 2 0
query100 34.64 19% 0 173788 1.00 1.00 6 6 HYBRID 516 465 1 1 1 1 1 1 354 1 102 53 0 1 1 1 1 1 1 2 1 354 102 0
