query1 5.39 29% 0 72564 1.00 1.00 5 5 HYBRID 21 14 1 1 7 1 1 1 1 1 6 1 0 1 1 2 1 1 1 1 1 4 1 0
query2 6.56 49% 0 95308 1.00 1.00 3 3 HYBRID 1738 11 1 1 1 1 1 1 1 1 1729 1 0 1 1 1 1 1 1 1 1 2 1 0
query3 5.72 29% 0 74176 1.00 1.00 3 3 HYBRID 52 17 1 1 1 1 1 1 1 1 23 21 0 1 1 1 1 1 1 1 1 7 2 0
query4 63.64 17% 0 342896 1.00 1.00 5 5 HYBRID 24570 834 1 1 1 1 12281 1 1 1 1 12281 0 1 1 1 1 824 1 1 1 1 2 0
query5 25.74 22% 0 197752 1.00 1.00 3 3 HYBRID 4246 270 1 1 1 1 1 1 419 1 1 3819 0 1 1 1 1 1 1 260 1 1 2 0
query6 5.24 32% 0 75496 1.00 1.00 5 5 HYBRID 54 23 1 1 1 1 10 1 1 1 17 20 0 1 1 1 1 7 1 1 1 7 2 0
query7 8.25 37% 0 95764 1.00 1.00 3 3 STAR 920 46 1 1 1 1 1 1 456 1 1 456 0 1 1 1 1 1 1 36 1 1 2 0
query8 8.14 38% 0 98212 1.00 1.00 3 3 HYBRID 919 46 1 1 1 1 1 1 1 1 455 456 0 1 1 1 1 1 1 1 1 36 2 0
query9 32.02 17% 0 166068 1.00 1.00 6 6 HYBRID 742 403 1 1 1 1 1 1 1 341 393 1 0 1 1 1 1 1 1 1 393 2 1 0
query10 15.21 22% 0 114380 1.00 1.00 5 5 HYBRID 192 154 1 1 1 1 144 1 1 1 1 40 0 1 1 1 1 2 1 1 1 1 144 0
query11 8.51 40% 0 100128 1.00 1.00 2 2 STAR 1124 51 1 1 1 1 1 1 1 1 587 529 0 1 1 1 1 1 1 1 1 41 2 0
query12 5.47 30% 0 74384 1.00 1.00 5 5 HYBRID 50 17 1 1 1 1 22 1 1 20 1 1 0 1 1 1 1 2 1 1 7 1 1 0
query13 5.23 33% 0 75740 1.00 1.00 2 2 STAR 304 11 1 1 1 1 1 1 1 1 295 1 0 1 1 1 1 1 1 1 1 2 1 0
query14 118.36 10% 0 318884 1.00 1.00 7 7 HYBRID 2402 1739 1 1 665 1 1 1 1 1 1729 1 0 1 1 1729 1 1 1 1 1 2 1 0
query15 9.39 34% 0 106272 1.00 1.00 2 2 STAR 1725 62 1 1 1 1 1 1 700 1 1 1017 0 1 1 1 1 1 1 2 1 1 52 0
query16 30.25 72% 0 365564 1.00 1.00 3 3 STAR 1554351 354 1 1 1 5071 1 1 1 1 1 1549272 0 1 1 1 2 1 1 1 1 1 344 0
query17 7.82 28% 0 94980 1.00 1.00 5 5 STAR 159 97 1 1 1 87 1 1 1 1 64 1 0 1 1 1 2 1 1 1 1 87 1 0
query18 3.47 42% 0 78924 1.00 1.00 2 2 PATH 252 32 1 1 1 1 1 1 241 1 1 3 0 1 1 1 1 1 1 2 1 1 22 0
query19 1.96 53% 0 71656 1.00 1.00 4 4 STAR 15 11 1 1 1 6 1 1 1 1 1 1 0 1 1 1 2 1 1 1 1 1 1 0
query20 2.45 101% 0 100332 1.00 1.00 6 6 HYBRID 1551 11 1 1 1 1 1 1 1 1 1542 1 0 1 1 1 1 1 1 1 1 2 1 0
query21 1.99 56% 0 70864 1.00 1.00 2 2 STAR 84 11 1 1 1 1 75 1 1 1 1 1 0 1 1 1 1 2 1 1 1 1 1 0
query22 6.61 42% 0 111916 1.00 1.00 2 2 PATH 1711 76 1 1 1 1 1 1 1 1 802 901 0 1 1 1 1 1 1 1 1 66 2 0
query23 2.05 59% 0 71212 1.00 1.00 2 2 STAR 83 11 1 1 1 1 1 74 1 1 1 1 0 1 1 1 1 1 2 1 1 1 1 0
query24 72.15 10% 0 285400 1.00 1.00 7 7 HYBRID 2270 1104 1 1 1 1168 1 1 1 1 194 901 0 1 1 1 194 1 1 1 1 901 2 0
query25 2.33 93% 0 90220 1.00 1.00 2 2 PATH 1439 11 1 1 1 1 1 1 1 1430 1 1 0 1 1 1 1 1 1 1 2 1 1 0
query26 3.40 40% 0 77376 1.00 1.00 5 5 HYBRID 51 32 1 1 1 1 22 1 1 21 1 1 0 1 1 1 1 2 1 1 22 1 1 0
query27 134.62 8% 0 324608 1.00 1.00 4 4 HYBRID 6705 2071 1 4636 1 1 1 1 1 1 2061 1 0 1 2061 1 1 1 1 1 1 2 1 0
query28 2.21 48% 0 72008 1.00 1.00 3 3 STAR 21 15 1 1 1 1 1 1 2 1 11 1 0 1 1 1 1 1 1 5 1 2 1 0
query29 94.70 9% 0 306556 1.00 1.00 5 5 HYBRID 2019 1440 1 1 1 1430 1 1 1 1 1 581 0 1 1 1 2 1 1 1 1 1 1430 0
query30 10.92 24% 0 108324 1.00 1.00 4 4 STAR 244 145 1 135 1 1 1 1 1 1 101 1 0 1 2 1 1 1 1 1 1 135 1 0
query32 2.28 91% 0 92916 1.00 1.00 2 2 PATH 1510 11 1 1 1 1 1 1 1 1 1 1501 0 1 1 1 1 1 1 1 1 1 2 0
query33 5.16 54% 0 102824 1.00 1.00 2 2 PATH 3991 55 1 1 1 1 1 1 1 1 593 3390 0 1 1 1 1 1 1 1 1 2 45 0
query34 2.50 50% 0 75164 1.00 1.00 4 2 STAR 75 21 1 1 1 1 1 1 1 15 40 13 0 1 1 1 1 1 1 1 2 10 2 0
query35 2.44 47% 0 73452 1.00 1.00 3 3 STAR 69 18 1 1 1 1 1 1 1 1 35 26 0 1 1 1 1 1 1 1 1 2 8 0
query36 2.02 63% 0 75440 1.00 1.00 2 2 PATH 331 11 1 1 1 1 1 1 1 1 322 1 0 1 1 1 1 1 1 1 1 2 1 0
query37 13.09 22% 0 118792 1.00 1.00 5 5 HYBRID 411 193 1 1 1 1 1 160 1 76 168 1 0 1 1 1 1 1 168 1 16 2 1 0
query38 31.06 14% 0 172472 1.00 1.00 6 6 HYBRID 651 454 1 1 1 1 199 1 1 1 1 444 0 1 1 1 1 444 1 1 1 1 2 0
query39 94.69 8% 0 303372 1.00 1.00 7 7 HYBRID 1539 1467 1 1 1 1 28 1 1 1430 1 74 0 1 1 1 1 1430 1 1 2 1 28 0
query40 4.15 36% 0 78736 1.00 1.00 4 4 HYBRID 45 42 1 1 32 1 1 1 1 1 1 5 0 1 1 2 1 1 1 1 1 1 32 0
query41 4.40 52% 0 96916 1.00 1.00 3 3 STAR 906 45 1 1 1 1 1 1 1 1 449 449 0 1 1 1 1 1 1 1 1 35 2 0
query42 5.79 28% 0 86256 1.00 1.00 7 7 HYBRID 119 67 1 1 1 54 1 1 1 1 57 1 0 1 1 1 57 1 1 1 1 2 1 0
query43 9.32 38% 0 128788 1.00 1.00 3 3 PATH 3010 116 1 1 1 1 1 1 1 1 1501 1501 0 1 1 1 1 1 1 1 1 106 2 0
query44 2.08 67% 0 79240 1.00 1.00 3 3 HYBRID 438 11 1 1 1 429 1 1 1 1 1 1 0 1 1 1 2 1 1 1 1 1 1 0
query45 1.95 54% 0 70420 1.00 1.00 3 3 HYBRID 14 11 1 1 1 1 1 1 1 1 1 5 0 1 1 1 1 1 1 1 1 1 2 0
query47 2.49 105% 0 97540 1.00 1.00 3 3 HYBRID 2070 11 1 1 1 1 1 1 1 1 2061 1 0 1 1 1 1 1 1 1 1 2 1 0
query48 2.38 102% 0 93388 1.00 1.00 2 2 STAR 2070 11 1 1 1 1 1 1 1 1 1 2061 0 1 1 1 1 1 1 1 1 1 2 0
query49 156.29 7% 0 329000 1.00 1.00 4 4 HYBRID 3910 2411 1 1 1 2401 1 1 1 1 1 1501 0 1 1 1 2 1 1 1 1 1 2401 0
query51 2.12 70% 0 79020 1.00 1.00 2 2 STAR 453 11 1 444 1 1 1 1 1 1 1 1 0 1 2 1 1 1 1 1 1 1 1 0
query52 1.99 58% 0 70908 1.00 1.00 2 2 PATH 121 11 1 1 1 1 1 1 1 1 112 1 0 1 1 1 1 1 1 1 1 2 1 0
query53 15.33 21% 0 122244 1.00 1.00 4 4 STAR 218 211 1 1 1 1 1 201 1 1 9 1 0 1 1 1 1 1 2 1 1 201 1 0
query54 60.39 11% 0 255080 1.00 1.00 6 6 HYBRID 1234 911 1 1 325 901 1 1 1 1 1 1 0 1 1 901 2 1 1 1 1 1 1 0
query55 2.50 54% 0 74964 1.00 1.00 4 4 HYBRID 119 18 1 1 1 1 1 1 1 1 73 38 0 1 1 1 1 1 1 1 1 8 2 0
query56 11.17 33% 0 135780 1.00 1.00 3 3 STAR 3828 143 1 1 1 1 1 1 1 1910 1 1910 0 1 1 1 1 1 1 1 133 1 2 0
query57 2.24 51% 0 73636 1.00 1.00 3 3 HYBRID 46 15 1 1 1 1 1 27 1 1 11 1 0 1 1 1 1 1 5 1 1 2 1 0
query58 24.98 15% 0 161364 1.00 1.00 6 6 HYBRID 693 376 1 1 1 1 8 1 339 1 1 339 0 1 1 1 1 339 1 28 1 1 2 0
query59 30.38 69% 0 338840 1.00 1.00 3 3 STAR 1553985 354 1 1 1 5071 1 1 1 1 1 1548906 0 1 1 1 2 1 1 1 1 1 344 0
query60 2.03 56% 0 70864 1.00 1.00 3 3 HYBRID 30 11 1 1 1 21 1 1 1 1 1 1 0 1 1 1 2 1 1 1 1 1 1 0
query61 2.21 50% 0 73284 1.00 1.00 3 3 STAR 23 15 1 1 1 1 1 1 1 1 11 4 0 1 1 1 1 1 1 1 1 2 5 0
query62 2.01 59% 0 71376 1.00 1.00 2 2 STAR 140 11 1 1 1 1 131 1 1 1 1 1 0 1 1 1 1 2 1 1 1 1 1 0
query63 9.20 33% 0 116416 1.00 1.00 2 2 STAR 1593 116 1 1 1 1 1 1 1 1 1511 74 0 1 1 1 1 1 1 1 1 2 106 0
query64 2.11 55% 0 71416 1.00 1.00 7 7 HYBRID 13 11 1 1 1 1 1 1 1 1 4 1 0 1 1 1 1 1 1 1 1 2 1 0
query65 2.04 56% 0 71248 1.00 1.00 2 2 PATH 36 11 1 1 1 1 1 1 1 1 27 1 0 1 1 1 1 1 1 1 1 2 1 0
query66 52.16 12% 0 238396 1.00 1.00 7 7 HYBRID 1102 798 1 1 44 1 1 1 1 764 287 1 0 1 1 25 1 1 1 1 2 764 1 0
query67 232.36 574% 0 1143376 1.00 0.00 4 4 HYBRID 1551190 1920 1 1 1 1549272 1 1 1 1 1 1910 0 1 1 1 1910 1 1 1 1 1 2 0
query68 3.76 52% 0 76388 1.00 1.00 3 3 HYBRID 120 23 1 1 1 1 1 1 1 108 4 1 0 1 1 1 1 1 1 1 2 13 1 0
query70 2.92 75% 0 80872 1.00 1.00 2 2 PATH 602 11 1 1 1 1 1 1 1 1 593 1 0 1 1 1 1 1 1 1 1 2 1 0
query71 2.83 78% 0 81068 1.00 1.00 3 3 HYBRID 546 11 1 1 1 1 1 1 1 1 537 1 0 1 1 1 1 1 1 1 1 2 1 0
query72 1121.22 10% 0 1092416 1.00 1.00 5 5 HYBRID 216998 14436 1 1 1 1 1 1 1 1 689 216301 0 1 1 1 1 1 1 1 1 14426 2 0
query73 3.43 55% 0 74672 1.00 1.00 3 3 STAR 154 20 1 1 1 1 1 1 1 73 1 73 0 1 1 1 1 1 1 1 2 1 10 0
query74 389.09 10% 0 484544 1.00 1.00 7 7 HYBRID 77506 5399 1 1 1 1 251 247 1 1 1 77001 0 1 1 1 1 2 5139 1 1 1 251 0
query75 5.11 41% 0 78432 1.00 1.00 5 5 HYBRID 65 39 1 1 1 1 29 1 1 28 1 1 0 1 1 1 1 2 1 1 29 1 1 0
query76 3.35 68% 0 81272 1.00 1.00 2 2 STAR 554 11 545 1 1 1 1 1 1 1 1 1 0 2 1 1 1 1 1 1 1 1 1 0
query77 10.78 46% 0 121832 1.00 1.00 3 3 HYBRID 2434 111 1 1 1 1 1 1 1 1430 1 996 0 1 1 1 1 1 1 1 2 1 101 0
query78 7.09 53% 0 102524 1.00 1.00 3 3 STAR 702 60 1 1 1 1 31 1 1 1 663 1 0 1 1 1 1 50 1 1 1 2 1 0
query80 1800.00 0% 0 1432 0.00 1.00 3 3 HYBRID 754522 564 1 1 1 1 1 1 1 754513 1 1 0 1 1 1 1 1 554 1 2 1 1 0
query81 3.37 76% 0 87620 1.00 1.00 2 2 PATH 1296 19 1 1 1 1 1 1 1 1 51 1237 0 1 1 1 1 1 1 1 1 2 9 0
query82 10.91 39% 0 118276 1.00 1.00 2 2 STAR 1746 116 1 1 1 1 1 1 1 227 1511 1 0 1 1 1 1 1 1 1 106 2 1 0
query83 2.72 60% 0 72268 1.00 1.00 2 2 PATH 147 11 1 138 1 1 1 1 1 1 1 1 0 1 2 1 1 1 1 1 1 1 1 0
query84 2.74 59% 0 71120 1.00 1.00 3 3 STAR 20 11 1 1 1 1 1 1 1 1 11 1 0 1 1 1 1 1 1 1 1 2 1 0
query85 4.35 52% 0 83408 1.00 1.00 3 3 STAR 360 31 1 1 1 1 1 1 1 226 126 1 0 1 1 1 1 1 1 1 2 21 1 0
query86 3.06 94% 0 92756 1.00 1.00 2 2 STAR 1439 11 1 1 1 1 1 1 1 1430 1 1 0 1 1 1 1 1 1 1 2 1 1 0
query87 5.16 80% 0 117548 1.00 1.00 6 4 HYBRID 651 106 1 1 1 1 406 1 1 57 91 91 0 1 1 1 1 2 1 1 32 33 33 0
query88 2.65 57% 0 71788 1.00 1.00 3 3 STAR 19 11 1 1 1 1 1 1 1 1 10 1 0 1 1 1 1 1 1 1 1 2 1 0
query89 2.79 56% 0 71716 1.00 1.00 4 4 HYBRID 12 12 1 1 2 1 1 1 1 1 1 2 0 1 1 2 1 1 1 1 1 1 2 0
query90 8.67 34% 0 97020 1.00 1.00 4 4 HYBRID 187 91 1 1 1 81 1 1 1 1 1 98 0 1 1 1 2 1 1 1 1 1 81 0
query91 2.55 59% 0 71516 1.00 1.00 2 2 STAR 146 11 1 1 137 1 1 1 1 1 1 1 0 1 1 2 1 1 1 1 1 1 1 0
query92 2.64 55% 0 70332 1.00 1.00 2 2 STAR 14 11 1 1 1 1 5 1 1 1 1 1 0 1 1 1 1 2 1 1 1 1 1 0
query93 19.22 33% 0 171052 1.00 1.00 3 3 HYBRID 6376 228 1 1 1 1 1 1 1 1 3184 3184 0 1 1 1 1 1 1 1 1 218 2 0
query94 3.13 103% 0 93900 1.00 1.00 2 2 STAR 2070 11 1 1 1 1 1 1 1 1 2061 1 0 1 1 1 1 1 1 1 1 2 1 0
query95 95.08 15% 0 329020 1.00 1.00 4 4 HYBRID 21216 1282 1 1 1 1 1 1 2207 1 1 19001 0 1 1 1 1 1 1 1272 1 1 2 0
query96 3.05 52% 0 74752 1.00 1.00 4 4 HYBRID 51 18 1 1 40 1 1 1 1 1 1 3 0 1 1 2 1 1 1 1 1 1 8 0
query97 3.25 54% 0 74024 1.00 1.00 3 3 STAR 114 18 1 1 32 1 1 1 1 1 74 1 0 1 1 2 1 1 1 1 1 8 1 0
query98 7.91 52% 0 115612 1.00 1.00 4 4 HYBRID 1809 76 1 1 1 1 1 1 1 1 900 901 0 1 1 1 1 1 1 1 1 66 2 0
query99 139.45 10% 0 280200 1.00 1.00 6 6 HYBRID 2072 1935 1 1 154 1 1 1 1 1 1 1910 0 1 1 16 1 1 1 1910 1 1 2 0
query100 34.79 20% 0 174000 1.00 1.00 6 6 HYBRID 516 465 1 1 1 1 1 1 354 1 102 53 0 1 1 1 1 1 1 2 1 354 102 0
