query6661 16.69 19% 0 80988 1.00 1.00 3 3 HYBRID 117 37 1 1 1 1 1 1 1 1 1 1 1 1 1 1 1 1 1 1 1 1 1 1 1 63 1 1 1 1 26 1 0 1 1 1 1 1 1 1 1 1 1 1 1 1 1 1 1 1 1 1 1 1 1 1 7 1 1 1 1 2 1 0
query12302 5.87 37% 0 78948 1.00 1.00 3 3 STAR 35 34 1 1 1 1 1 3 1 1 1 1 1 1 1 1 1 1 1 1 1 1 1 1 1 1 1 1 4 1 1 1 0 1 1 1 1 1 4 1 1 1 1 1 1 1 1 1 1 1 1 1 1 1 1 1 1 1 1 2 1 1 1 0
query12306 2.46 45% 0 78244 1.00 1.00 3 3 STAR 34 34 1 1 1 1 1 2 1 1 1 1 1 1 1 1 1 1 1 1 1 1 1 1 1 1 1 1 4 1 1 1 0 1 1 1 1 1 4 1 1 1 1 1 1 1 1 1 1 1 1 1 1 1 1 1 1 1 1 2 1 1 1 0
query12342 6.31 40% 0 77148 1.00 1.00 3 3 STAR 35 34 1 1 1 1 1 3 1 1 1 1 1 1 1 1 1 1 1 1 1 1 1 1 1 1 1 1 4 1 1 1 0 1 1 1 1 1 4 1 1 1 1 1 1 1 1 1 1 1 1 1 1 1 1 1 1 1 1 2 1 1 1 0
query3143 5.68 63% 0 99936 1.00 1.00 3 3 HYBRID 381 63 1 1 1 1 1 1 1 1 1 1 1 1 1 1 1 1 122 1 1 1 15 1 1 1 1 1 1 1 1 217 0 1 1 1 1 1 1 1 1 1 1 1 1 1 1 1 1 20 1 1 1 14 1 1 1 1 1 1 1 1 2 0
query3148 3.05 60% 0 101296 1.00 1.00 3 3 HYBRID 486 71 1 1 1 1 1 1 1 1 1 1 1 1 1 1 1 1 153 1 1 1 5 1 1 1 1 1 1 1 1 301 0 1 1 1 1 1 1 1 1 1 1 1 1 1 1 1 1 26 1 1 1 16 1 1 1 1 1 1 1 1 2 0
query3160 2.99 61% 0 101436 1.00 1.00 3 3 HYBRID 486 71 1 1 1 1 1 1 1 1 1 1 1 1 1 1 1 1 153 1 1 1 5 1 1 1 1 1 1 1 1 301 0 1 1 1 1 1 1 1 1 1 1 1 1 1 1 1 1 26 1 1 1 16 1 1 1 1 1 1 1 1 2 0
query4217 2.62 55% 0 88044 1.00 1.00 7 2 STAR 36 49 1 1 1 1 1 1 1 1 1 2 1 1 1 1 1 1 1 1 1 1 1 1 1 6 1 1 1 1 1 1 0 1 1 1 1 1 1 1 1 1 4 1 1 1 1 1 1 1 1 1 4 1 1 1 2 1 4 4 4 4 1 0
query3196 5.33 71% 0 96472 1.00 1.00 3 3 HYBRID 381 63 1 1 1 1 1 1 1 1 1 1 1 1 1 1 1 1 122 1 1 1 15 1 1 1 1 1 1 1 1 217 0 1 1 1 1 1 1 1 1 1 1 1 1 1 1 1 1 20 1 1 1 14 1 1 1 1 1 1 1 1 2 0
query8835 3.13 51% 0 79392 1.00 1.00 3 3 HYBRID 55 36 1 1 1 1 1 1 1 1 1 1 1 1 1 1 1 1 1 1 1 1 1 1 1 15 1 1 1 1 12 1 0 1 1 1 1 1 1 1 1 1 1 1 1 1 1 1 1 1 1 1 1 1 1 1 6 1 1 1 1 2 1 0
query1669 2.50 46% 0 78208 1.00 1.00 2 2 PATH 81 35 1 1 1 1 1 1 1 1 1 1 1 1 1 1 1 1 1 1 1 1 1 1 1 44 1 1 1 1 1 9 0 1 1 1 1 1 1 1 1 1 1 1 1 1 1 1 1 1 1 1 1 1 1 1 5 1 1 1 1 1 2 0
query8844 2.66 47% 0 78320 1.00 1.00 3 3 HYBRID 55 36 1 1 1 1 1 1 1 1 1 1 1 1 1 1 1 1 1 1 1 1 1 1 1 15 1 1 1 1 12 1 0 1 1 1 1 1 1 1 1 1 1 1 1 1 1 1 1 1 1 1 1 1 1 1 6 1 1 1 1 2 1 0
query5774 2.69 47% 0 78792 1.00 1.00 2 2 STAR 82 37 1 1 1 1 1 1 1 1 1 1 1 1 1 1 1 1 1 1 1 1 1 1 1 1 27 1 27 1 1 1 0 1 1 1 1 1 1 1 1 1 1 1 1 1 1 1 1 1 1 1 1 1 1 1 1 2 1 7 1 1 1 0
query2712 2.57 47% 0 79752 1.00 1.00 2 2 PATH 104 38 1 1 1 1 1 1 1 1 1 1 1 1 1 1 1 1 1 1 1 1 1 1 38 1 38 1 1 1 1 1 0 1 1 1 1 1 1 1 1 1 1 1 1 1 1 1 1 1 1 1 1 1 1 8 1 2 1 1 1 1 1 0
query5796 5.71 49% 0 81124 1.00 1.00 2 2 STAR 160 40 1 1 1 1 1 1 1 1 1 1 1 1 1 1 1 1 1 1 1 1 1 1 1 1 66 1 66 1 1 1 0 1 1 1 1 1 1 1 1 1 1 1 1 1 1 1 1 1 1 1 1 1 1 1 1 2 1 10 1 1 1 0
query8876 5.52 40% 0 79020 1.00 1.00 3 3 HYBRID 42 35 1 1 1 1 1 1 1 1 1 1 1 1 1 1 1 1 1 1 1 1 1 1 1 4 1 1 1 1 10 1 0 1 1 1 1 1 1 1 1 1 1 1 1 1 1 1 1 1 1 1 1 1 1 1 5 1 1 1 1 2 1 0
query2739 2.64 50% 0 79864 1.00 1.00 2 2 PATH 128 39 1 1 1 1 1 1 1 1 1 1 1 1 1 1 1 1 1 1 1 1 1 1 50 1 50 1 1 1 1 1 0 1 1 1 1 1 1 1 1 1 1 1 1 1 1 1 1 1 1 1 1 1 1 9 1 2 1 1 1 1 1 0
query5813 2.87 53% 0 84388 1.00 1.00 2 2 STAR 266 43 1 1 1 1 1 1 1 1 1 1 1 1 1 1 1 1 1 1 1 1 1 1 1 1 119 1 119 1 1 1 0 1 1 1 1 1 1 1 1 1 1 1 1 1 1 1 1 1 1 1 1 1 1 1 1 2 1 13 1 1 1 0
query8889 2.48 45% 0 77840 1.00 1.00 3 3 HYBRID 44 34 1 1 1 1 1 1 1 1 1 1 1 1 1 1 1 1 1 1 1 1 1 1 1 9 1 1 1 1 7 1 0 1 1 1 1 1 1 1 1 1 1 1 1 1 1 1 1 1 1 1 1 1 1 1 4 1 1 1 1 2 1 0
query8897 6.41 44% 0 78036 1.00 1.00 3 3 HYBRID 42 35 1 1 1 1 1 1 1 1 1 1 1 1 1 1 1 1 1 1 1 1 1 1 1 4 1 1 1 1 10 1 0 1 1 1 1 1 1 1 1 1 1 1 1 1 1 1 1 1 1 1 1 1 1 1 5 1 1 1 1 2 1 0
query1733 6.32 42% 0 78688 1.00 1.00 2 2 PATH 85 35 1 1 1 1 1 1 1 1 1 1 1 1 1 1 1 1 1 1 1 1 1 1 1 47 1 1 1 1 1 10 0 1 1 1 1 1 1 1 1 1 1 1 1 1 1 1 1 1 1 1 1 1 1 1 5 1 1 1 1 1 2 0
query7368 5.83 40% 0 80344 1.00 1.00 4 4 HYBRID 45 38 1 1 1 1 1 1 1 1 1 1 1 1 1 1 1 1 1 1 1 1 1 1 1 1 1 1 10 1 4 4 0 1 1 1 1 1 1 1 1 1 1 1 1 1 1 1 1 1 1 1 1 1 1 1 1 1 1 4 1 5 2 0
query7369 2.68 48% 0 79288 1.00 1.00 4 4 HYBRID 45 38 1 1 1 1 1 1 1 1 1 1 1 1 1 1 1 1 1 1 1 1 1 1 1 1 1 1 10 1 4 4 0 1 1 1 1 1 1 1 1 1 1 1 1 1 1 1 1 1 1 1 1 1 1 1 1 1 1 4 1 5 2 0
query7375 6.41 42% 0 78728 1.00 1.00 4 4 HYBRID 45 38 1 1 1 1 1 1 1 1 1 1 1 1 1 1 1 1 1 1 1 1 1 1 1 1 1 1 10 1 4 4 0 1 1 1 1 1 1 1 1 1 1 1 1 1 1 1 1 1 1 1 1 1 1 1 1 1 1 4 1 5 2 0
query8920 2.55 45% 0 77348 1.00 1.00 3 3 HYBRID 42 35 1 1 1 1 1 1 1 1 1 1 1 1 1 1 1 1 1 1 1 1 1 1 1 4 1 1 1 1 10 1 0 1 1 1 1 1 1 1 1 1 1 1 1 1 1 1 1 1 1 1 1 1 1 1 5 1 1 1 1 2 1 0
query2795 2.55 48% 0 79788 1.00 1.00 3 3 HYBRID 76 42 1 1 1 1 1 1 1 1 1 1 1 1 1 1 1 1 1 1 1 1 10 1 1 1 1 1 27 1 1 12 0 1 1 1 1 1 1 1 1 1 1 1 1 1 1 1 1 1 1 1 1 7 1 1 1 1 1 6 1 1 2 0
query2797 2.56 48% 0 80524 1.00 1.00 3 3 HYBRID 76 42 1 1 1 1 1 1 1 1 1 1 1 1 1 1 1 1 1 1 1 1 10 1 1 1 1 1 27 1 1 12 0 1 1 1 1 1 1 1 1 1 1 1 1 1 1 1 1 1 1 1 1 7 1 1 1 1 1 6 1 1 2 0
query2836 6.00 38% 0 79096 1.00 1.00 3 3 HYBRID 60 39 1 1 1 1 1 1 1 1 1 1 1 1 1 1 1 1 1 1 1 1 11 1 1 1 1 1 17 1 1 5 0 1 1 1 1 1 1 1 1 1 1 1 1 1 1 1 1 1 1 1 1 7 1 1 1 1 1 3 1 1 2 0
query2892 5.97 40% 0 79024 1.00 1.00 2 2 STAR 35 33 1 1 1 1 1 1 1 1 1 1 1 1 1 1 1 1 1 1 1 1 1 1 1 1 1 1 3 1 1 4 0 1 1 1 1 1 1 1 1 1 1 1 1 1 1 1 1 1 1 1 1 1 1 1 1 1 1 3 1 1 2 0
query2893 2.45 46% 0 77272 1.00 1.00 2 2 STAR 37 33 1 1 1 1 1 1 1 1 1 1 1 1 1 1 1 1 1 1 1 1 1 1 1 1 1 1 4 1 1 5 0 1 1 1 1 1 1 1 1 1 1 1 1 1 1 1 1 1 1 1 1 1 1 1 1 1 1 3 1 1 2 0
query2380 5.93 37% 0 78988 1.00 1.00 2 2 PATH 54 34 1 1 1 1 1 1 1 1 1 1 1 1 1 1 1 1 1 1 1 1 1 1 1 19 1 1 1 1 1 7 0 1 1 1 1 1 1 1 1 1 1 1 1 1 1 1 1 1 1 1 1 1 1 1 4 1 1 1 1 1 2 0
query1873 7.60 56% 0 118188 1.00 1.00 4 4 STAR 219 190 1 1 1 1 1 1 1 1 1 1 1 1 1 1 1 1 1 1 1 1 1 153 1 1 1 35 4 1 1 1 0 1 1 1 1 1 1 1 1 1 1 1 1 1 1 1 1 1 1 1 1 1 2 1 1 1 153 8 1 1 1 0
query2897 2.62 47% 0 77776 1.00 1.00 2 2 STAR 37 33 1 1 1 1 1 1 1 1 1 1 1 1 1 1 1 1 1 1 1 1 1 1 1 1 1 1 4 1 1 5 0 1 1 1 1 1 1 1 1 1 1 1 1 1 1 1 1 1 1 1 1 1 1 1 1 1 1 3 1 1 2 0
query2898 2.44 45% 0 77112 1.00 1.00 2 2 STAR 37 33 1 1 1 1 1 1 1 1 1 1 1 1 1 1 1 1 1 1 1 1 1 1 1 1 1 1 4 1 1 5 0 1 1 1 1 1 1 1 1 1 1 1 1 1 1 1 1 1 1 1 1 1 1 1 1 1 1 3 1 1 2 0
query2900 2.60 46% 0 78176 1.00 1.00 2 2 STAR 33 33 1 1 1 1 1 1 1 1 1 1 1 1 1 1 1 1 1 1 1 1 1 1 1 1 1 1 2 1 1 3 0 1 1 1 1 1 1 1 1 1 1 1 1 1 1 1 1 1 1 1 1 1 1 1 1 1 1 3 1 1 2 0
query2905 2.53 46% 0 77884 1.00 1.00 2 2 STAR 35 33 1 1 1 1 1 1 1 1 1 1 1 1 1 1 1 1 1 1 1 1 1 1 1 1 1 1 3 1 1 4 0 1 1 1 1 1 1 1 1 1 1 1 1 1 1 1 1 1 1 1 1 1 1 1 1 1 1 3 1 1 2 0
query2908 2.45 45% 0 77068 1.00 1.00 2 2 STAR 37 33 1 1 1 1 1 1 1 1 1 1 1 1 1 1 1 1 1 1 1 1 1 1 1 1 1 1 4 1 1 5 0 1 1 1 1 1 1 1 1 1 1 1 1 1 1 1 1 1 1 1 1 1 1 1 1 1 1 3 1 1 2 0
query2910 2.55 45% 0 77732 1.00 1.00 2 2 STAR 37 33 1 1 1 1 1 1 1 1 1 1 1 1 1 1 1 1 1 1 1 1 1 1 1 1 1 1 4 1 1 5 0 1 1 1 1 1 1 1 1 1 1 1 1 1 1 1 1 1 1 1 1 1 1 1 1 1 1 3 1 1 2 0
query353 110.42 40% 0 362400 1.00 1.00 14 14 HYBRID 17150 16595 1 1 1 1 1 557 1 1 1 1 1 1 1 1 1 1 1 1 1 1 1 1 4633 557 6745 1 1 1 4633 1 0 1 1 1 1 1 557 1 1 1 1 1 1 1 1 1 1 1 1 1 1 1 1 4633 6745 4633 1 1 1 2 1 0
query4449 6.12 38% 0 77444 1.00 1.00 2 2 PATH 34 33 1 1 1 1 1 1 1 1 1 1 1 1 1 1 1 1 1 1 1 1 1 1 1 3 1 1 1 1 1 3 0 1 1 1 1 1 1 1 1 1 1 1 1 1 1 1 1 1 1 1 1 1 1 1 2 1 1 1 1 1 3 0
query2914 2.43 45% 0 78332 1.00 1.00 2 2 STAR 35 33 1 1 1 1 1 1 1 1 1 1 1 1 1 1 1 1 1 1 1 1 1 1 1 1 1 1 3 1 1 4 0 1 1 1 1 1 1 1 1 1 1 1 1 1 1 1 1 1 1 1 1 1 1 1 1 1 1 3 1 1 2 0
query2406 2.47 47% 0 78060 1.00 1.00 2 2 PATH 81 35 1 1 1 1 1 1 1 1 1 1 1 1 1 1 1 1 1 1 1 1 1 1 1 44 1 1 1 1 1 9 0 1 1 1 1 1 1 1 1 1 1 1 1 1 1 1 1 1 1 1 1 1 1 1 5 1 1 1 1 1 2 0
query2931 2.44 47% 0 77848 1.00 1.00 2 2 STAR 37 33 1 1 1 1 1 1 1 1 1 1 1 1 1 1 1 1 1 1 1 1 1 1 1 1 1 1 4 1 1 5 0 1 1 1 1 1 1 1 1 1 1 1 1 1 1 1 1 1 1 1 1 1 1 1 1 1 1 3 1 1 2 0
query2940 2.45 46% 0 77592 1.00 1.00 2 2 STAR 33 33 1 1 1 1 1 1 1 1 1 1 1 1 1 1 1 1 1 1 1 1 1 1 1 1 1 1 2 1 1 3 0 1 1 1 1 1 1 1 1 1 1 1 1 1 1 1 1 1 1 1 1 1 1 1 1 1 1 3 1 1 2 0
query2941 3.41 49% 0 78380 1.00 1.00 2 2 STAR 35 33 1 1 1 1 1 1 1 1 1 1 1 1 1 1 1 1 1 1 1 1 1 1 1 1 1 1 3 1 1 4 0 1 1 1 1 1 1 1 1 1 1 1 1 1 1 1 1 1 1 1 1 1 1 1 1 1 1 3 1 1 2 0
query2944 2.44 45% 0 77824 1.00 1.00 2 2 STAR 37 33 1 1 1 1 1 1 1 1 1 1 1 1 1 1 1 1 1 1 1 1 1 1 1 1 1 1 4 1 1 5 0 1 1 1 1 1 1 1 1 1 1 1 1 1 1 1 1 1 1 1 1 1 1 1 1 1 1 3 1 1 2 0
query2947 2.55 45% 0 77956 1.00 1.00 2 2 STAR 35 33 1 1 1 1 1 1 1 1 1 1 1 1 1 1 1 1 1 1 1 1 1 1 1 1 1 1 3 1 1 4 0 1 1 1 1 1 1 1 1 1 1 1 1 1 1 1 1 1 1 1 1 1 1 1 1 1 1 3 1 1 2 0
query2444 2.46 47% 0 78668 1.00 1.00 2 2 PATH 81 35 1 1 1 1 1 1 1 1 1 1 1 1 1 1 1 1 1 1 1 1 1 1 1 44 1 1 1 1 1 9 0 1 1 1 1 1 1 1 1 1 1 1 1 1 1 1 1 1 1 1 1 1 1 1 5 1 1 1 1 1 2 0
query2963 2.45 46% 0 78088 1.00 1.00 2 2 STAR 35 33 1 1 1 1 1 1 1 1 1 1 1 1 1 1 1 1 1 1 1 1 1 1 1 1 1 1 3 1 1 4 0 1 1 1 1 1 1 1 1 1 1 1 1 1 1 1 1 1 1 1 1 1 1 1 1 1 1 3 1 1 2 0
query2451 2.49 47% 0 78108 1.00 1.00 2 2 PATH 92 36 1 1 1 1 1 1 1 1 1 1 1 1 1 1 1 1 1 1 1 1 1 1 1 51 1 1 1 1 1 13 0 1 1 1 1 1 1 1 1 1 1 1 1 1 1 1 1 1 1 1 1 1 1 1 6 1 1 1 1 1 2 0
query9124 6.26 57% 0 97480 1.00 1.00 5 5 HYBRID 575 47 1 1 1 1 1 1 1 1 1 1 1 1 1 1 1 1 1 1 1 1 1 1 6 1 1 1 530 1 12 1 0 1 1 1 1 1 1 1 1 1 1 1 1 1 1 1 1 1 1 1 1 1 1 12 1 1 1 6 1 2 1 0
query9125 2.64 65% 0 90688 1.00 1.00 5 5 HYBRID 71 52 1 1 1 1 1 1 1 1 1 1 1 1 1 1 1 1 1 1 1 1 1 1 13 1 1 1 21 1 10 1 0 1 1 1 1 1 1 1 1 1 1 1 1 1 1 1 1 1 1 1 1 1 1 10 1 1 1 13 1 2 1 0
query9127 2.53 59% 0 89888 1.00 1.00 5 5 HYBRID 149 49 1 1 1 1 1 1 1 1 1 1 1 1 1 1 1 1 1 1 1 1 1 1 9 1 1 1 102 1 11 1 0 1 1 1 1 1 1 1 1 1 1 1 1 1 1 1 1 1 1 1 1 1 1 11 1 1 1 9 1 2 1 0
query9129 6.37 46% 0 88332 1.00 1.00 5 5 HYBRID 55 44 1 1 1 1 1 1 1 1 1 1 1 1 1 1 1 1 1 1 1 1 1 1 5 1 1 1 13 1 10 1 0 1 1 1 1 1 1 1 1 1 1 1 1 1 1 1 1 1 1 1 1 1 1 10 1 1 1 5 1 2 1 0
query9130 2.58 55% 0 91252 1.00 1.00 5 5 HYBRID 70 55 1 1 1 1 1 1 1 1 1 1 1 1 1 1 1 1 1 1 1 1 1 1 16 1 1 1 17 1 10 1 0 1 1 1 1 1 1 1 1 1 1 1 1 1 1 1 1 1 1 1 1 1 1 10 1 1 1 16 1 2 1 0
query9134 2.54 56% 0 88008 1.00 1.00 5 5 HYBRID 88 54 1 1 1 1 1 1 1 1 1 1 1 1 1 1 1 1 1 1 1 1 1 1 11 1 1 1 36 1 14 1 0 1 1 1 1 1 1 1 1 1 1 1 1 1 1 1 1 1 1 1 1 1 1 14 1 1 1 11 1 2 1 0
query9135 6.18 63% 0 96608 1.00 1.00 5 5 HYBRID 575 47 1 1 1 1 1 1 1 1 1 1 1 1 1 1 1 1 1 1 1 1 1 1 6 1 1 1 530 1 12 1 0 1 1 1 1 1 1 1 1 1 1 1 1 1 1 1 1 1 1 1 1 1 1 12 1 1 1 6 1 2 1 0
query9136 2.59 67% 0 96568 1.00 1.00 5 5 HYBRID 575 47 1 1 1 1 1 1 1 1 1 1 1 1 1 1 1 1 1 1 1 1 1 1 6 1 1 1 530 1 12 1 0 1 1 1 1 1 1 1 1 1 1 1 1 1 1 1 1 1 1 1 1 1 1 12 1 1 1 6 1 2 1 0
query9137 2.58 56% 0 90668 1.00 1.00 5 5 HYBRID 71 52 1 1 1 1 1 1 1 1 1 1 1 1 1 1 1 1 1 1 1 1 1 1 13 1 1 1 21 1 10 1 0 1 1 1 1 1 1 1 1 1 1 1 1 1 1 1 1 1 1 1 1 1 1 10 1 1 1 13 1 2 1 0
query9139 2.47 47% 0 78748 1.00 1.00 5 5 HYBRID 46 37 1 1 1 1 1 1 1 1 1 1 1 1 1 1 1 1 1 1 1 1 1 1 3 1 1 1 11 1 5 1 0 1 1 1 1 1 1 1 1 1 1 1 1 1 1 1 1 1 1 1 1 1 1 5 1 1 1 3 1 2 1 0
query9143 5.84 39% 0 80088 1.00 1.00 5 5 HYBRID 46 37 1 1 1 1 1 1 1 1 1 1 1 1 1 1 1 1 1 1 1 1 1 1 3 1 1 1 11 1 5 1 0 1 1 1 1 1 1 1 1 1 1 1 1 1 1 1 1 1 1 1 1 1 1 5 1 1 1 3 1 2 1 0
query9144 2.59 57% 0 90112 1.00 1.00 5 5 HYBRID 149 49 1 1 1 1 1 1 1 1 1 1 1 1 1 1 1 1 1 1 1 1 1 1 9 1 1 1 102 1 11 1 0 1 1 1 1 1 1 1 1 1 1 1 1 1 1 1 1 1 1 1 1 1 1 11 1 1 1 9 1 2 1 0
query9149 2.72 56% 0 91512 1.00 1.00 5 5 HYBRID 70 55 1 1 1 1 1 1 1 1 1 1 1 1 1 1 1 1 1 1 1 1 1 1 16 1 1 1 17 1 10 1 0 1 1 1 1 1 1 1 1 1 1 1 1 1 1 1 1 1 1 1 1 1 1 10 1 1 1 16 1 2 1 0
query9150 6.03 53% 0 88420 1.00 1.00 5 5 HYBRID 88 54 1 1 1 1 1 1 1 1 1 1 1 1 1 1 1 1 1 1 1 1 1 1 11 1 1 1 36 1 14 1 0 1 1 1 1 1 1 1 1 1 1 1 1 1 1 1 1 1 1 1 1 1 1 14 1 1 1 11 1 2 1 0
query9152 2.51 58% 0 87124 1.00 1.00 5 5 HYBRID 149 49 1 1 1 1 1 1 1 1 1 1 1 1 1 1 1 1 1 1 1 1 1 1 9 1 1 1 102 1 11 1 0 1 1 1 1 1 1 1 1 1 1 1 1 1 1 1 1 1 1 1 1 1 1 11 1 1 1 9 1 2 1 0
query9156 2.47 52% 0 86680 1.00 1.00 5 5 HYBRID 55 44 1 1 1 1 1 1 1 1 1 1 1 1 1 1 1 1 1 1 1 1 1 1 5 1 1 1 13 1 10 1 0 1 1 1 1 1 1 1 1 1 1 1 1 1 1 1 1 1 1 1 1 1 1 10 1 1 1 5 1 2 1 0
query9157 2.51 48% 0 79896 1.00 1.00 5 5 HYBRID 42 41 1 1 1 1 1 1 1 1 1 1 1 1 1 1 1 1 1 1 1 1 1 1 3 1 1 1 3 1 9 1 0 1 1 1 1 1 1 1 1 1 1 1 1 1 1 1 1 1 1 1 1 1 1 9 1 1 1 3 1 2 1 0
query9158 2.53 53% 0 86460 1.00 1.00 5 5 HYBRID 53 46 1 1 1 1 1 1 1 1 1 1 1 1 1 1 1 1 1 1 1 1 1 1 7 1 1 1 9 1 10 1 0 1 1 1 1 1 1 1 1 1 1 1 1 1 1 1 1 1 1 1 1 1 1 10 1 1 1 7 1 2 1 0
query9159 2.51 50% 0 79524 1.00 1.00 5 5 HYBRID 42 41 1 1 1 1 1 1 1 1 1 1 1 1 1 1 1 1 1 1 1 1 1 1 3 1 1 1 3 1 9 1 0 1 1 1 1 1 1 1 1 1 1 1 1 1 1 1 1 1 1 1 1 1 1 9 1 1 1 3 1 2 1 0
query9161 2.71 55% 0 90568 1.00 1.00 5 5 HYBRID 70 55 1 1 1 1 1 1 1 1 1 1 1 1 1 1 1 1 1 1 1 1 1 1 16 1 1 1 17 1 10 1 0 1 1 1 1 1 1 1 1 1 1 1 1 1 1 1 1 1 1 1 1 1 1 10 1 1 1 16 1 2 1 0
query9162 5.94 49% 0 91680 1.00 1.00 5 5 HYBRID 71 52 1 1 1 1 1 1 1 1 1 1 1 1 1 1 1 1 1 1 1 1 1 1 13 1 1 1 21 1 10 1 0 1 1 1 1 1 1 1 1 1 1 1 1 1 1 1 1 1 1 1 1 1 1 10 1 1 1 13 1 2 1 0
query9164 2.76 55% 0 89252 1.00 1.00 5 5 HYBRID 88 54 1 1 1 1 1 1 1 1 1 1 1 1 1 1 1 1 1 1 1 1 1 1 11 1 1 1 36 1 14 1 0 1 1 1 1 1 1 1 1 1 1 1 1 1 1 1 1 1 1 1 1 1 1 14 1 1 1 11 1 2 1 0
query9165 4.02 56% 0 87140 1.00 1.00 5 5 HYBRID 53 46 1 1 1 1 1 1 1 1 1 1 1 1 1 1 1 1 1 1 1 1 1 1 7 1 1 1 9 1 10 1 0 1 1 1 1 1 1 1 1 1 1 1 1 1 1 1 1 1 1 1 1 1 1 10 1 1 1 7 1 2 1 0
query6606 2.47 45% 0 77824 1.00 1.00 3 3 HYBRID 65 34 1 1 1 1 1 1 1 1 1 1 1 1 1 1 1 1 1 1 1 1 1 1 1 29 1 1 1 1 8 1 0 1 1 1 1 1 1 1 1 1 1 1 1 1 1 1 1 1 1 1 1 1 1 1 4 1 1 1 1 2 1 0
query6608 2.51 49% 0 79152 1.00 1.00 3 3 HYBRID 155 37 1 1 1 1 1 1 1 1 1 1 1 1 1 1 1 1 1 1 1 1 1 1 1 109 1 1 1 1 18 1 0 1 1 1 1 1 1 1 1 1 1 1 1 1 1 1 1 1 1 1 1 1 1 1 7 1 1 1 1 2 1 0
query9168 2.81 44% 0 80056 1.00 1.00 5 5 HYBRID 42 41 1 1 1 1 1 1 1 1 1 1 1 1 1 1 1 1 1 1 1 1 1 1 3 1 1 1 3 1 9 1 0 1 1 1 1 1 1 1 1 1 1 1 1 1 1 1 1 1 1 1 1 1 1 9 1 1 1 3 1 2 1 0
query9170 2.71 50% 0 86136 1.00 1.00 5 5 HYBRID 53 46 1 1 1 1 1 1 1 1 1 1 1 1 1 1 1 1 1 1 1 1 1 1 7 1 1 1 9 1 10 1 0 1 1 1 1 1 1 1 1 1 1 1 1 1 1 1 1 1 1 1 1 1 1 10 1 1 1 7 1 2 1 0
query9172 2.45 46% 0 78352 1.00 1.00 5 5 HYBRID 46 37 1 1 1 1 1 1 1 1 1 1 1 1 1 1 1 1 1 1 1 1 1 1 3 1 1 1 11 1 5 1 0 1 1 1 1 1 1 1 1 1 1 1 1 1 1 1 1 1 1 1 1 1 1 5 1 1 1 3 1 2 1 0
query9175 2.54 51% 0 85656 1.00 1.00 5 5 HYBRID 55 44 1 1 1 1 1 1 1 1 1 1 1 1 1 1 1 1 1 1 1 1 1 1 5 1 1 1 13 1 10 1 0 1 1 1 1 1 1 1 1 1 1 1 1 1 1 1 1 1 1 1 1 1 1 10 1 1 1 5 1 2 1 0
query9176 2.48 49% 0 78964 1.00 1.00 5 5 HYBRID 42 41 1 1 1 1 1 1 1 1 1 1 1 1 1 1 1 1 1 1 1 1 1 1 3 1 1 1 3 1 9 1 0 1 1 1 1 1 1 1 1 1 1 1 1 1 1 1 1 1 1 1 1 1 1 9 1 1 1 3 1 2 1 0
query9179 3.56 55% 0 89888 1.00 1.00 5 5 HYBRID 149 49 1 1 1 1 1 1 1 1 1 1 1 1 1 1 1 1 1 1 1 1 1 1 9 1 1 1 102 1 11 1 0 1 1 1 1 1 1 1 1 1 1 1 1 1 1 1 1 1 1 1 1 1 1 11 1 1 1 9 1 2 1 0
query9180 2.61 56% 0 88396 1.00 1.00 5 5 HYBRID 70 55 1 1 1 1 1 1 1 1 1 1 1 1 1 1 1 1 1 1 1 1 1 1 16 1 1 1 17 1 10 1 0 1 1 1 1 1 1 1 1 1 1 1 1 1 1 1 1 1 1 1 1 1 1 10 1 1 1 16 1 2 1 0
query9181 2.55 51% 0 86364 1.00 1.00 5 5 HYBRID 55 44 1 1 1 1 1 1 1 1 1 1 1 1 1 1 1 1 1 1 1 1 1 1 5 1 1 1 13 1 10 1 0 1 1 1 1 1 1 1 1 1 1 1 1 1 1 1 1 1 1 1 1 1 1 10 1 1 1 5 1 2 1 0
query9184 2.58 69% 0 96768 1.00 1.00 5 5 HYBRID 575 47 1 1 1 1 1 1 1 1 1 1 1 1 1 1 1 1 1 1 1 1 1 1 6 1 1 1 530 1 12 1 0 1 1 1 1 1 1 1 1 1 1 1 1 1 1 1 1 1 1 1 1 1 1 12 1 1 1 6 1 2 1 0
query9185 2.50 48% 0 79884 1.00 1.00 5 5 HYBRID 42 41 1 1 1 1 1 1 1 1 1 1 1 1 1 1 1 1 1 1 1 1 1 1 3 1 1 1 3 1 9 1 0 1 1 1 1 1 1 1 1 1 1 1 1 1 1 1 1 1 1 1 1 1 1 9 1 1 1 3 1 2 1 0
query9186 2.56 57% 0 89076 1.00 1.00 5 5 HYBRID 88 54 1 1 1 1 1 1 1 1 1 1 1 1 1 1 1 1 1 1 1 1 1 1 11 1 1 1 36 1 14 1 0 1 1 1 1 1 1 1 1 1 1 1 1 1 1 1 1 1 1 1 1 1 1 14 1 1 1 11 1 2 1 0
query9187 2.58 56% 0 90532 1.00 1.00 5 5 HYBRID 70 55 1 1 1 1 1 1 1 1 1 1 1 1 1 1 1 1 1 1 1 1 1 1 16 1 1 1 17 1 10 1 0 1 1 1 1 1 1 1 1 1 1 1 1 1 1 1 1 1 1 1 1 1 1 10 1 1 1 16 1 2 1 0
query6628 2.45 45% 0 77716 1.00 1.00 3 3 HYBRID 53 35 1 1 1 1 1 1 1 1 1 1 1 1 1 1 1 1 1 1 1 1 1 1 1 16 1 1 1 1 9 1 0 1 1 1 1 1 1 1 1 1 1 1 1 1 1 1 1 1 1 1 1 1 1 1 5 1 1 1 1 2 1 0
query9189 3.51 48% 0 80060 1.00 1.00 5 5 HYBRID 42 41 1 1 1 1 1 1 1 1 1 1 1 1 1 1 1 1 1 1 1 1 1 1 3 1 1 1 3 1 9 1 0 1 1 1 1 1 1 1 1 1 1 1 1 1 1 1 1 1 1 1 1 1 1 9 1 1 1 3 1 2 1 0
query6630 2.57 46% 0 78692 1.00 1.00 3 3 HYBRID 65 34 1 1 1 1 1 1 1 1 1 1 1 1 1 1 1 1 1 1 1 1 1 1 1 29 1 1 1 1 8 1 0 1 1 1 1 1 1 1 1 1 1 1 1 1 1 1 1 1 1 1 1 1 1 1 4 1 1 1 1 2 1 0
query11234 2.77 59% 0 95876 1.00 1.00 3 3 STAR 262 54 1 1 1 1 1 1 1 1 1 1 1 1 1 1 1 1 1 1 1 1 1 7 1 1 1 11 1 1 1 217 0 1 1 1 1 1 1 1 1 1 1 1 1 1 1 1 1 1 1 1 1 1 5 1 1 1 20 1 1 1 2 0
query9192 2.75 54% 0 90604 1.00 1.00 5 5 HYBRID 70 55 1 1 1 1 1 1 1 1 1 1 1 1 1 1 1 1 1 1 1 1 1 1 16 1 1 1 17 1 10 1 0 1 1 1 1 1 1 1 1 1 1 1 1 1 1 1 1 1 1 1 1 1 1 10 1 1 1 16 1 2 1 0
query9193 6.10 41% 0 80124 1.00 1.00 5 5 HYBRID 42 41 1 1 1 1 1 1 1 1 1 1 1 1 1 1 1 1 1 1 1 1 1 1 3 1 1 1 3 1 9 1 0 1 1 1 1 1 1 1 1 1 1 1 1 1 1 1 1 1 1 1 1 1 1 9 1 1 1 3 1 2 1 0
query6634 6.36 43% 0 80192 1.00 1.00 3 3 HYBRID 146 37 1 1 1 1 1 1 1 1 1 1 1 1 1 1 1 1 1 1 1 1 1 1 1 93 1 1 1 1 25 1 0 1 1 1 1 1 1 1 1 1 1 1 1 1 1 1 1 1 1 1 1 1 1 1 7 1 1 1 1 2 1 0
query9194 2.66 47% 0 80368 1.00 1.00 5 5 HYBRID 42 41 1 1 1 1 1 1 1 1 1 1 1 1 1 1 1 1 1 1 1 1 1 1 3 1 1 1 3 1 9 1 0 1 1 1 1 1 1 1 1 1 1 1 1 1 1 1 1 1 1 1 1 1 1 9 1 1 1 3 1 2 1 0
query9202 5.86 50% 0 90752 1.00 1.00 5 5 HYBRID 70 55 1 1 1 1 1 1 1 1 1 1 1 1 1 1 1 1 1 1 1 1 1 1 16 1 1 1 17 1 10 1 0 1 1 1 1 1 1 1 1 1 1 1 1 1 1 1 1 1 1 1 1 1 1 10 1 1 1 16 1 2 1 0
query9203 2.59 47% 0 79784 1.00 1.00 5 5 HYBRID 42 41 1 1 1 1 1 1 1 1 1 1 1 1 1 1 1 1 1 1 1 1 1 1 3 1 1 1 3 1 9 1 0 1 1 1 1 1 1 1 1 1 1 1 1 1 1 1 1 1 1 1 1 1 1 9 1 1 1 3 1 2 1 0
query9205 6.15 47% 0 93076 1.00 1.00 5 5 HYBRID 70 55 1 1 1 1 1 1 1 1 1 1 1 1 1 1 1 1 1 1 1 1 1 1 16 1 1 1 17 1 10 1 0 1 1 1 1 1 1 1 1 1 1 1 1 1 1 1 1 1 1 1 1 1 1 10 1 1 1 16 1 2 1 0
