query7972 2.09 79% 0 71720 1.00 1.00 2 2 STAR 59 11 0 1 1 1 1 1 1 50 1 1 1 0 1 1 1 1 1 1 2 1 1 1
query5412 2.83 64% 0 71092 1.00 1.00 1 1 STAR 12 11 0 1 3 1 1 1 1 1 1 1 1 0 1 2 1 1 1 1 1 1 1 1
query12068 3.37 75% 0 78764 0.00 1.00 6 6 HYBRID 107 33 0 1 1 1 77 22 1 1 1 1 1 0 1 1 1 22 2 1 2 1 1 1
query8429 2.75 66% 0 70844 1.00 1.00 6 6 HYBRID 22 11 0 1 1 1 1 1 13 1 1 1 1 0 1 1 1 1 1 2 1 1 1 1
query7928 2.72 64% 0 71756 1.00 1.00 2 2 STAR 35 11 0 1 1 1 1 1 1 26 1 1 1 0 1 1 1 1 1 1 2 1 1 1
query9526 1.90 63% 0 70128 1.00 1.00 1 1 STAR 13 11 0 4 1 1 1 1 1 1 1 1 1 0 2 1 1 1 1 1 1 1 1 1
query3567 2.99 98% 0 111028 1.00 1.00 6 6 HYBRID 2778 11 0 1 1 1 1 1 1 1 2769 1 1 0 1 1 1 1 1 1 1 2 1 1
query3338 1.86 82% 0 70568 1.00 1.00 1 1 STAR 12 11 0 1 1 3 1 1 1 1 1 1 1 0 1 1 2 1 1 1 1 1 1 1
query9722 2.62 73% 0 71936 1.00 1.00 4 4 HYBRID 102 11 0 1 1 1 1 1 93 1 1 1 1 0 1 1 1 1 1 2 1 1 1 1
query6628 2.87 72% 0 72580 1.00 1.00 3 3 HYBRID 29 15 0 1 1 1 1 5 1 1 16 1 1 0 1 1 1 1 2 1 1 5 1 1
query9064 2.90 70% 0 70884 1.00 1.00 1 1 STAR 20 11 0 1 1 1 1 1 1 11 1 1 1 0 1 1 1 1 1 1 2 1 1 1
query956 11.52 46% 0 203572 1.00 1.00 7 7 HYBRID 3198 228 0 1 1 1 3186 1 4 1 1 1 1 0 1 1 1 2 1 218 1 1 1 1
query3866 2.67 68% 0 70832 1.00 1.00 1 1 STAR 11 11 0 1 1 1 1 2 1 1 1 1 1 0 1 1 1 1 2 1 1 1 1 1
query8492 2.99 79% 0 76672 1.00 1.00 10 10 HYBRID 27 27 0 2 1 1 6 1 12 1 1 1 1 0 6 1 1 12 1 2 1 1 1 1
query2135 2.58 65% 0 70688 1.00 1.00 1 1 STAR 11 11 0 1 2 1 1 1 1 1 1 1 1 0 1 2 1 1 1 1 1 1 1 1
query912 2.47 69% 0 70688 1.00 1.00 3 3 STAR 43 11 0 1 34 1 1 1 1 1 1 1 1 0 1 2 1 1 1 1 1 1 1 1
query8442 2.43 67% 0 70628 1.00 1.00 2 2 STAR 11 11 0 1 1 1 1 1 1 1 2 1 1 0 1 1 1 1 1 1 1 2 1 1
query7293 2.72 64% 0 71196 1.00 1.00 2 2 PATH 14 11 0 1 1 1 1 1 1 1 1 5 1 0 1 1 1 1 1 1 1 1 2 1
query2406 2.49 68% 0 71796 .09 1.00 2 2 PATH 22 12 0 1 1 1 1 9 1 1 5 1 1 0 1 1 1 1 2 1 1 2 1 1
query2712 2.65 66% 0 71104 1.00 1.00 2 2 PATH 47 11 0 1 1 1 1 1 38 1 1 1 1 0 1 1 1 1 1 2 1 1 1 1
query6606 2.74 72% 0 72532 1.00 1.00 3 3 HYBRID 40 13 0 1 1 1 1 3 1 1 29 1 1 0 1 1 1 1 2 1 1 3 1 1
query12302 2.14 74% 0 71088 1.00 1.00 3 3 STAR 12 11 0 1 1 1 3 1 1 1 1 1 1 0 1 1 1 2 1 1 1 1 1 1
query7267 2.48 65% 0 71400 1.00 1.00 2 2 PATH 14 11 0 1 1 1 1 1 1 1 1 5 1 0 1 1 1 1 1 1 1 1 2 1
query3259 2.44 66% 0 70220 1.00 1.00 1 1 STAR 19 11 0 1 1 10 1 1 1 1 1 1 1 0 1 1 2 1 1 1 1 1 1 1
query2491 2.36 68% 0 70992 1.00 1.00 1 1 STAR 11 11 0 1 1 1 1 2 1 1 1 1 1 0 1 1 1 1 2 1 1 1 1 1
query2836 2.80 71% 0 72700 1.00 1.00 3 3 HYBRID 24 15 0 1 1 1 11 5 1 1 1 1 1 0 1 1 1 5 2 1 1 1 1 1
query3929 2.68 67% 0 72588 1.00 1.00 3 3 HYBRID 24 12 0 2 1 1 1 1 1 1 14 1 1 0 2 1 1 1 1 1 1 2 1 1
query5477 2.47 69% 0 70304 1.00 1.00 1 1 STAR 14 11 0 1 1 1 1 1 5 1 1 1 1 0 1 1 1 1 1 2 1 1 1 1
query2145 2.02 81% 0 70772 1.00 1.00 1 1 STAR 11 11 0 1 2 1 1 1 1 1 1 1 1 0 1 2 1 1 1 1 1 1 1 1
query11708 2.51 76% 0 75028 1.00 1.00 3 3 STAR 24 22 0 1 4 1 1 1 1 12 1 1 1 0 1 12 1 1 1 1 2 1 1 1
query7584 2.63 65% 0 70328 1.00 1.00 1 1 STAR 11 11 0 1 1 1 2 1 1 1 1 1 1 0 1 1 1 2 1 1 1 1 1 1
query9177 2.91 77% 0 75984 .14 1.00 5 5 HYBRID 44 25 0 6 1 1 17 1 1 14 1 1 1 0 2 1 1 14 1 1 2 1 1 1
query846 2.57 71% 0 71332 1.00 1.00 3 3 STAR 45 11 0 1 1 1 1 1 36 1 1 1 1 0 1 1 1 1 1 2 1 1 1 1
query5813 2.62 74% 0 71796 1.00 1.00 2 2 STAR 128 11 0 1 1 1 1 1 119 1 1 1 1 0 1 1 1 1 1 2 1 1 1 1
query3966 2.73 66% 0 71552 1.00 1.00 1 1 STAR 11 11 0 1 2 1 1 1 1 1 1 1 1 0 1 2 1 1 1 1 1 1 1 1
query4805 2.99 84% 0 78520 1.00 1.00 1 1 STAR 609 11 0 1 1 1 1 600 1 1 1 1 1 0 1 1 1 1 2 1 1 1 1 1
query5796 2.81 71% 0 70868 1.00 1.00 2 2 STAR 75 11 0 1 1 1 1 1 66 1 1 1 1 0 1 1 1 1 1 2 1 1 1 1
query8410 2.35 70% 0 71852 1.00 1.00 6 6 HYBRID 15 11 0 1 1 1 1 1 6 1 1 1 1 0 1 1 1 1 1 2 1 1 1 1
query5498 2.43 68% 0 70828 1.00 1.00 1 1 STAR 11 11 0 2 1 1 1 1 1 1 1 1 1 0 2 1 1 1 1 1 1 1 1 1
query818 2.21 75% 0 71464 1.00 1.00 1 1 STAR 11 11 0 1 1 1 1 1 1 1 1 2 1 0 1 1 1 1 1 1 1 1 2 1
query10430 2.64 65% 0 70620 1.00 1.00 1 1 STAR 17 11 0 1 1 1 1 1 1 8 1 1 1 0 1 1 1 1 1 1 2 1 1 1
query1669 2.47 69% 0 72460 .09 1.00 2 2 PATH 22 12 0 1 1 1 1 9 1 1 5 1 1 0 1 1 1 1 2 1 1 2 1 1
query8876 3.16 78% 0 71464 .33 1.00 3 3 HYBRID 14 12 0 1 1 1 1 2 1 1 4 1 1 0 1 1 1 1 2 1 1 2 1 1
query9362 2.47 71% 0 71556 1.00 1.00 1 1 STAR 147 11 0 1 1 1 1 1 1 138 1 1 1 0 1 1 1 1 1 1 2 1 1 1
query1873 4.51 110% 0 111572 0.00 1.00 4 4 STAR 196 164 0 1 153 1 35 1 1 1 1 1 1 0 1 2 1 153 1 1 1 2 1 1
query6362 2.44 77% 0 73956 0.00 1.00 4 4 HYBRID 30 21 0 1 1 1 1 12 1 10 1 1 1 0 10 1 1 1 2 1 2 1 1 1
query3277 2.42 66% 0 70284 1.00 1.00 1 1 STAR 19 11 0 1 1 10 1 1 1 1 1 1 1 0 1 1 2 1 1 1 1 1 1 1
query7296 2.13 78% 0 71352 1.00 1.00 2 2 PATH 15 11 0 1 1 1 1 1 1 1 1 6 1 0 1 1 1 1 1 1 1 1 2 1
query10288 1.94 98% 0 72576 0.00 1.00 2 2 STAR 310 12 0 1 1 1 1 301 1 1 1 1 1 0 1 1 1 1 2 1 2 1 1 1
query12306 2.37 68% 0 71012 1.00 1.00 3 3 STAR 11 11 0 1 1 1 2 1 1 1 1 1 1 0 1 1 1 2 1 1 1 1 1 1
query194 2.70 66% 0 71216 1.00 1.00 1 1 STAR 11 11 0 1 1 1 2 1 1 1 1 1 1 0 1 1 1 2 1 1 1 1 1 1
query11374 3.13 99% 0 88368 1.00 1.00 7 7 HYBRID 86 75 0 1 1 1 13 12 1 1 54 1 1 0 1 1 1 54 2 1 1 12 1 1
query7990 2.32 73% 0 71116 1.00 1.00 2 2 STAR 44 11 0 1 1 1 1 1 1 35 1 1 1 0 1 1 1 1 1 1 2 1 1 1
query3297 2.68 66% 0 71028 1.00 1.00 1 1 STAR 19 11 0 1 1 10 1 1 1 1 1 1 1 0 1 1 2 1 1 1 1 1 1 1
query5774 3.08 79% 0 71192 1.00 1.00 2 2 STAR 36 11 0 1 1 1 1 1 27 1 1 1 1 0 1 1 1 1 1 2 1 1 1 1
query8114 2.67 66% 0 70948 1.00 1.00 1 1 STAR 11 11 0 1 1 1 2 1 1 1 1 1 1 0 1 1 1 2 1 1 1 1 1 1
query2941 1.83 84% 0 71724 1.00 1.00 2 2 STAR 12 11 0 1 1 1 3 1 1 1 1 1 1 0 1 1 1 2 1 1 1 1 1 1
query10721 2.83 65% 0 71808 0.00 1.00 9 9 HYBRID 22 12 0 1 1 1 1 1 1 1 13 1 1 0 2 1 1 1 1 1 1 2 1 1
query1393 2.44 66% 0 70892 1.00 1.00 2 2 PATH 13 11 0 1 1 1 1 1 1 1 4 1 1 0 1 1 1 1 1 1 1 2 1 1
query11762 4.36 107% 0 104640 1.00 1.00 3 3 STAR 177 148 0 1 31 1 1 1 1 138 1 1 1 0 1 138 1 1 1 1 2 1 1 1
query11955 2.35 71% 0 72156 .14 1.00 4 4 HYBRID 18 12 0 1 1 1 1 2 1 1 8 1 1 0 1 1 1 1 2 1 1 2 1 1
query12342 2.71 66% 0 71420 1.00 1.00 3 3 STAR 12 11 0 1 1 1 3 1 1 1 1 1 1 0 1 1 1 2 1 1 1 1 1 1
query1064 2.76 68% 0 71400 1.00 1.00 1 1 STAR 11 11 0 1 1 1 2 1 1 1 1 1 1 0 1 1 1 2 1 1 1 1 1 1
query7902 2.43 70% 0 70540 1.00 1.00 2 2 STAR 35 11 0 1 1 1 1 1 1 26 1 1 1 0 1 1 1 1 1 1 2 1 1 1
query2171 3.38 112% 0 93468 1.00 1.00 11 11 HYBRID 99 97 0 1 1 1 1 1 27 4 61 1 1 0 1 1 1 1 1 2 61 27 1 1
query3854 2.38 68% 0 71280 1.00 1.00 1 1 STAR 11 11 0 1 1 1 1 2 1 1 1 1 1 0 1 1 1 1 2 1 1 1 1 1
query9516 3.13 76% 0 71268 1.00 1.00 1 1 STAR 11 11 0 1 1 1 1 2 1 1 1 1 1 0 1 1 1 1 2 1 1 1 1 1
query507 2.71 68% 0 71400 1.00 1.00 3 3 STAR 12 12 0 1 2 1 2 1 1 1 1 1 1 0 1 2 1 2 1 1 1 1 1 1
query9769 2.66 74% 0 74516 1.00 1.00 3 3 HYBRID 34 20 0 1 16 10 1 1 1 1 1 1 1 0 1 10 2 1 1 1 1 1 1 1
query4487 2.39 109% 0 75052 0 1.00 2 2 STAR 463 12 0 1 453 2 1 1 1 1 1 1 1 0 1 2 2 1 1 1 1 1 1 1
query1029 2.54 66% 0 70448 1.00 1.00 1 1 STAR 12 11 0 1 1 1 3 1 1 1 1 1 1 0 1 1 1 2 1 1 1 1 1 1
query5229 2.65 64% 0 70600 1.00 1.00 4 4 HYBRID 12 11 0 1 1 1 1 1 1 1 3 1 1 0 1 1 1 1 1 1 1 2 1 1
query10760 2.78 68% 0 71624 1.00 1.00 6 6 HYBRID 12 12 0 1 1 1 2 1 2 1 1 1 1 0 1 1 1 2 1 2 1 1 1 1
query11697 3.06 83% 0 79048 1.00 1.00 3 3 STAR 51 48 0 1 5 1 1 1 1 38 1 1 1 0 1 38 1 1 1 1 2 1 1 1
query778 2.44 66% 0 70556 1.00 1.00 1 1 STAR 11 11 0 1 1 1 1 1 1 1 1 2 1 0 1 1 1 1 1 1 1 1 2 1
query12025 2.23 71% 0 70172 1.00 1.00 1 1 STAR 11 11 0 1 2 1 1 1 1 1 1 1 1 0 1 2 1 1 1 1 1 1 1 1
query7984 2.47 67% 0 70956 1.00 1.00 2 2 STAR 42 11 0 1 1 1 1 1 1 33 1 1 1 0 1 1 1 1 1 1 2 1 1 1
query3954 2.69 68% 0 71360 0.00 1.00 3 3 HYBRID 24 12 0 1 1 1 1 1 1 1 15 1 1 0 2 1 1 1 1 1 1 2 1 1
query8229 2.76 78% 0 75364 0 1.00 2 2 STAR 463 12 0 1 453 2 1 1 1 1 1 1 1 0 1 2 2 1 1 1 1 1 1 1
query7880 2.75 67% 0 71020 1.00 1.00 1 1 STAR 11 11 0 1 1 1 1 1 1 2 1 1 1 0 1 1 1 1 1 1 2 1 1 1
query726 2.27 70% 0 71108 1.00 1.00 1 1 STAR 13 11 0 1 1 1 1 1 1 4 1 1 1 0 1 1 1 1 1 1 2 1 1 1
query11024 2.74 67% 0 70708 1.00 1.00 1 1 STAR 11 11 0 1 1 1 1 1 2 1 1 1 1 0 1 1 1 1 1 2 1 1 1 1
query11040 2.36 68% 0 71488 1.00 1.00 1 1 STAR 11 11 0 1 1 1 1 1 2 1 1 1 1 0 1 1 1 1 1 2 1 1 1 1
query11131 2.34 73% 0 72012 .18 1.00 2 2 STAR 42 12 0 1 1 1 1 1 27 1 7 1 1 0 1 1 1 1 1 2 1 2 1 1
query7442 2.30 71% 0 71308 1.00 1.00 1 1 STAR 11 11 0 1 1 1 2 1 1 1 1 1 1 0 1 1 1 2 1 1 1 1 1 1
query3541 4.36 106% 0 112424 1.00 1.00 6 6 HYBRID 2841 11 0 1 1 1 1 1 1 1 2832 1 1 0 1 1 1 1 1 1 1 2 1 1
query5205 2.54 66% 0 70416 1.00 1.00 4 4 HYBRID 18 11 0 1 1 1 1 1 1 1 9 1 1 0 1 1 1 1 1 1 1 2 1 1
query5387 2.61 65% 0 71748 1.00 1.00 1 1 STAR 12 11 0 1 3 1 1 1 1 1 1 1 1 0 1 2 1 1 1 1 1 1 1 1
query7207 264.01 54% 0 493432 1.00 1.00 10 10 HYBRID 52852 52837 0 1 17 1 1 1 27 1 52801 1 1 0 1 27 1 1 1 52801 1 2 1 1
query6948 2.60 69% 0 71888 1.00 1.00 2 2 STAR 35 12 0 1 25 2 1 1 1 1 1 1 1 0 1 2 2 1 1 1 1 1 1 1
query3143 2.82 75% 0 72696 0.00 1.00 3 3 HYBRID 227 13 0 1 1 1 1 217 1 2 1 1 1 0 2 1 1 1 2 1 2 1 1 1
query4217 2.75 87% 0 76588 1.00 1.00 8 2 STAR 16 32 0 1 1 1 1 1 2 1 6 1 1 0 4 4 1 4 4 4 1 2 4 4
query10858 2.69 67% 0 72184 .12 1.00 2 2 STAR 19 12 0 1 1 1 1 2 1 9 1 1 1 0 1 1 1 1 2 1 2 1 1 1
query694 2.27 71% 0 71756 1.00 1.00 1 1 STAR 12 11 0 1 1 1 1 1 1 3 1 1 1 0 1 1 1 1 1 1 2 1 1 1
query536 2.97 76% 0 76872 .20 1.00 5 5 STAR 40 32 0 1 9 1 1 3 1 1 21 1 1 0 1 21 1 1 2 1 1 2 1 1
query5517 2.91 75% 0 70144 1.00 1.00 1 1 STAR 11 11 0 2 1 1 1 1 1 1 1 1 1 0 2 1 1 1 1 1 1 1 1 1
query8274 2.63 65% 0 70372 1.00 1.00 2 2 STAR 19 11 0 1 1 10 1 1 1 1 1 1 1 0 1 1 2 1 1 1 1 1 1 1
query10687 2.45 96% 0 72132 0.00 1.00 9 9 HYBRID 22 12 0 1 1 1 1 1 1 1 13 1 1 0 2 1 1 1 1 1 1 2 1 1
query3426 3.10 79% 0 77108 1.00 1.00 6 6 HYBRID 56 34 0 1 1 1 24 1 24 1 1 1 1 0 1 1 1 24 1 2 1 1 1 1
