query6661 11.01 48% 0 115708 1.00 1.00 11 3 HYBRID 1955 178 1 1 13 1 571 1 1 559 559 1 1 1 76 1 1 1 1 88 76 1 0 4 11 5 11 25 4 4 24 24 4 4 4 11 4 4 4 4 12 11 4 0
query4110 1800.00 0% 0 1432 0.00 1.00 44 9 HYBRID 2252655 210269 1 1 5029 1459 6701 483540 80074 20528 1673 1 239041 483532 1758 59761 180766 1486 483540 24183 300 179281 0 10 36 350 375 399 21136 22434 20845 398 10 13605 21135 375 1648 32754 20796 20797 21162 37 11967 0
query12302 3.80 111% 0 91836 1.00 1.00 12 3 STAR 110 131 1 1 1 19 1 1 4 10 19 1 4 10 1 31 1 1 1 1 1 1 0 10 4 4 10 4 4 5 8 10 4 11 8 4 15 10 4 4 4 4 4 0
query12306 4.54 96% 0 92176 1.00 1.00 12 3 STAR 83 131 1 1 1 10 1 1 4 10 10 1 4 10 1 22 1 1 1 1 1 1 0 10 4 4 10 4 4 5 8 10 4 11 8 4 15 10 4 4 4 4 4 0
query12342 4.28 96% 0 94980 1.00 1.00 12 3 STAR 110 131 1 1 1 19 1 1 4 10 19 1 4 10 1 31 1 1 1 1 1 1 0 10 4 4 10 4 4 5 8 10 4 11 8 4 15 10 4 4 4 4 4 0
query3143 8.62 156% 0 263268 1.00 1.00 16 3 HYBRID 2612 967 115 1 217 1 217 115 1 535 1 172 1 364 1 1 364 1 115 217 172 1 0 52 52 5 4 5 52 4 152 4 104 104 52 4 52 52 4 152 5 104 4 0
query3148 9.29 171% 0 289348 1.00 1.00 16 3 HYBRID 2846 1218 133 4 301 1 301 136 1 502 1 46 10 457 1 4 457 1 142 301 46 1 0 69 69 5 4 5 69 4 192 4 127 127 69 4 69 69 4 192 5 127 4 0
query3160 8.24 176% 0 284272 1.00 1.00 16 3 HYBRID 2846 1218 133 4 301 1 301 136 1 502 1 46 10 457 1 4 457 1 142 301 46 1 0 69 69 5 4 5 69 4 192 4 127 127 69 4 69 69 4 192 5 127 4 0
query4217 4.53 112% 0 96384 1.00 1.00 18 2 STAR 44 153 1 1 1 4 6 1 1 6 6 1 1 1 1 4 1 4 1 1 1 1 0 3 9 3 9 10 9 9 10 4 3 9 9 3 9 9 9 9 9 9 9 0
query3196 7.79 172% 0 269584 1.00 1.00 16 3 HYBRID 2612 967 115 1 217 1 217 115 1 535 1 172 1 364 1 1 364 1 115 217 172 1 0 52 52 5 4 5 52 4 152 4 104 104 52 4 52 52 4 152 5 104 4 0
query8835 4.46 131% 0 108772 1.00 1.00 17 3 HYBRID 536 196 1 1 34 1 160 1 1 127 127 1 4 1 15 1 1 1 1 45 12 1 0 4 4 11 11 23 11 11 16 23 4 11 11 12 11 4 4 4 12 5 4 0
query1669 3.97 84% 0 82800 1.00 1.00 6 2 PATH 431 81 1 1 9 1 138 1 1 130 130 1 1 1 1 1 1 1 1 9 1 1 0 3 3 4 3 10 3 3 9 9 3 3 3 3 3 3 3 3 4 3 3 0
query8844 4.63 129% 0 108448 1.00 1.00 17 3 HYBRID 536 196 1 1 34 1 160 1 1 127 127 1 4 1 15 1 1 1 1 45 12 1 0 4 4 11 11 23 11 11 16 23 4 11 11 12 11 4 4 4 12 5 4 0
query5774 3.69 100% 0 88328 1.00 1.00 6 2 STAR 332 93 1 1 1 1 1 1 1 105 1 1 79 1 27 1 79 1 27 1 1 1 0 3 3 3 3 3 3 3 14 3 3 13 3 4 3 13 3 4 3 3 3 0
query2712 4.55 92% 0 91356 1.00 1.00 6 2 PATH 464 99 38 1 1 1 1 112 1 112 149 38 1 1 1 1 1 1 1 1 1 1 0 4 3 3 3 3 15 3 15 16 4 3 3 3 3 3 3 3 3 3 3 0
query5796 4.76 102% 0 96560 1.00 1.00 6 2 STAR 800 117 1 1 1 1 1 1 1 261 1 1 196 1 66 1 196 1 66 1 1 1 0 3 3 3 3 3 3 3 22 3 3 21 3 4 3 21 3 4 3 3 3 0
query8876 3.96 140% 0 104328 1.00 1.00 17 3 HYBRID 209 179 1 1 28 1 55 1 1 28 28 1 1 1 10 1 1 1 1 37 10 1 0 4 4 10 10 20 10 10 14 20 4 10 10 11 10 4 4 4 11 5 4 0
query2739 4.28 97% 0 94240 1.00 1.00 6 2 PATH 608 105 50 1 1 1 1 148 1 148 197 50 1 1 1 1 1 1 1 1 1 1 0 4 3 3 3 3 17 3 17 18 4 3 3 3 3 3 3 3 3 3 3 0
query5813 4.93 120% 0 109688 1.00 1.00 9 2 STAR 1448 150 1 1 1 1 1 1 1 476 1 1 358 1 119 1 359 2 119 1 1 2 0 3 3 3 3 3 3 3 32 3 3 31 3 4 3 32 4 4 3 3 4 0
query8889 4.70 119% 0 105612 1.00 1.00 17 3 HYBRID 320 176 1 1 19 1 91 1 1 73 73 1 7 1 13 1 1 1 1 25 7 1 0 4 4 10 10 19 10 10 13 19 4 10 10 11 10 4 4 4 11 5 4 0
query8897 4.88 119% 0 104604 1.00 1.00 17 3 HYBRID 209 179 1 1 28 1 55 1 1 28 28 1 1 1 10 1 1 1 1 37 10 1 0 4 4 10 10 20 10 10 14 20 4 10 10 11 10 4 4 4 11 5 4 0
query1733 4.41 82% 0 82568 1.00 1.00 6 2 PATH 461 81 1 1 10 1 148 1 1 139 139 1 1 1 1 1 1 1 1 10 1 1 0 3 3 4 3 10 3 3 9 9 3 3 3 3 3 3 3 3 4 3 3 0
query7368 4.74 106% 0 97060 1.00 1.00 12 4 HYBRID 317 151 1 1 7 7 10 4 82 1 4 4 82 1 7 82 1 1 1 10 1 10 0 5 5 9 9 11 6 11 5 6 6 11 5 9 11 5 5 5 11 5 11 0
query7369 4.34 109% 0 95684 1.00 1.00 12 4 HYBRID 317 151 1 1 7 7 10 4 82 1 4 4 82 1 7 82 1 1 1 10 1 10 0 5 5 9 9 11 6 11 5 6 6 11 5 9 11 5 5 5 11 5 11 0
query7375 4.57 108% 0 95280 1.00 1.00 12 4 HYBRID 317 151 1 1 7 7 10 4 82 1 4 4 82 1 7 82 1 1 1 10 1 10 0 5 5 9 9 11 6 11 5 6 6 11 5 9 11 5 5 5 11 5 11 0
query8920 4.82 120% 0 105828 1.00 1.00 17 3 HYBRID 209 179 1 1 28 1 55 1 1 28 28 1 1 1 10 1 1 1 1 37 10 1 0 4 4 10 10 20 10 10 14 20 4 10 10 11 10 4 4 4 11 5 4 0
query2795 4.21 151% 0 122956 1.00 1.00 12 3 HYBRID 530 224 1 1 12 82 12 1 79 1 82 1 79 1 1 160 1 1 1 12 1 1 0 24 4 5 24 5 4 11 4 24 4 31 4 4 31 24 4 4 5 4 4 0
query2797 5.05 130% 0 124456 1.00 1.00 12 3 HYBRID 530 224 1 1 12 82 12 1 79 1 82 1 79 1 1 160 1 1 1 12 1 1 0 24 4 5 24 5 4 11 4 24 4 31 4 4 31 24 4 4 5 4 4 0
query2836 5.28 120% 0 109636 1.00 1.00 12 3 HYBRID 446 182 1 1 5 91 5 1 49 1 91 1 49 1 1 139 1 1 1 5 1 1 0 18 4 5 18 5 4 9 4 18 4 23 4 4 23 18 4 4 5 4 4 0
query2892 4.31 71% 0 80560 1.00 1.00 6 2 STAR 47 75 1 1 7 7 1 4 1 1 4 4 1 1 7 1 1 1 1 1 1 1 0 3 3 7 7 3 4 3 3 4 4 3 3 7 3 3 3 3 3 3 3 0
query2893 4.33 71% 0 80868 1.00 1.00 6 2 STAR 59 78 1 1 10 10 1 5 1 1 5 5 1 1 10 1 1 1 1 1 1 1 0 3 3 8 8 3 4 3 3 4 4 3 3 8 3 3 3 3 3 3 3 0
query2380 4.16 79% 0 80552 1.00 1.00 6 2 PATH 200 81 1 1 7 1 61 1 1 55 55 1 1 1 1 1 1 1 1 7 1 1 0 3 3 4 3 10 3 3 9 9 3 3 3 3 3 3 3 3 4 3 3 0
query1873 7.20 132% 0 183440 1.00 1.00 12 4 STAR 1943 481 409 1 1 82 1 82 1 153 1 409 1 1 409 1 153 1 1 1 82 153 0 65 5 5 71 5 71 5 6 5 65 5 5 65 5 6 5 5 5 71 6 0
query2897 4.38 72% 0 79296 1.00 1.00 6 2 STAR 59 78 1 1 10 10 1 5 1 1 5 5 1 1 10 1 1 1 1 1 1 1 0 3 3 8 8 3 4 3 3 4 4 3 3 8 3 3 3 3 3 3 3 0
query2898 4.34 74% 0 81620 1.00 1.00 6 2 STAR 59 78 1 1 10 10 1 5 1 1 5 5 1 1 10 1 1 1 1 1 1 1 0 3 3 8 8 3 4 3 3 4 4 3 3 8 3 3 3 3 3 3 3 0
query2900 3.50 79% 0 79164 1.00 1.00 6 2 STAR 35 72 1 1 4 4 1 3 1 1 3 3 1 1 4 1 1 1 1 1 1 1 0 3 3 6 6 3 4 3 3 4 4 3 3 6 3 3 3 3 3 3 3 0
query2905 4.39 71% 0 81792 1.00 1.00 6 2 STAR 47 75 1 1 7 7 1 4 1 1 4 4 1 1 7 1 1 1 1 1 1 1 0 3 3 7 7 3 4 3 3 4 4 3 3 7 3 3 3 3 3 3 3 0
query2908 3.93 73% 0 81320 1.00 1.00 6 2 STAR 59 78 1 1 10 10 1 5 1 1 5 5 1 1 10 1 1 1 1 1 1 1 0 3 3 8 8 3 4 3 3 4 4 3 3 8 3 3 3 3 3 3 3 0
query2910 3.87 88% 0 81280 1.00 1.00 6 2 STAR 59 78 1 1 10 10 1 5 1 1 5 5 1 1 10 1 1 1 1 1 1 1 0 3 3 8 8 3 4 3 3 4 4 3 3 8 3 3 3 3 3 3 3 0
query4449 3.94 84% 0 84272 1.00 1.00 14 2 PATH 44 96 1 1 7 1 9 1 1 3 3 1 1 1 1 1 1 1 1 7 1 1 0 3 3 6 6 7 6 6 4 7 3 6 6 6 6 3 3 3 6 3 3 0
query2914 3.87 72% 0 79652 1.00 1.00 6 2 STAR 47 75 1 1 7 7 1 4 1 1 4 4 1 1 7 1 1 1 1 1 1 1 0 3 3 7 7 3 4 3 3 4 4 3 3 7 3 3 3 3 3 3 3 0
query2406 4.00 85% 0 82124 1.00 1.00 6 2 PATH 431 81 1 1 9 1 138 1 1 130 130 1 1 1 1 1 1 1 1 9 1 1 0 3 3 4 3 10 3 3 9 9 3 3 3 3 3 3 3 3 4 3 3 0
query2931 4.31 72% 0 80420 1.00 1.00 6 2 STAR 59 78 1 1 10 10 1 5 1 1 5 5 1 1 10 1 1 1 1 1 1 1 0 3 3 8 8 3 4 3 3 4 4 3 3 8 3 3 3 3 3 3 3 0
query2940 4.29 68% 0 80812 1.00 1.00 6 2 STAR 35 72 1 1 4 4 1 3 1 1 3 3 1 1 4 1 1 1 1 1 1 1 0 3 3 6 6 3 4 3 3 4 4 3 3 6 3 3 3 3 3 3 3 0
query2941 4.15 69% 0 77192 1.00 1.00 6 2 STAR 47 75 1 1 7 7 1 4 1 1 4 4 1 1 7 1 1 1 1 1 1 1 0 3 3 7 7 3 4 3 3 4 4 3 3 7 3 3 3 3 3 3 3 0
query2944 3.88 73% 0 79900 1.00 1.00 6 2 STAR 59 78 1 1 10 10 1 5 1 1 5 5 1 1 10 1 1 1 1 1 1 1 0 3 3 8 8 3 4 3 3 4 4 3 3 8 3 3 3 3 3 3 3 0
query2947 4.25 71% 0 79436 1.00 1.00 6 2 STAR 47 75 1 1 7 7 1 4 1 1 4 4 1 1 7 1 1 1 1 1 1 1 0 3 3 7 7 3 4 3 3 4 4 3 3 7 3 3 3 3 3 3 3 0
query2444 3.73 93% 0 81332 1.00 1.00 6 2 PATH 431 81 1 1 9 1 138 1 1 130 130 1 1 1 1 1 1 1 1 9 1 1 0 3 3 4 3 10 3 3 9 9 3 3 3 3 3 3 3 3 4 3 3 0
query2963 3.87 72% 0 79064 1.00 1.00 6 2 STAR 47 75 1 1 7 7 1 4 1 1 4 4 1 1 7 1 1 1 1 1 1 1 0 3 3 7 7 3 4 3 3 4 4 3 3 7 3 3 3 3 3 3 3 0
query2451 4.88 90% 0 86936 1.00 1.00 6 2 PATH 506 84 1 1 13 1 163 1 1 151 151 1 1 1 1 1 1 1 1 13 1 1 0 3 3 4 3 11 3 3 10 10 3 3 3 3 3 3 3 3 4 3 3 0
query9124 6.52 261% 0 349892 1.00 1.00 23 5 HYBRID 129158 356 1 1 136 136 1 52 42850 46 52 7 42850 1 147 42850 1 1 1 12 12 1 0 6 13 20 20 13 19 38 12 19 13 38 6 28 45 13 13 13 7 7 13 0
query9125 6.37 173% 0 199848 1.00 1.00 23 5 HYBRID 6221 492 1 1 325 325 1 115 1621 109 115 7 1621 1 334 1621 1 1 1 10 10 1 0 6 12 32 32 12 18 75 12 18 12 75 6 39 81 12 12 12 7 7 12 0
query9127 6.01 197% 0 250784 1.00 1.00 23 5 HYBRID 25706 467 1 1 271 271 4 100 8182 91 100 10 8182 1 281 8185 1 1 1 11 11 1 0 6 13 29 29 13 20 65 13 20 13 65 6 37 72 13 13 13 7 7 13 0
query9129 5.35 175% 0 144988 1.00 1.00 23 5 HYBRID 3404 315 1 1 109 109 1 40 973 37 40 4 973 1 118 973 1 1 1 10 10 1 0 6 12 18 18 12 16 32 10 16 12 32 6 25 38 12 12 12 7 7 12 0
query9130 7.02 167% 0 207836 1.00 1.00 23 5 HYBRID 5807 603 1 1 460 460 1 163 1297 154 163 10 1297 1 469 1297 4 1 4 10 10 4 0 6 12 41 41 12 19 102 13 19 12 102 6 48 108 12 12 12 7 7 12 0
query9134 5.80 181% 0 219124 1.00 1.00 23 5 HYBRID 9905 509 1 1 325 325 1 121 2836 109 121 13 2836 1 338 2836 4 1 4 14 14 4 0 6 13 32 32 13 21 75 14 21 13 75 6 40 82 13 13 13 7 7 13 0
query9135 6.13 285% 0 346096 1.00 1.00 23 5 HYBRID 129158 356 1 1 136 136 1 52 42850 46 52 7 42850 1 147 42850 1 1 1 12 12 1 0 6 13 20 20 13 19 38 12 19 13 38 6 28 45 13 13 13 7 7 13 0
query9136 6.61 285% 0 348008 1.00 1.00 23 5 HYBRID 129158 356 1 1 136 136 1 52 42850 46 52 7 42850 1 147 42850 1 1 1 12 12 1 0 6 13 20 20 13 19 38 12 19 13 38 6 28 45 13 13 13 7 7 13 0
query9137 6.47 174% 0 202000 1.00 1.00 23 5 HYBRID 6221 492 1 1 325 325 1 115 1621 109 115 7 1621 1 334 1621 1 1 1 10 10 1 0 6 12 32 32 12 18 75 12 18 12 75 6 39 81 12 12 12 7 7 12 0
query9139 5.08 181% 0 150048 1.00 1.00 23 5 HYBRID 5342 310 1 4 109 109 1 40 1621 37 40 4 1621 1 116 1621 4 1 1 5 5 1 0 6 11 18 18 11 17 32 12 17 11 32 6 24 37 11 11 11 7 7 11 0
query9143 5.52 186% 0 158344 1.00 1.00 23 5 HYBRID 5342 310 1 4 109 109 1 40 1621 37 40 4 1621 1 116 1621 4 1 1 5 5 1 0 6 11 18 18 11 17 32 12 17 11 32 6 24 37 11 11 11 7 7 11 0
query9144 5.33 217% 0 245804 1.00 1.00 23 5 HYBRID 25706 467 1 1 271 271 4 100 8182 91 100 10 8182 1 281 8185 1 1 1 11 11 1 0 6 13 29 29 13 20 65 13 20 13 65 6 37 72 13 13 13 7 7 13 0
query9149 6.05 178% 0 216820 1.00 1.00 23 5 HYBRID 5807 603 1 1 460 460 1 163 1297 154 163 10 1297 1 469 1297 4 1 4 10 10 4 0 6 12 41 41 12 19 102 13 19 12 102 6 48 108 12 12 12 7 7 12 0
query9150 5.73 192% 0 225328 1.00 1.00 23 5 HYBRID 9905 509 1 1 325 325 1 121 2836 109 121 13 2836 1 338 2836 4 1 4 14 14 4 0 6 13 32 32 13 21 75 14 21 13 75 6 40 82 13 13 13 7 7 13 0
query9152 5.64 221% 0 247404 1.00 1.00 23 5 HYBRID 25706 467 1 1 271 271 4 100 8182 91 100 10 8182 1 281 8185 1 1 1 11 11 1 0 6 13 29 29 13 20 65 13 20 13 65 6 37 72 13 13 13 7 7 13 0
query9156 5.00 188% 0 144216 1.00 1.00 23 5 HYBRID 3404 315 1 1 109 109 1 40 973 37 40 4 973 1 118 973 1 1 1 10 10 1 0 6 12 18 18 12 16 32 10 16 12 32 6 25 38 12 12 12 7 7 12 0
query9157 5.30 149% 0 124548 1.00 1.00 23 5 HYBRID 755 270 1 1 55 55 1 22 163 19 22 4 163 1 63 163 1 1 1 9 9 1 0 6 12 14 14 12 16 21 10 16 12 21 6 21 27 12 12 12 7 7 12 0
query9158 5.31 172% 0 161808 1.00 1.00 23 5 HYBRID 2666 363 1 1 163 163 1 64 649 55 64 10 649 1 172 649 1 1 1 10 10 1 0 6 12 21 21 12 18 43 12 18 12 43 6 28 49 12 12 12 7 7 12 0
query9159 4.96 150% 0 127232 1.00 1.00 23 5 HYBRID 755 270 1 1 55 55 1 22 163 19 22 4 163 1 63 163 1 1 1 9 9 1 0 6 12 14 14 12 16 21 10 16 12 21 6 21 27 12 12 12 7 7 12 0
query9161 7.01 174% 0 214064 1.00 1.00 23 5 HYBRID 5807 603 1 1 460 460 1 163 1297 154 163 10 1297 1 469 1297 4 1 4 10 10 4 0 6 12 41 41 12 19 102 13 19 12 102 6 48 108 12 12 12 7 7 12 0
query9162 5.83 175% 0 207608 1.00 1.00 23 5 HYBRID 6221 492 1 1 325 325 1 115 1621 109 115 7 1621 1 334 1621 1 1 1 10 10 1 0 6 12 32 32 12 18 75 12 18 12 75 6 39 81 12 12 12 7 7 12 0
query9164 6.30 190% 0 232132 1.00 1.00 23 5 HYBRID 9905 509 1 1 325 325 1 121 2836 109 121 13 2836 1 338 2836 4 1 4 14 14 4 0 6 13 32 32 13 21 75 14 21 13 75 6 40 82 13 13 13 7 7 13 0
query9165 5.63 171% 0 162376 1.00 1.00 23 5 HYBRID 2666 363 1 1 163 163 1 64 649 55 64 10 649 1 172 649 1 1 1 10 10 1 0 6 12 21 21 12 18 43 12 18 12 43 6 28 49 12 12 12 7 7 12 0
query6606 4.79 109% 0 98196 1.00 1.00 11 3 HYBRID 845 125 1 1 3 1 255 1 1 253 253 1 1 1 22 1 1 1 1 24 22 1 0 4 7 5 7 14 4 4 13 13 4 4 4 7 4 4 4 4 8 7 4 0
query6608 4.97 145% 0 119068 1.00 1.00 11 3 HYBRID 3107 158 1 1 7 1 979 1 1 973 973 1 1 1 52 1 1 1 1 58 52 1 0 4 10 5 10 20 4 4 19 19 4 4 4 10 4 4 4 4 11 10 4 0
query9168 5.09 152% 0 123988 1.00 1.00 23 5 HYBRID 755 270 1 1 55 55 1 22 163 19 22 4 163 1 63 163 1 1 1 9 9 1 0 6 12 14 14 12 16 21 10 16 12 21 6 21 27 12 12 12 7 7 12 0
query9170 5.82 160% 0 160656 1.00 1.00 23 5 HYBRID 2666 363 1 1 163 163 1 64 649 55 64 10 649 1 172 649 1 1 1 10 10 1 0 6 12 21 21 12 18 43 12 18 12 43 6 28 49 12 12 12 7 7 12 0
query9172 5.60 182% 0 161724 1.00 1.00 23 5 HYBRID 5342 310 1 4 109 109 1 40 1621 37 40 4 1621 1 116 1621 4 1 1 5 5 1 0 6 11 18 18 11 17 32 12 17 11 32 6 24 37 11 11 11 7 7 11 0
query9175 5.11 184% 0 148780 1.00 1.00 23 5 HYBRID 3404 315 1 1 109 109 1 40 973 37 40 4 973 1 118 973 1 1 1 10 10 1 0 6 12 18 18 12 16 32 10 16 12 32 6 25 38 12 12 12 7 7 12 0
query9176 5.04 151% 0 124616 1.00 1.00 23 5 HYBRID 755 270 1 1 55 55 1 22 163 19 22 4 163 1 63 163 1 1 1 9 9 1 0 6 12 14 14 12 16 21 10 16 12 21 6 21 27 12 12 12 7 7 12 0
query9179 6.01 207% 0 248548 1.00 1.00 23 5 HYBRID 25706 467 1 1 271 271 4 100 8182 91 100 10 8182 1 281 8185 1 1 1 11 11 1 0 6 13 29 29 13 20 65 13 20 13 65 6 37 72 13 13 13 7 7 13 0
query9180 6.92 166% 0 212552 1.00 1.00 23 5 HYBRID 5807 603 1 1 460 460 1 163 1297 154 163 10 1297 1 469 1297 4 1 4 10 10 4 0 6 12 41 41 12 19 102 13 19 12 102 6 48 108 12 12 12 7 7 12 0
query9181 4.54 195% 0 151520 1.00 1.00 23 5 HYBRID 3404 315 1 1 109 109 1 40 973 37 40 4 973 1 118 973 1 1 1 10 10 1 0 6 12 18 18 12 16 32 10 16 12 32 6 25 38 12 12 12 7 7 12 0
query9184 5.60 293% 0 341532 1.00 1.00 23 5 HYBRID 129158 356 1 1 136 136 1 52 42850 46 52 7 42850 1 147 42850 1 1 1 12 12 1 0 6 13 20 20 13 19 38 12 19 13 38 6 28 45 13 13 13 7 7 13 0
query9185 4.81 154% 0 122860 1.00 1.00 23 5 HYBRID 755 270 1 1 55 55 1 22 163 19 22 4 163 1 63 163 1 1 1 9 9 1 0 6 12 14 14 12 16 21 10 16 12 21 6 21 27 12 12 12 7 7 12 0
query9186 5.50 183% 0 225260 1.00 1.00 23 5 HYBRID 9905 509 1 1 325 325 1 121 2836 109 121 13 2836 1 338 2836 4 1 4 14 14 4 0 6 13 32 32 13 21 75 14 21 13 75 6 40 82 13 13 13 7 7 13 0
query9187 6.54 173% 0 213368 1.00 1.00 23 5 HYBRID 5807 603 1 1 460 460 1 163 1297 154 163 10 1297 1 469 1297 4 1 4 10 10 4 0 6 12 41 41 12 19 102 13 19 12 102 6 48 108 12 12 12 7 7 12 0
query6628 4.69 105% 0 98728 1.00 1.00 11 3 HYBRID 509 135 1 1 5 1 140 1 1 136 136 1 1 1 25 1 1 1 1 29 25 1 0 4 9 5 9 14 4 4 13 13 4 4 4 9 4 4 4 4 10 9 4 0
query9189 4.70 158% 0 123744 1.00 1.00 23 5 HYBRID 755 270 1 1 55 55 1 22 163 19 22 4 163 1 63 163 1 1 1 9 9 1 0 6 12 14 14 12 16 21 10 16 12 21 6 21 27 12 12 12 7 7 12 0
query6630 4.63 108% 0 93784 1.00 1.00 11 3 HYBRID 845 125 1 1 3 1 255 1 1 253 253 1 1 1 22 1 1 1 1 24 22 1 0 4 7 5 7 14 4 4 13 13 4 4 4 7 4 4 4 4 8 7 4 0
query11234 5.32 128% 0 130592 1.00 1.00 9 3 STAR 920 260 1 1 247 1 217 1 1 55 1 1 1 31 1 1 55 1 1 217 1 85 0 4 4 53 4 5 4 4 15 4 4 4 52 4 4 15 4 4 5 4 63 0
query9192 6.86 178% 0 217664 1.00 1.00 23 5 HYBRID 5807 603 1 1 460 460 1 163 1297 154 163 10 1297 1 469 1297 4 1 4 10 10 4 0 6 12 41 41 12 19 102 13 19 12 102 6 48 108 12 12 12 7 7 12 0
query9193 5.27 150% 0 126060 1.00 1.00 23 5 HYBRID 755 270 1 1 55 55 1 22 163 19 22 4 163 1 63 163 1 1 1 9 9 1 0 6 12 14 14 12 16 21 10 16 12 21 6 21 27 12 12 12 7 7 12 0
query6634 5.05 168% 0 132368 1.00 1.00 13 3 HYBRID 4555 207 1 1 8 1 1388 1 1 1381 1388 1 8 1 121 1 1 1 1 128 121 1 0 4 11 5 11 34 4 4 33 34 4 5 4 11 4 4 4 4 12 11 4 0
query9194 5.25 151% 0 121728 1.00 1.00 23 5 HYBRID 755 270 1 1 55 55 1 22 163 19 22 4 163 1 63 163 1 1 1 9 9 1 0 6 12 14 14 12 16 21 10 16 12 21 6 21 27 12 12 12 7 7 12 0
query9202 6.96 173% 0 215340 1.00 1.00 23 5 HYBRID 5807 603 1 1 460 460 1 163 1297 154 163 10 1297 1 469 1297 4 1 4 10 10 4 0 6 12 41 41 12 19 102 13 19 12 102 6 48 108 12 12 12 7 7 12 0
query9203 5.08 155% 0 125092 1.00 1.00 23 5 HYBRID 755 270 1 1 55 55 1 22 163 19 22 4 163 1 63 163 1 1 1 9 9 1 0 6 12 14 14 12 16 21 10 16 12 21 6 21 27 12 12 12 7 7 12 0
query9205 6.50 182% 0 210924 1.00 1.00 23 5 HYBRID 5807 603 1 1 460 460 1 163 1297 154 163 10 1297 1 469 1297 4 1 4 10 10 4 0 6 12 41 41 12 19 102 13 19 12 102 6 48 108 12 12 12 7 7 12 0
