query1391 5.43 39% 0 75960 1.00 1.00 8 2 PATH 32 31 1 1 1 1 1 1 1 1 1 1 1 1 1 1 1 1 3 1 1 1 1 1 1 1 1 1 1 1 1 1 0 1 1 1 1 1 1 1 1 1 1 1 1 1 1 1 1 2 1 1 1 1 1 1 1 1 1 1 1 1 1 0
query2269 6.41 41% 0 78176 1.00 1.00 21 2 PATH 42 33 1 1 1 1 1 1 1 1 1 1 1 6 1 1 1 1 1 1 1 1 1 1 1 3 1 1 1 1 6 1 0 1 1 1 1 1 1 1 1 1 1 1 2 1 1 1 1 1 1 1 1 1 1 1 2 1 1 1 1 2 1 0
query4215 6.91 78% 0 107804 0.00 1.00 97 2 STAR 38 116 1 1 1 1 1 1 1 1 1 1 1 1 1 1 1 1 1 1 1 1 1 1 1 9 1 1 1 1 1 1 0 1 1 4 1 1 2 5 8 1 9 1 1 7 1 1 1 6 7 1 5 1 1 1 16 8 8 3 7 6 1 0
query3089 1190.71 53% 0 884168 1.00 1.00 33 9 HYBRID 650790 229298 1 1 1 1 448471 1 1 1 1 1193 1 1 1 1 1 1 1 1 1 1 1 1 1185 595 1 1 1 1 199321 1 0 1 1 1 1 199321 1 1 1 1 25 1 1 1 1 1 1 1 1 1 1 1 1 21 29904 1 1 1 1 2 1 0
query8898 6.30 40% 0 79236 1.00 1.00 25 3 HYBRID 37 34 1 1 1 1 1 1 1 1 1 1 1 1 1 1 1 1 1 1 2 1 1 1 1 1 1 1 1 1 7 1 0 1 1 1 1 1 1 1 1 1 1 1 1 1 1 1 1 1 1 2 1 1 1 1 3 1 1 1 1 2 1 0
query4453 5.73 47% 0 77300 1.00 1.00 21 2 PATH 34 33 1 1 1 1 1 1 1 1 1 1 1 1 1 1 1 1 1 1 1 1 1 1 1 3 1 1 1 1 2 2 0 1 1 1 1 1 1 1 1 1 1 1 1 1 1 1 1 1 1 1 1 1 1 1 2 1 1 1 1 2 2 0
query8930 6.86 86% 0 118056 1.00 1.00 24 7 HYBRID 550 73 1 1 1 1 1 1 1 1 1 1 1 1 21 1 1 1 1 1 1 1 1 1 1 5 1 1 1 1 497 1 0 1 1 1 1 1 1 1 1 1 1 1 1 5 1 1 1 1 1 1 1 1 1 1 39 1 1 1 1 2 1 0
query4227 6.08 76% 0 106064 0.00 1.00 97 2 STAR 38 116 1 1 1 1 1 1 1 1 1 1 1 1 1 1 1 1 1 1 1 1 1 1 1 9 1 1 1 1 1 1 0 1 1 7 1 1 5 11 4 1 13 1 1 4 1 1 1 6 4 1 3 1 1 1 15 8 9 2 4 6 1 0
query8913 5.48 41% 0 78464 1.00 1.00 25 3 HYBRID 60 35 1 1 1 1 1 1 1 1 1 1 1 1 1 1 1 1 1 1 14 1 1 1 1 9 1 1 1 1 10 1 0 1 1 1 1 1 1 1 1 1 1 1 1 1 1 1 1 2 1 3 1 1 1 1 2 1 1 1 1 2 1 0
query7213 32.17 81% 0 334088 1.00 1.00 31 10 HYBRID 3798 3783 1 1 1 1 1 1 1 1 1 1 1 1 1 1 1 1 1 1 1 1 1 17 19 3719 17 1 1 1 1 1 0 1 1 1 1 1 1 1 1 1 1 1 1 1 1 1 1 1 1 1 1 1 17 3719 2 19 1 1 1 1 1 0
query2296 5.81 38% 0 77792 1.00 1.00 21 2 PATH 39 33 1 1 1 1 1 1 1 1 1 1 1 1 6 1 1 1 1 1 1 1 1 1 1 3 1 1 1 1 3 1 0 1 1 1 1 1 1 1 1 1 1 1 1 2 1 1 1 1 1 1 1 1 1 1 2 1 1 1 1 2 1 0
query1379 6.04 36% 0 76504 1.00 1.00 8 2 PATH 34 31 1 1 1 1 1 1 1 1 1 1 1 1 1 1 1 1 5 1 1 1 1 1 1 1 1 1 1 1 1 1 0 1 1 1 1 1 1 1 1 1 1 1 1 1 1 1 1 2 1 1 1 1 1 1 1 1 1 1 1 1 1 0
query11839 69.18 92% 0 353844 1.00 1.00 31 11 HYBRID 10855 10813 1 1 1 1 1 1 1 1 1 1 1 1 1 1 1 1 142 1 1 1 44 142 1 1 1 1 1 1 1 10501 0 1 1 1 1 1 1 1 1 1 1 1 1 1 1 1 1 10501 1 1 1 142 142 1 1 1 1 1 1 1 2 0
query8880 6.87 44% 0 79348 1.00 1.00 25 3 HYBRID 39 34 1 1 1 1 1 1 1 1 1 1 1 1 1 1 1 1 1 1 1 1 1 1 1 3 1 1 1 1 8 1 0 1 1 1 1 1 1 1 1 1 1 1 1 1 1 1 1 2 1 2 1 1 1 1 2 1 1 1 1 2 1 0
query2413 6.16 39% 0 77780 1.00 1.00 21 2 PATH 54 34 1 1 1 1 1 1 1 1 1 1 1 1 1 1 1 1 1 1 10 1 1 1 1 10 1 1 1 1 1 7 0 1 1 1 1 1 1 1 1 1 1 1 1 1 1 1 1 1 1 3 1 1 1 1 2 1 1 1 1 1 2 0
query6279 6.02 60% 0 88340 1.00 1.00 8 4 HYBRID 30 60 1 1 1 1 1 1 1 1 1 1 1 1 1 1 1 1 1 1 1 1 1 1 1 1 1 1 1 1 1 1 0 2 2 2 2 2 2 2 2 2 2 2 2 2 2 2 2 2 2 2 2 2 2 2 2 2 2 2 2 2 2 0
query2308 5.90 37% 0 77844 1.00 1.00 21 2 PATH 36 33 1 1 1 1 1 1 1 1 1 1 1 2 1 1 1 1 1 1 1 1 1 1 1 3 1 1 1 1 4 1 0 1 1 1 1 1 1 1 1 1 1 1 2 1 1 1 1 1 1 1 1 1 1 1 2 1 1 1 1 2 1 0
query7401 1800.00 0% 0 1428 0.00 1.00 28 10 HYBRID 834527 2527 1 1 1 1 1 795796 1 1 1 1 1 1 1 1 1 1 3 1 1 1 1 1 38701 1 1 1 1 1 1 1 0 1 1 1 1 1 1750 1 1 1 1 1 1 1 1 1 1 748 1 1 1 1 1 2 1 1 1 1 1 1 1 0
query1389 5.13 39% 0 76516 1.00 1.00 8 2 PATH 32 31 1 1 1 1 1 1 1 1 1 1 1 1 1 1 1 1 3 1 1 1 1 1 1 1 1 1 1 1 1 1 0 1 1 1 1 1 1 1 1 1 1 1 1 1 1 1 1 2 1 1 1 1 1 1 1 1 1 1 1 1 1 0
query7090 5.90 39% 0 78300 1.00 1.00 21 2 PATH 38 33 1 1 1 1 1 1 1 1 1 1 1 1 5 1 1 1 1 1 1 1 1 1 1 3 1 1 1 1 3 1 0 1 1 1 1 1 1 1 1 1 1 1 1 2 1 1 1 1 1 1 1 1 1 1 2 1 1 1 1 2 1 0
query4445 5.98 38% 0 77980 1.00 1.00 21 2 PATH 34 33 1 1 1 1 1 1 1 1 1 1 1 1 1 2 1 1 1 1 1 1 1 1 1 3 1 1 1 1 1 2 0 1 1 1 1 1 1 1 1 1 1 1 1 1 2 1 1 1 1 1 1 1 1 1 2 1 1 1 1 1 2 0
query4219 2.78 69% 0 101072 0.00 1.00 97 2 STAR 35 88 1 1 1 1 1 1 1 1 1 1 1 1 1 1 1 1 1 1 1 1 1 1 1 6 1 1 1 1 1 1 0 1 1 7 1 1 1 8 4 1 10 1 1 3 1 1 1 6 5 1 4 1 1 1 8 2 2 1 5 7 1 0
query355 102.09 56% 0 368508 1.00 1.00 41 14 HYBRID 17150 16595 1 1 1 1 1 557 1 1 1 1 1 1 1 1 1 1 1 1 1 1 1 1 4633 557 6745 1 1 1 4633 1 0 1 1 1 1 1 557 1 1 1 1 1 1 1 1 1 1 1 1 1 1 1 1 4633 6745 4633 1 1 1 2 1 0
query1665 5.06 35% 0 78972 1.00 1.00 21 2 PATH 74 35 1 1 1 1 1 1 1 1 1 1 1 1 1 1 1 1 10 1 20 1 1 1 1 9 1 1 1 1 1 9 0 1 1 1 1 1 1 1 1 1 1 1 1 1 1 1 1 3 1 2 1 1 1 1 2 1 1 1 1 1 2 0
query1932 9.27 65% 0 219812 1.00 1.00 33 5 HYBRID 704 693 1 1 1 1 1 4 1 1 1 1 1 1 1 1 1 1 13 1 1 2 2 1 1 1 1 1 1 1 658 1 0 1 1 1 1 1 3 1 1 1 1 1 1 1 1 1 1 658 1 1 2 3 1 1 1 1 1 1 1 2 1 0
query11844 61.24 73% 0 342308 1.00 1.00 31 11 HYBRID 10855 10813 1 1 1 1 1 1 1 1 1 1 1 1 1 1 1 1 142 1 1 1 44 142 1 1 1 1 1 1 1 10501 0 1 1 1 1 1 1 1 1 1 1 1 1 1 1 1 1 10501 1 1 1 142 142 1 1 1 1 1 1 1 2 0
query7026 6.00 32% 0 77732 1.00 1.00 21 2 PATH 36 33 1 1 1 1 1 1 1 1 1 1 1 1 4 1 1 1 1 1 1 1 1 1 1 3 1 1 1 1 2 1 0 1 1 1 1 1 1 1 1 1 1 1 1 2 1 1 1 1 1 1 1 1 1 1 2 1 1 1 1 2 1 0
query8846 4.06 49% 0 77496 1.00 1.00 25 3 HYBRID 37 34 1 1 1 1 1 1 1 1 1 1 1 1 1 1 1 1 1 1 2 1 1 1 1 1 1 1 1 1 7 1 0 1 1 1 1 1 1 1 1 1 1 1 1 1 1 1 1 2 1 2 1 1 1 1 2 1 1 1 1 2 1 0
query11889 2.63 47% 0 78072 1.00 1.00 12 4 HYBRID 48 35 1 1 1 1 1 1 1 1 1 1 1 1 1 1 1 1 1 1 1 1 1 1 1 5 1 1 1 1 15 1 0 1 1 1 1 1 1 1 1 1 1 1 1 1 1 1 1 1 1 1 1 1 1 1 2 1 1 1 1 5 1 0
query11938 4.58 48% 0 78384 1.00 1.00 12 4 HYBRID 39 33 1 1 1 1 1 1 1 1 1 1 1 1 1 1 1 1 1 1 1 1 1 1 1 3 1 1 1 1 8 1 0 1 1 1 1 1 1 1 1 1 1 1 1 1 1 1 1 1 1 1 1 1 1 1 2 1 1 1 1 3 1 0
query4220 3.98 58% 0 97840 1.00 1.00 97 2 STAR 36 88 1 1 1 1 1 1 1 1 1 2 1 1 1 1 1 1 1 1 1 1 1 1 1 6 1 1 1 1 1 1 0 1 1 1 1 1 4 6 3 1 13 1 1 8 1 1 1 1 3 1 8 1 1 1 7 6 7 1 4 1 1 0
query8900 5.74 40% 0 79160 1.00 1.00 25 3 HYBRID 39 34 1 1 1 1 1 1 1 1 1 1 1 1 1 1 1 1 1 1 1 1 1 1 1 3 1 1 1 1 8 1 0 1 1 1 1 1 1 1 1 1 1 1 1 1 1 1 1 1 1 3 1 1 1 1 2 1 1 1 1 2 1 0
query7184 28.79 85% 0 337308 1.00 1.00 31 10 HYBRID 3798 3783 1 1 1 1 1 1 1 1 1 1 1 1 1 1 1 1 1 1 1 1 1 17 19 3719 17 1 1 1 1 1 0 1 1 1 1 1 1 1 1 1 1 1 1 1 1 1 1 1 1 1 1 1 17 3719 2 19 1 1 1 1 1 0
query4421 6.11 38% 0 77312 1.00 1.00 21 2 PATH 38 33 1 1 1 1 1 1 1 1 1 1 1 1 1 1 1 1 1 1 1 1 1 1 1 5 1 1 1 1 1 5 0 1 1 1 1 1 1 1 1 1 1 1 1 1 1 1 1 1 1 1 1 1 1 1 2 1 1 1 1 1 3 0
query1380 5.96 38% 0 77248 1.00 1.00 8 2 PATH 32 31 1 1 1 1 1 1 1 1 1 1 1 1 1 1 1 1 3 1 1 1 1 1 1 1 1 1 1 1 1 1 0 1 1 1 1 1 1 1 1 1 1 1 1 1 1 1 1 2 1 1 1 1 1 1 1 1 1 1 1 1 1 0
query4222 4.07 71% 0 107084 0.00 1.00 97 2 STAR 38 116 1 1 1 1 1 1 1 1 1 1 1 1 1 1 1 1 1 1 1 1 1 1 1 9 1 1 1 1 1 1 0 1 1 6 1 1 3 8 2 1 14 1 1 12 1 1 1 8 2 1 7 1 1 1 16 4 4 5 2 8 1 0
query1722 6.58 45% 0 79224 1.00 1.00 21 2 PATH 49 34 1 1 1 1 1 1 1 1 1 1 1 1 1 1 1 1 1 1 7 1 1 1 1 8 1 1 1 1 1 7 0 1 1 1 1 1 1 1 1 1 1 1 1 1 1 1 1 1 1 3 1 1 1 1 2 1 1 1 1 1 2 0
query8863 2.95 50% 0 77488 1.00 1.00 25 3 HYBRID 39 34 1 1 1 1 1 1 1 1 1 1 1 1 1 1 1 1 1 1 1 1 1 1 1 3 1 1 1 1 8 1 0 1 1 1 1 1 1 1 1 1 1 1 1 1 1 1 1 1 1 3 1 1 1 1 2 1 1 1 1 2 1 0
query12159 3.12 46% 0 76760 1.00 1.00 4 1 STAR 33 31 1 1 1 1 1 1 1 1 1 1 1 1 1 1 1 1 1 1 1 1 1 1 1 1 1 1 1 1 4 1 0 1 1 1 1 1 1 1 1 1 1 1 1 1 1 1 1 1 1 1 1 1 1 1 1 1 1 1 1 2 1 0
query11896 2.64 48% 0 79048 1.00 1.00 12 4 HYBRID 48 35 1 1 1 1 1 1 1 1 1 1 1 1 1 1 1 1 1 1 1 1 1 1 1 5 1 1 1 1 15 1 0 1 1 1 1 1 1 1 1 1 1 1 1 1 1 1 1 1 1 1 1 1 1 1 2 1 1 1 1 5 1 0
query6577 2.90 46% 0 78064 1.00 1.00 25 3 HYBRID 65 34 1 1 1 1 1 1 1 1 1 1 1 1 1 1 1 1 1 1 15 1 1 1 1 15 1 1 1 1 8 1 0 1 1 1 1 1 1 1 1 1 1 1 1 1 1 1 1 1 1 3 1 1 1 1 2 1 1 1 1 2 1 0
query320 49.71 66% 0 358284 1.00 1.00 40 14 HYBRID 14737 14388 1 1 1 1 1 351 1 1 1 1 1 1 1 1 1 1 1 1 1 1 1 1 4054 351 5902 1 1 1 4054 1 0 1 1 1 1 1 351 1 1 1 1 1 1 1 1 1 1 1 1 1 1 1 1 4054 5902 4054 1 1 1 2 1 0
query4211 3.63 65% 0 102616 1.00 1.00 97 2 STAR 39 116 1 1 1 1 1 1 1 1 1 2 1 1 1 1 1 1 1 1 1 1 1 1 1 9 1 1 1 1 1 1 0 1 1 4 1 1 6 9 5 1 17 1 1 10 1 1 1 2 5 1 8 1 1 1 11 7 7 3 5 2 1 0
query4077 4.05 48% 0 78500 1.00 1.00 12 4 HYBRID 36 33 1 1 1 1 1 1 1 1 1 1 1 1 1 1 1 1 1 1 1 1 1 1 1 3 1 1 1 1 5 1 0 1 1 1 1 1 1 1 1 1 1 1 1 1 1 1 1 1 1 1 1 1 1 1 2 1 1 1 1 3 1 0
query8887 4.03 44% 0 78888 1.00 1.00 25 3 HYBRID 42 35 1 1 1 1 1 1 1 1 1 1 1 1 1 1 1 1 3 1 2 1 1 1 1 1 1 1 1 1 10 1 0 1 1 1 1 1 1 1 1 1 1 1 1 1 1 1 1 2 1 3 1 1 1 1 2 1 1 1 1 2 1 0
query8918 2.80 47% 0 77656 1.00 1.00 25 3 HYBRID 44 34 1 1 1 1 1 1 1 1 1 1 1 1 1 1 1 1 1 1 1 1 1 1 1 9 1 1 1 1 7 1 0 1 1 1 1 1 1 1 1 1 1 1 1 1 1 1 1 1 1 3 1 1 1 1 2 1 1 1 1 2 1 0
query8877 3.77 50% 0 78500 1.00 1.00 25 3 HYBRID 37 34 1 1 1 1 1 1 1 1 1 1 1 1 1 1 1 1 1 1 2 1 1 1 1 1 1 1 1 1 7 1 0 1 1 1 1 1 1 1 1 1 1 1 1 1 1 1 1 1 1 3 1 1 1 1 2 1 1 1 1 2 1 0
query8943 3.48 85% 0 120364 1.00 1.00 24 7 HYBRID 824 92 1 1 1 1 1 1 1 1 1 1 1 1 15 1 1 1 1 1 1 1 1 1 1 6 1 1 1 1 776 1 0 1 1 1 1 1 1 1 1 1 1 1 1 6 1 1 1 1 1 1 1 1 1 1 57 1 1 1 1 2 1 0
query4215 2.90 76% 0 106468 0.00 1.00 97 2 STAR 38 116 1 1 1 1 1 1 1 1 1 1 1 1 1 1 1 1 1 1 1 1 1 1 1 9 1 1 1 1 1 1 0 1 1 6 1 1 3 8 2 1 14 1 1 12 1 1 1 8 2 1 7 1 1 1 16 4 4 5 2 8 1 0
query1515 2.76 47% 0 79572 1.00 1.00 59 5 HYBRID 42 36 1 1 1 2 1 1 1 1 1 1 1 1 2 1 1 1 1 1 6 1 1 1 1 1 1 1 1 1 3 4 0 1 1 1 2 1 1 1 1 1 1 1 1 2 1 1 1 1 1 2 1 1 1 1 1 1 1 1 1 3 2 0
query11776 33.84 93% 0 352696 1.00 1.00 31 11 HYBRID 10855 10813 1 1 1 1 1 1 1 1 1 1 1 1 1 1 1 1 142 1 1 1 44 142 1 1 1 1 1 1 1 10501 0 1 1 1 1 1 1 1 1 1 1 1 1 1 1 1 1 10501 1 1 1 142 142 1 1 1 1 1 1 1 2 0
query4409 3.78 37% 0 77304 1.00 1.00 21 2 PATH 34 33 1 1 1 1 1 1 1 1 1 1 1 1 1 1 1 1 1 1 1 1 1 1 1 3 1 1 1 1 2 2 0 1 1 1 1 1 1 1 1 1 1 1 1 1 1 1 1 1 1 1 1 1 1 1 2 1 1 1 1 2 2 0
query1496 5.90 40% 0 78800 1.00 1.00 59 5 HYBRID 36 35 1 1 1 2 1 1 1 1 1 1 1 1 1 2 1 1 1 1 3 1 1 1 1 1 1 1 2 1 1 2 0 1 1 1 2 1 1 1 1 1 1 1 1 1 2 1 1 1 1 2 1 1 1 1 1 1 1 2 1 1 2 0
query4211 2.81 89% 0 106884 0.00 1.00 97 2 STAR 38 116 1 1 1 1 1 1 1 1 1 1 1 1 1 1 1 1 1 1 1 1 1 1 1 9 1 1 1 1 1 1 0 1 1 5 1 1 7 11 8 1 16 1 1 8 1 1 1 2 8 1 7 1 1 1 8 4 4 3 8 2 1 0
query2462 4.02 43% 0 78120 1.00 1.00 21 2 PATH 70 34 1 1 1 1 1 1 1 1 1 1 1 1 1 1 1 1 1 1 19 1 1 1 1 17 1 1 1 1 1 7 0 1 1 1 1 1 1 1 1 1 1 1 1 1 1 1 1 1 1 3 1 1 1 1 2 1 1 1 1 1 2 0
query2253 2.43 46% 0 77788 1.00 1.00 21 2 PATH 41 33 1 1 1 1 1 1 1 1 1 1 1 1 7 1 1 1 1 1 1 1 1 1 1 3 1 1 1 1 4 1 0 1 1 1 1 1 1 1 1 1 1 1 1 2 1 1 1 1 1 1 1 1 1 1 2 1 1 1 1 2 1 0
query7200 5.45 113% 0 161856 1.00 1.00 31 10 HYBRID 434 403 1 1 1 1 1 1 1 1 1 1 1 1 1 1 1 1 1 1 1 1 1 33 3 339 33 1 1 1 1 1 0 1 1 1 1 1 1 1 1 1 1 1 1 1 1 1 1 1 1 1 1 1 33 339 2 3 1 1 1 1 1 0
query4410 5.91 38% 0 77336 1.00 1.00 21 2 PATH 34 33 1 1 1 1 1 1 1 1 1 1 1 1 1 1 1 1 1 1 1 1 1 1 1 3 1 1 1 1 2 2 0 1 1 1 1 1 1 1 1 1 1 1 1 1 1 1 1 1 1 1 1 1 1 1 2 1 1 1 1 2 2 0
query6592 3.53 43% 0 79600 1.00 1.00 25 3 HYBRID 148 37 1 1 1 1 1 1 1 1 1 1 1 1 1 1 1 1 23 1 34 1 1 1 1 43 1 1 1 1 22 1 0 1 1 1 1 1 1 1 1 1 1 1 1 1 1 1 1 3 1 4 1 1 1 1 2 1 1 1 1 2 1 0
query7392 1800.00 0% 0 1428 0.00 1.00 28 10 HYBRID 831899 2714 1 1 1 1 1 802166 1 1 1 1 1 1 1 1 1 1 5 1 1 1 1 1 29701 1 1 1 1 1 1 1 0 1 1 1 1 1 1764 1 1 1 1 1 1 1 1 1 1 921 1 1 1 1 1 2 1 1 1 1 1 1 1 0
query6241 4.72 45% 0 89720 1.00 1.00 8 4 HYBRID 30 60 1 1 1 1 1 1 1 1 1 1 1 1 1 1 1 1 1 1 1 1 1 1 1 1 1 1 1 1 1 1 0 2 2 2 2 2 2 2 2 2 2 2 2 2 2 2 2 2 2 2 2 2 2 2 2 2 2 2 2 2 2 0
query4066 6.29 41% 0 77416 1.00 1.00 12 4 HYBRID 40 33 1 1 1 1 1 1 1 1 1 1 1 1 1 1 1 1 1 1 1 1 1 1 1 3 1 1 1 1 9 1 0 1 1 1 1 1 1 1 1 1 1 1 1 1 1 1 1 1 1 1 1 1 1 1 2 1 1 1 1 3 1 0
query2237 2.75 51% 0 77108 1.00 1.00 21 2 PATH 40 33 1 1 1 1 1 1 1 1 1 1 1 1 3 1 1 1 1 1 1 1 1 1 1 4 1 1 1 1 6 1 0 1 1 1 1 1 1 1 1 1 1 1 1 2 1 1 1 1 1 1 1 1 1 1 2 1 1 1 1 2 1 0
query342 90.63 59% 0 354888 1.00 1.00 41 14 HYBRID 17150 16595 1 1 1 1 1 557 1 1 1 1 1 1 1 1 1 1 1 1 1 1 1 1 4633 557 6745 1 1 1 4633 1 0 1 1 1 1 1 557 1 1 1 1 1 1 1 1 1 1 1 1 1 1 1 1 4633 6745 4633 1 1 1 2 1 0
query1540 3.84 49% 0 80172 1.00 1.00 59 5 HYBRID 42 36 1 1 1 2 1 1 1 1 1 1 1 1 2 1 1 1 1 1 6 1 1 1 1 1 1 1 1 1 2 5 0 1 1 1 2 1 1 1 1 1 1 1 1 2 1 1 1 1 1 2 1 1 1 1 1 1 1 1 1 2 3 0
query11791 48.44 68% 0 351192 1.00 1.00 32 11 HYBRID 9097 9089 1 1 1 1 1 1 1 1 1 1 1 1 1 1 1 1 30 1 1 1 10 30 1 1 1 1 1 1 1 9001 0 1 1 1 1 1 1 1 1 1 1 1 1 1 1 1 1 9001 1 1 1 30 30 1 1 1 1 1 1 1 2 0
query2391 3.25 52% 0 79116 1.00 1.00 21 2 PATH 85 35 1 1 1 1 1 1 1 1 1 1 1 1 1 1 1 1 17 1 12 1 1 1 1 20 1 1 1 1 1 10 0 1 1 1 1 1 1 1 1 1 1 1 1 1 1 1 1 3 1 2 1 1 1 1 2 1 1 1 1 1 2 0
query4218 6.17 69% 0 108280 0.00 1.00 97 2 STAR 38 116 1 1 1 1 1 1 1 1 1 1 1 1 1 1 1 1 1 1 1 1 1 1 1 9 1 1 1 1 1 1 0 1 1 4 1 1 6 8 8 1 9 1 1 4 1 1 1 6 8 1 2 1 1 1 15 7 7 3 8 6 1 0
query4054 2.70 46% 0 77612 1.00 1.00 12 4 HYBRID 50 35 1 1 1 1 1 1 1 1 1 1 1 1 1 1 1 1 1 1 1 1 1 1 1 5 1 1 1 1 17 1 0 1 1 1 1 1 1 1 1 1 1 1 1 1 1 1 1 1 1 1 1 1 1 1 2 1 1 1 1 5 1 0
query9533 2.78 42% 0 76012 1.00 1.00 4 1 STAR 33 31 1 1 1 1 1 1 1 1 1 1 1 1 1 1 1 1 1 1 1 1 1 1 1 1 1 1 1 1 4 1 0 1 1 1 1 1 1 1 1 1 1 1 1 1 1 1 1 1 1 1 1 1 1 1 1 1 1 1 1 2 1 0
query1412 2.62 44% 0 76592 1.00 1.00 8 2 PATH 32 31 1 1 1 1 1 1 1 1 1 1 1 1 1 1 1 1 3 1 1 1 1 1 1 1 1 1 1 1 1 1 0 1 1 1 1 1 1 1 1 1 1 1 1 1 1 1 1 2 1 1 1 1 1 1 1 1 1 1 1 1 1 0
query8938 3.31 89% 0 128212 1.00 1.00 25 7 HYBRID 816 99 1 1 1 1 1 1 1 1 1 1 1 1 29 1 1 1 1 1 1 1 1 1 1 15 1 1 1 1 745 1 0 1 1 1 1 1 1 1 1 1 1 1 1 15 1 1 1 1 1 1 1 1 1 1 55 1 1 1 1 2 1 0
query11836 41.10 79% 0 340064 1.00 1.00 32 11 HYBRID 10588 10581 1 1 1 1 1 1 1 1 1 1 1 1 1 1 1 1 26 1 1 1 9 26 1 1 1 1 1 1 1 10501 0 1 1 1 1 1 1 1 1 1 1 1 1 1 1 1 1 10501 1 1 1 26 26 1 1 1 1 1 1 1 2 0
query7198 6.06 69% 0 163348 1.00 1.00 31 10 HYBRID 434 403 1 1 1 1 1 1 1 1 1 1 1 1 1 1 1 1 1 1 1 1 1 33 3 339 33 1 1 1 1 1 0 1 1 1 1 1 1 1 1 1 1 1 1 1 1 1 1 1 1 1 1 1 33 339 2 3 1 1 1 1 1 0
query6584 3.57 44% 0 78476 1.00 1.00 25 3 HYBRID 53 35 1 1 1 1 1 1 1 1 1 1 1 1 1 1 1 1 1 1 7 1 1 1 1 10 1 1 1 1 9 1 0 1 1 1 1 1 1 1 1 1 1 1 1 1 1 1 1 2 1 3 1 1 1 1 2 1 1 1 1 2 1 0
query1651 2.58 50% 0 79472 1.00 1.00 21 2 PATH 93 37 1 1 1 1 1 1 1 1 1 1 1 1 1 1 1 1 20 1 21 1 1 1 1 7 1 1 1 1 1 19 0 1 1 1 1 1 1 1 1 1 1 1 1 1 1 1 1 3 1 4 1 1 1 1 2 1 1 1 1 1 2 0
query4412 5.68 40% 0 79280 1.00 1.00 21 2 PATH 34 33 1 1 1 1 1 1 1 1 1 1 1 1 1 2 1 1 1 1 1 1 1 1 1 3 1 1 1 1 1 2 0 1 1 1 1 1 1 1 1 1 1 1 1 1 2 1 1 1 1 1 1 1 1 1 2 1 1 1 1 1 2 0
query12160 2.53 45% 0 77148 1.00 1.00 4 1 STAR 31 31 1 1 1 1 1 1 1 1 1 1 1 1 1 1 1 1 1 1 1 2 1 1 1 1 1 1 1 1 1 1 0 1 1 1 1 1 1 1 1 1 1 1 1 1 1 1 1 1 1 1 2 1 1 1 1 1 1 1 1 1 1 0
query1417 2.87 67% 0 76544 1.00 1.00 8 2 PATH 32 31 1 1 1 1 1 1 1 1 1 1 1 1 1 1 1 1 3 1 1 1 1 1 1 1 1 1 1 1 1 1 0 1 1 1 1 1 1 1 1 1 1 1 1 1 1 1 1 2 1 1 1 1 1 1 1 1 1 1 1 1 1 0
query1429 2.48 45% 0 76932 1.00 1.00 8 2 PATH 32 31 1 1 1 1 1 1 1 1 1 1 1 1 1 1 1 1 3 1 1 1 1 1 1 1 1 1 1 1 1 1 0 1 1 1 1 1 1 1 1 1 1 1 1 1 1 1 1 2 1 1 1 1 1 1 1 1 1 1 1 1 1 0
query11126 6.11 38% 0 78496 1.00 1.00 21 2 STAR 66 32 1 1 1 36 1 1 1 1 1 1 1 1 1 1 1 1 1 1 1 1 1 1 1 2 1 1 1 1 1 1 0 1 1 1 2 1 1 1 1 1 1 1 1 1 1 1 1 1 1 1 1 1 1 1 2 1 1 1 1 1 1 0
query4226 2.69 71% 0 99784 1.00 1.00 97 2 STAR 36 88 1 1 1 1 1 1 1 1 1 2 1 1 1 1 1 1 1 1 1 1 1 1 1 6 1 1 1 1 1 1 0 1 1 1 1 1 4 6 3 1 13 1 1 8 1 1 1 1 3 1 8 1 1 1 7 6 7 1 4 1 1 0
query11955 5.74 42% 0 80132 1.00 1.00 12 4 HYBRID 39 33 1 1 1 1 1 1 1 1 1 1 1 1 1 1 1 1 1 1 1 1 1 1 1 3 1 1 1 1 8 1 0 1 1 1 1 1 1 1 1 1 1 1 1 1 1 1 1 1 1 1 1 1 1 1 2 1 1 1 1 3 1 0
query7183 9.89 80% 0 164856 1.00 1.00 31 10 HYBRID 434 403 1 1 1 1 1 1 1 1 1 1 1 1 1 1 1 1 1 1 1 1 1 33 3 339 33 1 1 1 1 1 0 1 1 1 1 1 1 1 1 1 1 1 1 1 1 1 1 1 1 1 1 1 33 339 2 3 1 1 1 1 1 0
query7038 5.52 40% 0 78356 1.00 1.00 21 2 PATH 39 33 1 1 1 1 1 1 1 1 1 1 1 6 1 1 1 1 1 1 1 1 1 1 1 3 1 1 1 1 3 1 0 1 1 1 1 1 1 1 1 1 1 1 2 1 1 1 1 1 1 1 1 1 1 1 2 1 1 1 1 2 1 0
query8914 6.20 39% 0 78584 1.00 1.00 25 3 HYBRID 37 34 1 1 1 1 1 1 1 1 1 1 1 1 1 1 1 1 1 1 2 1 1 1 1 1 1 1 1 1 7 1 0 1 1 1 1 1 1 1 1 1 1 1 1 1 1 1 1 2 1 2 1 1 1 1 2 1 1 1 1 2 1 0
query4224 5.85 69% 0 106496 0.00 1.00 97 2 STAR 38 116 1 1 1 1 1 1 1 1 1 1 1 1 1 1 1 1 1 1 1 1 1 1 1 9 1 1 1 1 1 1 0 1 1 3 1 1 8 10 5 1 16 1 1 8 1 1 1 6 5 1 7 1 1 1 11 4 4 2 5 7 1 0
query4707 4.44 32% 0 78228 1.00 1.00 38 3 STAR 37 35 1 1 1 1 1 1 1 1 1 1 1 1 1 1 1 1 1 1 1 1 1 1 1 4 1 1 4 1 2 1 0 2 1 1 1 1 1 1 1 1 1 1 1 1 1 1 1 1 1 1 1 1 1 1 2 1 1 3 1 2 1 0
query7416 1800.00 0% 0 1432 0.00 1.00 29 10 HYBRID 831442 2248 1 1 1 1 1 801711 1 1 1 1 1 1 1 1 1 1 3 1 1 1 1 1 29701 1 1 1 1 1 1 1 0 1 1 1 1 1 1763 1 1 1 1 1 1 1 1 1 1 456 1 1 1 1 1 2 1 1 1 1 1 1 1 0
query7070 3.71 54% 0 77908 1.00 1.00 21 2 PATH 41 33 1 1 1 1 1 1 1 1 1 1 1 1 5 1 1 1 1 1 1 1 1 1 1 3 1 1 1 1 6 1 0 1 1 1 1 1 1 1 1 1 1 1 1 2 1 1 1 1 1 1 1 1 1 1 2 1 1 1 1 2 1 0
query1954 11.45 83% 0 216048 1.00 1.00 33 5 HYBRID 732 695 1 1 1 1 1 3 1 1 1 1 1 1 1 1 1 1 35 1 1 4 7 1 1 1 1 1 1 1 658 1 0 1 1 1 1 1 4 1 1 1 1 1 1 1 1 1 1 658 1 1 4 2 1 1 1 1 1 1 1 2 1 0
query6602 2.72 47% 0 78000 1.00 1.00 25 3 HYBRID 53 35 1 1 1 1 1 1 1 1 1 1 1 1 1 1 1 1 4 1 4 1 1 1 1 10 1 1 1 1 9 1 0 1 1 1 1 1 1 1 1 1 1 1 1 1 1 1 1 3 1 2 1 1 1 1 2 1 1 1 1 2 1 0
