query7972 2.64 65% 0 71596 1.00 1.00 2 2 STAR 59 11 1 1 1 50 1 1 1 1 1 1 0 1 1 1 2 1 1 1 1 1 1 0
query5412 2.83 64% 0 71292 1.00 1.00 1 1 STAR 12 11 1 1 1 1 1 1 1 1 3 1 0 1 1 1 1 1 1 1 1 2 1 0
query12068 3.27 109% 0 90012 1.00 1.00 11 6 HYBRID 557 42 1 1 1 451 1 22 77 1 1 1 0 1 1 1 11 1 2 22 1 1 1 0
query8429 2.49 69% 0 71480 1.00 1.00 6 6 HYBRID 22 11 1 1 1 1 13 1 1 1 1 1 0 1 1 1 1 2 1 1 1 1 1 0
query7928 1.82 88% 0 71124 1.00 1.00 2 2 STAR 35 11 1 1 1 26 1 1 1 1 1 1 0 1 1 1 2 1 1 1 1 1 1 0
query9526 2.40 67% 0 71216 1.00 1.00 1 1 STAR 13 11 1 1 1 1 1 1 1 1 1 4 0 1 1 1 1 1 1 1 1 1 2 0
query3567 3.48 86% 0 110948 1.00 1.00 6 6 HYBRID 2778 11 1 1 2769 1 1 1 1 1 1 1 0 1 1 2 1 1 1 1 1 1 1 0
query3338 2.80 67% 0 70848 1.00 1.00 1 1 STAR 12 11 1 1 1 1 1 1 1 3 1 1 0 1 1 1 1 1 1 1 2 1 1 0
query9722 2.50 75% 0 72232 1.00 1.00 4 4 HYBRID 102 11 1 1 1 1 93 1 1 1 1 1 0 1 1 1 1 2 1 1 1 1 1 0
query6628 2.48 71% 0 72252 1.00 1.00 3 3 HYBRID 29 15 1 1 16 1 1 5 1 1 1 1 0 1 1 5 1 1 2 1 1 1 1 0
query9064 2.91 69% 0 70788 1.00 1.00 1 1 STAR 20 11 1 1 1 11 1 1 1 1 1 1 0 1 1 1 2 1 1 1 1 1 1 0
query956 8.60 66% 0 203096 1.00 1.00 7 7 HYBRID 3198 228 1 1 1 1 4 1 3186 1 1 1 0 1 1 1 1 218 1 2 1 1 1 0
query3866 1.77 88% 0 71184 1.00 1.00 1 1 STAR 11 11 1 1 1 1 1 2 1 1 1 1 0 1 1 1 1 1 2 1 1 1 1 0
query8492 2.43 87% 0 76668 1.00 1.00 10 10 HYBRID 27 27 1 1 1 1 12 1 6 1 1 2 0 1 1 1 1 2 1 12 1 1 6 0
query2135 1.71 79% 0 71352 1.00 1.00 1 1 STAR 11 11 1 1 1 1 1 1 1 1 2 1 0 1 1 1 1 1 1 1 1 2 1 0
query912 2.69 68% 0 71716 1.00 1.00 3 3 STAR 43 11 1 1 1 1 1 1 1 1 34 1 0 1 1 1 1 1 1 1 1 2 1 0
query8442 2.57 66% 0 70944 1.00 1.00 2 2 STAR 11 11 1 1 2 1 1 1 1 1 1 1 0 1 1 2 1 1 1 1 1 1 1 0
query7293 2.61 67% 0 70488 1.00 1.00 2 2 PATH 14 11 1 5 1 1 1 1 1 1 1 1 0 1 2 1 1 1 1 1 1 1 1 0
query2406 2.33 79% 0 73564 1.00 1.00 7 2 PATH 61 15 1 1 44 1 1 9 1 1 1 1 0 1 1 5 1 1 2 1 1 1 1 0
query2712 2.62 68% 0 71764 1.00 1.00 2 2 PATH 47 11 1 1 1 1 38 1 1 1 1 1 0 1 1 1 1 2 1 1 1 1 1 0
query6606 2.33 76% 0 72160 1.00 1.00 3 3 HYBRID 40 13 1 1 29 1 1 3 1 1 1 1 0 1 1 3 1 1 2 1 1 1 1 0
query12302 2.80 69% 0 71956 1.00 1.00 3 3 STAR 12 11 1 1 1 1 1 1 3 1 1 1 0 1 1 1 1 1 1 2 1 1 1 0
query7267 1.75 87% 0 70196 1.00 1.00 2 2 PATH 14 11 1 5 1 1 1 1 1 1 1 1 0 1 2 1 1 1 1 1 1 1 1 0
query3259 2.34 69% 0 70316 1.00 1.00 1 1 STAR 19 11 1 1 1 1 1 1 1 10 1 1 0 1 1 1 1 1 1 1 2 1 1 0
query2491 1.83 85% 0 71424 1.00 1.00 1 1 STAR 11 11 1 1 1 1 1 2 1 1 1 1 0 1 1 1 1 1 2 1 1 1 1 0
query2836 2.73 70% 0 72764 1.00 1.00 3 3 HYBRID 24 15 1 1 1 1 1 5 11 1 1 1 0 1 1 1 1 1 2 5 1 1 1 0
query3929 2.31 79% 0 73244 1.00 1.00 8 3 HYBRID 24 16 1 1 14 1 1 1 1 1 1 2 0 1 1 2 1 1 1 1 1 1 6 0
query5477 1.80 85% 0 71412 1.00 1.00 1 1 STAR 14 11 1 1 1 1 5 1 1 1 1 1 0 1 1 1 1 2 1 1 1 1 1 0
query2145 2.69 65% 0 70332 1.00 1.00 1 1 STAR 11 11 1 1 1 1 1 1 1 1 2 1 0 1 1 1 1 1 1 1 1 2 1 0
query11708 2.57 75% 0 73900 1.00 1.00 3 3 STAR 24 22 1 1 1 12 1 1 1 1 4 1 0 1 1 1 2 1 1 1 1 12 1 0
query7584 2.70 66% 0 70464 1.00 1.00 1 1 STAR 11 11 1 1 1 1 1 1 2 1 1 1 0 1 1 1 1 1 1 2 1 1 1 0
query9177 2.62 85% 0 75928 1.00 1.00 10 5 HYBRID 74 30 1 1 1 14 1 1 17 1 1 36 0 1 1 1 2 1 1 14 1 1 7 0
query846 1.92 88% 0 71328 1.00 1.00 3 3 STAR 45 11 1 1 1 1 36 1 1 1 1 1 0 1 1 1 1 2 1 1 1 1 1 0
query5813 2.37 78% 0 71992 1.00 1.00 2 2 STAR 128 11 1 1 1 1 119 1 1 1 1 1 0 1 1 1 1 2 1 1 1 1 1 0
query3966 1.77 86% 0 70384 1.00 1.00 1 1 STAR 11 11 1 1 1 1 1 1 1 1 2 1 0 1 1 1 1 1 1 1 1 2 1 0
query4805 2.96 84% 0 78244 1.00 1.00 1 1 STAR 609 11 1 1 1 1 1 600 1 1 1 1 0 1 1 1 1 1 2 1 1 1 1 0
query5796 2.34 75% 0 71160 1.00 1.00 2 2 STAR 75 11 1 1 1 1 66 1 1 1 1 1 0 1 1 1 1 2 1 1 1 1 1 0
query8410 2.85 69% 0 71596 1.00 1.00 6 6 HYBRID 15 11 1 1 1 1 6 1 1 1 1 1 0 1 1 1 1 2 1 1 1 1 1 0
query5498 1.77 87% 0 70160 1.00 1.00 1 1 STAR 11 11 1 1 1 1 1 1 1 1 1 2 0 1 1 1 1 1 1 1 1 1 2 0
query818 2.32 69% 0 71136 1.00 1.00 1 1 STAR 11 11 1 2 1 1 1 1 1 1 1 1 0 1 2 1 1 1 1 1 1 1 1 0
query10430 2.37 68% 0 70452 1.00 1.00 1 1 STAR 17 11 1 1 1 8 1 1 1 1 1 1 0 1 1 1 2 1 1 1 1 1 1 0
query1669 2.75 72% 0 72968 1.00 1.00 7 2 PATH 61 15 1 1 44 1 1 9 1 1 1 1 0 1 1 5 1 1 2 1 1 1 1 0
query8876 2.64 68% 0 72924 1.00 1.00 8 3 HYBRID 16 13 1 1 4 1 1 4 1 1 1 1 0 1 1 2 1 1 3 1 1 1 1 0
query9362 2.68 69% 0 71316 1.00 1.00 1 1 STAR 147 11 1 1 1 138 1 1 1 1 1 1 0 1 1 1 2 1 1 1 1 1 1 0
query1873 4.06 103% 0 111796 1.00 1.00 9 4 STAR 199 170 1 1 4 1 1 1 35 1 153 1 0 1 1 8 1 1 1 153 1 2 1 0
query6362 4.26 106% 0 94364 1.00 1.00 9 4 HYBRID 181 97 1 1 1 82 1 12 1 1 1 80 0 1 1 1 6 1 2 1 1 1 82 0
query3277 2.69 65% 0 70260 1.00 1.00 1 1 STAR 19 11 1 1 1 1 1 1 1 10 1 1 0 1 1 1 1 1 1 1 2 1 1 0
query7296 2.33 70% 0 71104 1.00 1.00 2 2 PATH 15 11 1 6 1 1 1 1 1 1 1 1 0 1 2 1 1 1 1 1 1 1 1 0
query10288 3.24 104% 0 85512 1.00 1.00 7 2 STAR 462 36 1 1 1 153 1 301 1 1 1 1 0 1 1 1 26 1 2 1 1 1 1 0
query12306 3.11 76% 0 70548 1.00 1.00 3 3 STAR 11 11 1 1 1 1 1 1 2 1 1 1 0 1 1 1 1 1 1 2 1 1 1 0
query194 2.67 65% 0 70268 1.00 1.00 1 1 STAR 11 11 1 1 1 1 1 1 2 1 1 1 0 1 1 1 1 1 1 2 1 1 1 0
query11374 3.48 90% 0 87396 1.00 1.00 7 7 HYBRID 86 75 1 1 54 1 1 12 13 1 1 1 0 1 1 12 1 1 2 54 1 1 1 0
query7990 2.75 68% 0 71496 1.00 1.00 2 2 STAR 44 11 1 1 1 35 1 1 1 1 1 1 0 1 1 1 2 1 1 1 1 1 1 0
query3297 2.37 68% 0 71536 1.00 1.00 1 1 STAR 19 11 1 1 1 1 1 1 1 10 1 1 0 1 1 1 1 1 1 1 2 1 1 0
query5774 2.36 71% 0 71048 1.00 1.00 2 2 STAR 36 11 1 1 1 1 27 1 1 1 1 1 0 1 1 1 1 2 1 1 1 1 1 0
query8114 2.04 78% 0 71664 1.00 1.00 1 1 STAR 11 11 1 1 1 1 1 1 2 1 1 1 0 1 1 1 1 1 1 2 1 1 1 0
query2941 2.41 68% 0 71428 1.00 1.00 2 2 STAR 12 11 1 1 1 1 1 1 3 1 1 1 0 1 1 1 1 1 1 2 1 1 1 0
query10721 2.96 71% 0 73616 1.00 1.00 14 9 HYBRID 26 16 1 1 13 1 1 1 1 1 1 5 0 1 1 2 1 1 1 1 1 1 6 0
query1393 2.41 67% 0 71324 1.00 1.00 2 2 PATH 13 11 1 1 4 1 1 1 1 1 1 1 0 1 1 2 1 1 1 1 1 1 1 0
query11762 3.74 99% 0 106652 1.00 1.00 3 3 STAR 177 148 1 1 1 138 1 1 1 1 31 1 0 1 1 1 2 1 1 1 1 138 1 0
query11955 2.93 78% 0 71984 1.00 1.00 9 4 HYBRID 24 14 1 1 8 1 1 8 1 1 1 1 0 1 1 2 1 1 4 1 1 1 1 0
query12342 2.37 68% 0 71332 1.00 1.00 3 3 STAR 12 11 1 1 1 1 1 1 3 1 1 1 0 1 1 1 1 1 1 2 1 1 1 0
query1064 2.31 70% 0 71348 1.00 1.00 1 1 STAR 11 11 1 1 1 1 1 1 2 1 1 1 0 1 1 1 1 1 1 2 1 1 1 0
query7902 2.68 66% 0 71604 1.00 1.00 2 2 STAR 35 11 1 1 1 26 1 1 1 1 1 1 0 1 1 1 2 1 1 1 1 1 1 0
query2171 3.35 105% 0 93560 1.00 1.00 11 11 HYBRID 99 97 1 1 61 4 27 1 1 1 1 1 0 1 1 27 61 2 1 1 1 1 1 0
query3854 2.63 66% 0 70228 1.00 1.00 1 1 STAR 11 11 1 1 1 1 1 2 1 1 1 1 0 1 1 1 1 1 2 1 1 1 1 0
query9516 2.56 66% 0 71376 1.00 1.00 1 1 STAR 11 11 1 1 1 1 1 2 1 1 1 1 0 1 1 1 1 1 2 1 1 1 1 0
query507 2.62 67% 0 71440 1.00 1.00 3 3 STAR 12 12 1 1 1 1 1 1 2 1 2 1 0 1 1 1 1 1 1 2 1 2 1 0
query9769 2.74 71% 0 74316 1.00 1.00 3 3 HYBRID 34 20 1 1 1 1 1 1 1 10 16 1 0 1 1 1 1 1 1 1 2 10 1 0
query4487 3.37 117% 0 90808 1.00 1.00 7 2 STAR 863 46 1 1 1 1 1 1 1 402 453 1 0 1 1 1 1 1 1 1 36 2 1 0
query1029 1.81 84% 0 71392 1.00 1.00 1 1 STAR 12 11 1 1 1 1 1 1 3 1 1 1 0 1 1 1 1 1 1 2 1 1 1 0
query5229 2.79 68% 0 71488 1.00 1.00 4 4 HYBRID 12 11 1 1 3 1 1 1 1 1 1 1 0 1 1 2 1 1 1 1 1 1 1 0
query10760 2.31 74% 0 72080 1.00 1.00 11 6 HYBRID 12 12 1 1 1 1 2 1 2 1 1 1 0 1 1 1 1 2 1 2 1 1 1 0
query11697 3.24 80% 0 79236 1.00 1.00 3 3 STAR 51 48 1 1 1 38 1 1 1 1 5 1 0 1 1 1 2 1 1 1 1 38 1 0
query778 1.84 83% 0 70796 1.00 1.00 1 1 STAR 11 11 1 2 1 1 1 1 1 1 1 1 0 1 2 1 1 1 1 1 1 1 1 0
query12025 2.40 67% 0 70596 1.00 1.00 1 1 STAR 11 11 1 1 1 1 1 1 1 1 2 1 0 1 1 1 1 1 1 1 1 2 1 0
query7984 2.93 74% 0 70340 1.00 1.00 2 2 STAR 42 11 1 1 1 33 1 1 1 1 1 1 0 1 1 1 2 1 1 1 1 1 1 0
query3954 2.42 77% 0 73820 1.00 1.00 8 3 HYBRID 25 17 1 1 15 1 1 1 1 1 1 2 0 1 1 2 1 1 1 1 1 1 7 0
query8229 3.11 128% 0 91088 1.00 1.00 7 2 STAR 863 46 1 1 1 1 1 1 1 402 453 1 0 1 1 1 1 1 1 1 36 2 1 0
query7880 2.67 65% 0 70332 1.00 1.00 1 1 STAR 11 11 1 1 1 2 1 1 1 1 1 1 0 1 1 1 2 1 1 1 1 1 1 0
query726 2.82 69% 0 71064 1.00 1.00 1 1 STAR 13 11 1 1 1 4 1 1 1 1 1 1 0 1 1 1 2 1 1 1 1 1 1 0
query11024 2.32 69% 0 70492 1.00 1.00 1 1 STAR 11 11 1 1 1 1 2 1 1 1 1 1 0 1 1 1 1 2 1 1 1 1 1 0
query11040 2.34 69% 0 71376 1.00 1.00 1 1 STAR 11 11 1 1 1 1 2 1 1 1 1 1 0 1 1 1 1 2 1 1 1 1 1 0
query11131 2.37 82% 0 73324 1.00 1.00 7 2 STAR 156 14 1 1 7 1 141 1 1 1 1 1 0 1 1 2 1 4 1 1 1 1 1 0
query7442 2.27 70% 0 71232 1.00 1.00 1 1 STAR 11 11 1 1 1 1 1 1 2 1 1 1 0 1 1 1 1 1 1 2 1 1 1 0
query3541 4.23 100% 0 111980 1.00 1.00 6 6 HYBRID 2841 11 1 1 2832 1 1 1 1 1 1 1 0 1 1 2 1 1 1 1 1 1 1 0
query5205 2.66 66% 0 70452 1.00 1.00 4 4 HYBRID 18 11 1 1 9 1 1 1 1 1 1 1 0 1 1 2 1 1 1 1 1 1 1 0
query5387 2.43 65% 0 71452 1.00 1.00 1 1 STAR 12 11 1 1 1 1 1 1 1 1 3 1 0 1 1 1 1 1 1 1 1 2 1 0
query7207 261.52 55% 0 496200 1.00 1.00 10 10 HYBRID 52852 52837 1 1 52801 1 27 1 1 1 17 1 0 1 1 2 1 52801 1 1 1 27 1 0
query6948 2.35 74% 0 71328 1.00 1.00 7 2 STAR 35 12 1 1 1 1 1 1 1 2 25 1 0 1 1 1 1 1 1 1 2 2 1 0
query3143 3.41 95% 0 89156 1.00 1.00 13 3 HYBRID 361 43 1 1 1 122 1 217 1 1 1 15 0 1 1 1 20 1 2 1 1 1 14 0
query4217 2.81 81% 0 75752 1.00 1.00 39 2 STAR 16 28 1 1 6 1 2 1 1 1 1 1 0 3 5 2 1 4 2 4 1 3 3 0
query10858 2.61 71% 0 72240 1.00 1.00 7 2 STAR 26 15 1 1 1 9 1 9 1 1 1 1 0 1 1 1 2 1 5 1 1 1 1 0
query694 2.69 67% 0 71396 1.00 1.00 1 1 STAR 12 11 1 1 1 3 1 1 1 1 1 1 0 1 1 1 2 1 1 1 1 1 1 0
query536 2.80 80% 0 77204 1.00 1.00 10 5 STAR 48 35 1 1 21 1 1 11 1 1 9 1 0 1 1 2 1 1 5 1 1 21 1 0
query5517 2.20 73% 0 70196 1.00 1.00 1 1 STAR 11 11 1 1 1 1 1 1 1 1 1 2 0 1 1 1 1 1 1 1 1 1 2 0
query8274 2.76 68% 0 70168 1.00 1.00 2 2 STAR 19 11 1 1 1 1 1 1 1 10 1 1 0 1 1 1 1 1 1 1 2 1 1 0
query10687 2.71 68% 0 73500 1.00 1.00 14 9 HYBRID 23 16 1 1 13 1 1 1 1 1 1 2 0 1 1 2 1 1 1 1 1 1 6 0
query3426 2.75 82% 0 77656 1.00 1.00 6 6 HYBRID 56 34 1 1 1 1 24 1 24 1 1 1 0 1 1 1 1 2 1 24 1 1 1 0
