query6661 7.08 93% 0 109280 1.00 1.00 11 3 HYBRID 1945 138 76 13 1 559 76 88 559 559 1 13 0 11 5 11 24 11 12 24 24 11 5 0
query12302 3.28 124% 0 83364 1.00 1.00 11 3 STAR 100 85 19 19 22 4 1 13 10 1 10 1 0 10 10 11 5 10 9 8 4 8 10 0
query12306 2.53 123% 0 82800 1.00 1.00 11 3 STAR 73 85 10 10 13 4 1 13 10 1 10 1 0 10 10 11 5 10 9 8 4 8 10 0
query12342 2.71 126% 0 83920 1.00 1.00 11 3 STAR 100 85 19 19 22 4 1 13 10 1 10 1 0 10 10 11 5 10 9 8 4 8 10 0
query3143 4.74 274% 0 258368 1.00 1.00 16 3 HYBRID 2443 931 115 217 520 157 1 331 1 157 364 580 0 52 145 144 96 4 145 52 96 144 53 0
query3148 5.83 265% 0 284808 1.00 1.00 16 3 HYBRID 2701 1182 133 313 499 43 1 442 4 43 466 757 0 69 184 183 118 4 184 69 118 183 70 0
query3160 5.88 250% 0 281400 1.00 1.00 16 3 HYBRID 2701 1182 133 313 499 43 1 442 4 43 466 757 0 69 184 183 118 4 184 69 118 183 70 0
query4217 2.79 130% 0 84044 1.00 1.00 12 2 STAR 34 87 4 1 1 6 1 1 9 6 4 1 0 9 9 9 10 9 3 10 10 9 9 0
query3196 4.43 274% 0 253116 1.00 1.00 16 3 HYBRID 2443 931 115 217 520 157 1 331 1 157 364 580 0 52 145 144 96 4 145 52 96 144 53 0
query8835 3.08 168% 0 99252 1.00 1.00 15 3 HYBRID 529 142 15 34 1 127 12 45 130 127 4 34 0 12 11 11 16 12 12 23 23 11 11 0
query1669 2.50 119% 0 77076 1.00 1.00 6 2 PATH 421 51 1 9 1 130 1 9 130 130 1 9 0 3 4 3 9 3 4 9 9 3 4 0
query8844 3.11 170% 0 98364 1.00 1.00 15 3 HYBRID 529 142 15 34 1 127 12 45 130 127 4 34 0 12 11 11 16 12 12 23 23 11 11 0
query5774 2.92 119% 0 82096 1.00 1.00 6 2 STAR 322 63 79 1 27 27 1 79 27 1 1 79 0 13 3 4 4 3 13 4 3 3 13 0
query2712 2.83 135% 0 86824 1.00 1.00 6 2 PATH 454 69 112 38 1 112 38 112 1 38 1 1 0 15 4 3 15 4 15 3 4 3 3 0
query5796 3.46 145% 0 94332 1.00 1.00 6 2 STAR 790 87 196 1 66 66 1 196 66 1 1 196 0 21 3 4 4 3 21 4 3 3 21 0
query8876 2.83 159% 0 92652 1.00 1.00 15 3 HYBRID 199 127 10 28 1 28 10 37 28 28 1 28 0 11 10 10 14 11 11 20 20 10 10 0
query2739 2.92 135% 0 89960 1.00 1.00 6 2 PATH 598 75 148 50 1 148 50 148 1 50 1 1 0 17 4 3 17 4 17 3 4 3 3 0
query5813 3.03 169% 0 114392 1.00 1.00 8 2 STAR 1434 119 357 1 119 119 1 357 119 2 1 358 0 31 3 4 4 3 31 4 4 3 32 0
query8889 2.64 174% 0 92212 1.00 1.00 15 3 HYBRID 316 124 13 19 1 73 7 25 79 73 7 19 0 11 10 10 13 11 11 19 19 10 10 0
query8897 2.93 153% 0 91988 1.00 1.00 15 3 HYBRID 199 127 10 28 1 28 10 37 28 28 1 28 0 11 10 10 14 11 11 20 20 10 10 0
query1733 2.38 128% 0 80064 1.00 1.00 6 2 PATH 451 51 1 10 1 139 1 10 139 139 1 10 0 3 4 3 9 3 4 9 9 3 4 0
query7368 2.81 133% 0 87568 1.00 1.00 12 4 HYBRID 307 101 1 10 85 85 7 94 7 7 10 1 0 5 11 12 12 9 18 9 9 11 5 0
query7369 2.54 151% 0 86328 1.00 1.00 12 4 HYBRID 307 101 1 10 85 85 7 94 7 7 10 1 0 5 11 12 12 9 18 9 9 11 5 0
query7375 2.88 128% 0 87420 1.00 1.00 12 4 HYBRID 307 101 1 10 85 85 7 94 7 7 10 1 0 5 11 12 12 9 18 9 9 11 5 0
query8920 2.97 155% 0 94244 1.00 1.00 15 3 HYBRID 199 127 10 28 1 28 10 37 28 28 1 28 0 11 10 10 14 11 11 20 20 10 10 0
query2795 3.09 177% 0 112216 1.00 1.00 11 3 HYBRID 520 164 82 93 160 79 1 90 1 1 1 12 0 24 25 31 11 24 12 4 4 4 25 0
query2797 2.30 232% 0 112380 1.00 1.00 11 3 HYBRID 520 164 82 93 160 79 1 90 1 1 1 12 0 24 25 31 11 24 12 4 4 4 25 0
query2836 2.80 164% 0 97904 1.00 1.00 11 3 HYBRID 436 128 91 95 139 49 1 53 1 1 1 5 0 18 19 23 9 18 10 4 4 4 19 0
query2892 2.06 109% 0 69276 1.00 1.00 6 2 STAR 37 45 1 1 4 4 7 4 7 7 1 1 0 3 3 4 4 7 4 7 7 3 3 0
query2893 2.56 100% 0 74252 1.00 1.00 6 2 STAR 49 48 1 1 5 5 10 5 10 10 1 1 0 3 3 4 4 8 4 8 8 3 3 0
query2380 2.52 108% 0 78188 1.00 1.00 6 2 PATH 190 51 1 7 1 55 1 7 55 55 1 7 0 3 4 3 9 3 4 9 9 3 4 0
query1873 4.89 178% 0 174236 1.00 1.00 12 4 STAR 1933 431 1 1 561 82 490 561 153 1 82 1 0 5 5 66 71 131 66 6 5 71 5 0
query2897 2.47 104% 0 74624 1.00 1.00 6 2 STAR 49 48 1 1 5 5 10 5 10 10 1 1 0 3 3 4 4 8 4 8 8 3 3 0
query2898 2.57 96% 0 73868 1.00 1.00 6 2 STAR 49 48 1 1 5 5 10 5 10 10 1 1 0 3 3 4 4 8 4 8 8 3 3 0
query2900 1.74 73% 0 68392 1.00 1.00 6 2 STAR 25 42 1 1 3 3 4 3 4 4 1 1 0 3 3 4 4 6 4 6 6 3 3 0
query2905 2.61 97% 0 68784 1.00 1.00 6 2 STAR 37 45 1 1 4 4 7 4 7 7 1 1 0 3 3 4 4 7 4 7 7 3 3 0
query2908 2.50 96% 0 73552 1.00 1.00 6 2 STAR 49 48 1 1 5 5 10 5 10 10 1 1 0 3 3 4 4 8 4 8 8 3 3 0
query2910 2.27 113% 0 72464 1.00 1.00 6 2 STAR 49 48 1 1 5 5 10 5 10 10 1 1 0 3 3 4 4 8 4 8 8 3 3 0
query353 1800.00 0% 0 1428 0.00 1.00 54 14 HYBRID 2494212 175698 567481 262537 1 19021 262657 786547 3541 44851 8 547568 0 40351 18159 23 326 18167 54962 3578 3578 23 36531 0
query4449 3.06 114% 0 77088 1.00 1.00 12 2 PATH 34 60 1 7 1 3 1 7 3 3 1 7 0 6 6 6 4 6 6 7 7 6 6 0
query2914 2.69 93% 0 68768 1.00 1.00 6 2 STAR 37 45 1 1 4 4 7 4 7 7 1 1 0 3 3 4 4 7 4 7 7 3 3 0
query2406 2.42 122% 0 78044 1.00 1.00 6 2 PATH 421 51 1 9 1 130 1 9 130 130 1 9 0 3 4 3 9 3 4 9 9 3 4 0
query2931 2.48 102% 0 75136 1.00 1.00 6 2 STAR 49 48 1 1 5 5 10 5 10 10 1 1 0 3 3 4 4 8 4 8 8 3 3 0
query2940 2.29 92% 0 68552 1.00 1.00 6 2 STAR 25 42 1 1 3 3 4 3 4 4 1 1 0 3 3 4 4 6 4 6 6 3 3 0
query2941 3.03 99% 0 69108 1.00 1.00 6 2 STAR 37 45 1 1 4 4 7 4 7 7 1 1 0 3 3 4 4 7 4 7 7 3 3 0
query2944 2.31 105% 0 74624 1.00 1.00 6 2 STAR 49 48 1 1 5 5 10 5 10 10 1 1 0 3 3 4 4 8 4 8 8 3 3 0
query2947 2.37 94% 0 68764 1.00 1.00 6 2 STAR 37 45 1 1 4 4 7 4 7 7 1 1 0 3 3 4 4 7 4 7 7 3 3 0
query2444 2.73 116% 0 79676 1.00 1.00 6 2 PATH 421 51 1 9 1 130 1 9 130 130 1 9 0 3 4 3 9 3 4 9 9 3 4 0
query2963 2.32 97% 0 69200 1.00 1.00 6 2 STAR 37 45 1 1 4 4 7 4 7 7 1 1 0 3 3 4 4 7 4 7 7 3 3 0
query2451 2.36 138% 0 80500 1.00 1.00 6 2 PATH 496 54 1 13 1 151 1 13 151 151 1 13 0 3 4 3 10 3 4 10 10 3 4 0
query9124 4.75 402% 0 348764 1.00 1.00 21 5 HYBRID 129148 282 57 1 42856 42901 147 42912 136 136 1 1 0 20 13 45 51 28 52 27 27 13 6 0
query9125 3.80 225% 0 193932 1.00 1.00 21 5 HYBRID 6211 420 118 1 1627 1735 334 1744 325 325 1 1 0 19 12 81 87 39 88 38 38 12 6 0
query9127 4.10 240% 0 249376 1.00 1.00 21 5 HYBRID 25696 393 101 1 8191 8281 281 8291 271 274 4 1 0 21 13 72 79 37 80 36 36 13 6 0
query9129 3.44 227% 0 139440 1.00 1.00 21 5 HYBRID 3394 243 46 1 976 1012 118 1021 109 109 1 1 0 17 12 38 42 25 43 24 24 12 6 0
query9130 3.96 225% 0 213404 1.00 1.00 21 5 HYBRID 5722 519 157 1 1306 1453 454 1462 442 445 1 1 0 20 12 105 112 47 113 46 46 12 6 0
query9134 4.21 248% 0 207432 1.00 1.00 21 5 HYBRID 9820 420 116 1 2848 2950 323 2963 307 310 1 1 0 21 13 79 86 39 87 38 38 13 6 0
query9135 4.64 346% 0 340668 1.00 1.00 21 5 HYBRID 129148 282 57 1 42856 42901 147 42912 136 136 1 1 0 20 13 45 51 28 52 27 27 13 6 0
query9136 4.54 385% 0 351440 1.00 1.00 21 5 HYBRID 129148 282 57 1 42856 42901 147 42912 136 136 1 1 0 20 13 45 51 28 52 27 27 13 6 0
query9137 4.36 230% 0 199444 1.00 1.00 21 5 HYBRID 6211 420 118 1 1627 1735 334 1744 325 325 1 1 0 19 12 81 87 39 88 38 38 12 6 0
query9139 3.49 213% 0 126812 1.00 1.00 21 5 HYBRID 3562 207 29 4 1084 1108 77 1112 73 73 1 1 0 17 11 30 35 21 36 20 20 11 6 0
query9143 3.15 242% 0 130900 1.00 1.00 21 5 HYBRID 3562 207 29 4 1084 1108 77 1112 73 73 1 1 0 17 11 30 35 21 36 20 20 11 6 0
query9144 4.18 286% 0 250784 1.00 1.00 21 5 HYBRID 25696 393 101 1 8191 8281 281 8291 271 274 4 1 0 21 13 72 79 37 80 36 36 13 6 0
query9149 4.69 203% 0 211648 1.00 1.00 21 5 HYBRID 5722 519 157 1 1306 1453 454 1462 442 445 1 1 0 20 12 105 112 47 113 46 46 12 6 0
query9150 3.51 267% 0 197540 1.00 1.00 21 5 HYBRID 9820 420 116 1 2848 2950 323 2963 307 310 1 1 0 21 13 79 86 39 87 38 38 13 6 0
query9152 4.17 232% 0 251260 1.00 1.00 21 5 HYBRID 25696 393 101 1 8191 8281 281 8291 271 274 4 1 0 21 13 72 79 37 80 36 36 13 6 0
query9156 3.37 230% 0 140228 1.00 1.00 21 5 HYBRID 3394 243 46 1 976 1012 118 1021 109 109 1 1 0 17 12 38 42 25 43 24 24 12 6 0
query9157 3.17 185% 0 114636 1.00 1.00 21 5 HYBRID 745 198 27 1 166 184 63 192 55 55 1 1 0 17 12 27 31 21 32 20 20 12 6 0
query9158 3.96 194% 0 152064 1.00 1.00 21 5 HYBRID 2656 291 64 1 658 712 172 721 163 163 1 1 0 19 12 49 55 28 56 27 27 12 6 0
query9159 3.19 197% 0 110736 1.00 1.00 21 5 HYBRID 745 198 27 1 166 184 63 192 55 55 1 1 0 17 12 27 31 21 32 20 20 12 6 0
query9161 4.62 221% 0 211968 1.00 1.00 21 5 HYBRID 5722 519 157 1 1306 1453 454 1462 442 445 1 1 0 20 12 105 112 47 113 46 46 12 6 0
query9162 3.80 210% 0 191592 1.00 1.00 21 5 HYBRID 6211 420 118 1 1627 1735 334 1744 325 325 1 1 0 19 12 81 87 39 88 38 38 12 6 0
query9164 3.98 224% 0 216160 1.00 1.00 21 5 HYBRID 9820 420 116 1 2848 2950 323 2963 307 310 1 1 0 21 13 79 86 39 87 38 38 13 6 0
query9165 3.69 208% 0 149828 1.00 1.00 21 5 HYBRID 2656 291 64 1 658 712 172 721 163 163 1 1 0 19 12 49 55 28 56 27 27 12 6 0
query6606 2.51 164% 0 91812 1.00 1.00 11 3 HYBRID 835 85 22 3 1 253 22 24 253 253 1 3 0 7 5 7 13 7 8 13 13 7 5 0
query6608 3.66 184% 0 105888 1.00 1.00 11 3 HYBRID 3097 118 52 7 1 973 52 58 973 973 1 7 0 10 5 10 19 10 11 19 19 10 5 0
query9168 2.98 201% 0 114260 1.00 1.00 21 5 HYBRID 745 198 27 1 166 184 63 192 55 55 1 1 0 17 12 27 31 21 32 20 20 12 6 0
query9170 3.91 202% 0 148388 1.00 1.00 21 5 HYBRID 2656 291 64 1 658 712 172 721 163 163 1 1 0 19 12 49 55 28 56 27 27 12 6 0
query9172 3.45 218% 0 130632 1.00 1.00 21 5 HYBRID 3562 207 29 4 1084 1108 77 1112 73 73 1 1 0 17 11 30 35 21 36 20 20 11 6 0
query9175 3.36 222% 0 144828 1.00 1.00 21 5 HYBRID 3394 243 46 1 976 1012 118 1021 109 109 1 1 0 17 12 38 42 25 43 24 24 12 6 0
query9176 3.08 206% 0 112884 1.00 1.00 21 5 HYBRID 745 198 27 1 166 184 63 192 55 55 1 1 0 17 12 27 31 21 32 20 20 12 6 0
query9179 4.45 224% 0 246112 1.00 1.00 21 5 HYBRID 25696 393 101 1 8191 8281 281 8291 271 274 4 1 0 21 13 72 79 37 80 36 36 13 6 0
query9180 3.71 248% 0 216036 1.00 1.00 21 5 HYBRID 5722 519 157 1 1306 1453 454 1462 442 445 1 1 0 20 12 105 112 47 113 46 46 12 6 0
query9181 3.40 213% 0 133896 1.00 1.00 21 5 HYBRID 3394 243 46 1 976 1012 118 1021 109 109 1 1 0 17 12 38 42 25 43 24 24 12 6 0
query9184 4.12 447% 0 351884 1.00 1.00 21 5 HYBRID 129148 282 57 1 42856 42901 147 42912 136 136 1 1 0 20 13 45 51 28 52 27 27 13 6 0
query9185 2.84 211% 0 108936 1.00 1.00 21 5 HYBRID 745 198 27 1 166 184 63 192 55 55 1 1 0 17 12 27 31 21 32 20 20 12 6 0
query9186 4.02 246% 0 214120 1.00 1.00 21 5 HYBRID 9820 420 116 1 2848 2950 323 2963 307 310 1 1 0 21 13 79 86 39 87 38 38 13 6 0
query9187 4.63 236% 0 211752 1.00 1.00 21 5 HYBRID 5722 519 157 1 1306 1453 454 1462 442 445 1 1 0 20 12 105 112 47 113 46 46 12 6 0
query6628 2.97 139% 0 90172 1.00 1.00 11 3 HYBRID 499 95 25 5 1 136 25 29 136 136 1 5 0 9 5 9 13 9 10 13 13 9 5 0
query9189 2.89 215% 0 108592 1.00 1.00 21 5 HYBRID 745 198 27 1 166 184 63 192 55 55 1 1 0 17 12 27 31 21 32 20 20 12 6 0
query6630 2.82 150% 0 91064 1.00 1.00 11 3 HYBRID 835 85 22 3 1 253 22 24 253 253 1 3 0 7 5 7 13 7 8 13 13 7 5 0
query11234 3.44 196% 0 127032 1.00 1.00 9 3 STAR 910 220 1 217 85 31 1 271 55 1 31 217 0 4 5 63 52 4 16 15 4 52 5 0
query9192 3.70 239% 0 210452 1.00 1.00 21 5 HYBRID 5722 519 157 1 1306 1453 454 1462 442 445 1 1 0 20 12 105 112 47 113 46 46 12 6 0
query9193 2.94 214% 0 116020 1.00 1.00 21 5 HYBRID 745 198 27 1 166 184 63 192 55 55 1 1 0 17 12 27 31 21 32 20 20 12 6 0
query6634 3.46 222% 0 131352 1.00 1.00 13 3 HYBRID 4545 167 121 8 1 1381 128 128 1381 1381 8 8 0 11 5 11 33 12 12 33 33 12 5 0
query9194 3.29 195% 0 111048 1.00 1.00 21 5 HYBRID 745 198 27 1 166 184 63 192 55 55 1 1 0 17 12 27 31 21 32 20 20 12 6 0
query9202 4.90 210% 0 215496 1.00 1.00 21 5 HYBRID 5722 519 157 1 1306 1453 454 1462 442 445 1 1 0 20 12 105 112 47 113 46 46 12 6 0
query9203 3.29 195% 0 111600 1.00 1.00 21 5 HYBRID 745 198 27 1 166 184 63 192 55 55 1 1 0 17 12 27 31 21 32 20 20 12 6 0
query9205 4.46 234% 0 206684 1.00 1.00 21 5 HYBRID 5722 519 157 1 1306 1453 454 1462 442 445 1 1 0 20 12 105 112 47 113 46 46 12 6 0
