query6661 4.83 50% 0 77096 1.00 1.00 11 3 HYBRID 107 27 1 1 1 1 1 1 1 1 63 1 1 1 1 1 1 1 1 26 1 1 0 1 1 1 1 1 1 1 1 7 1 1 1 1 1 1 1 1 2 1 1 0
query4110 52.91 57% 0 423324 1.00 1.00 23 9 HYBRID 47805 3375 1 1 1 1 1 1 1 1 63 1 1 1 1 190 9451 1 335 37751 1 1 0 1 1 1 1 1 1 1 1 2522 1 1 1 1 10 190 1 636 2 1 1 0
query12302 4.03 46% 0 74332 1.00 1.00 6 3 STAR 22 21 1 1 1 1 1 1 1 1 1 1 1 1 1 3 1 1 1 1 1 1 0 1 1 1 1 1 1 1 1 1 1 1 1 1 2 1 1 1 1 1 1 0
query12306 3.94 62% 0 74044 1.00 1.00 6 3 STAR 21 21 1 1 1 1 1 1 1 1 1 1 1 1 1 2 1 1 1 1 1 1 0 1 1 1 1 1 1 1 1 1 1 1 1 1 2 1 1 1 1 1 1 0
query12342 3.68 51% 0 74472 1.00 1.00 6 3 STAR 22 21 1 1 1 1 1 1 1 1 1 1 1 1 1 3 1 1 1 1 1 1 0 1 1 1 1 1 1 1 1 1 1 1 1 1 2 1 1 1 1 1 1 0
query3143 6.31 94% 0 130960 1.00 1.00 6 3 HYBRID 250 237 1 1 1 1 1 1 1 15 1 1 1 1 1 1 1 1 1 217 1 1 0 1 1 1 1 1 1 1 217 1 1 1 1 1 1 1 1 1 2 1 1 0
query3148 6.85 79% 0 138668 1.00 1.00 6 3 HYBRID 324 321 1 1 1 1 1 1 1 5 1 1 1 1 1 1 1 1 1 301 1 1 0 1 1 1 1 1 1 1 301 1 1 1 1 1 1 1 1 1 2 1 1 0
query3160 7.15 97% 0 143244 1.00 1.00 6 3 HYBRID 324 321 1 1 1 1 1 1 1 5 1 1 1 1 1 1 1 1 1 301 1 1 0 1 1 1 1 1 1 1 301 1 1 1 1 1 1 1 1 1 2 1 1 0
query4217 4.68 86% 0 94432 1.00 1.00 97 2 STAR 43 78 1 1 1 6 1 1 1 1 6 1 1 1 1 7 1 8 1 1 1 1 0 1 4 1 7 1 1 10 6 2 1 3 1 1 8 2 11 4 6 1 7 0
query3196 5.76 79% 0 131412 1.00 1.00 6 3 HYBRID 250 237 1 1 1 1 1 1 1 15 1 1 1 1 1 1 1 1 1 217 1 1 0 1 1 1 1 1 1 1 217 1 1 1 1 1 1 1 1 1 2 1 1 0
query8835 3.46 55% 0 76136 1.00 1.00 11 3 HYBRID 45 26 1 1 1 1 1 1 1 1 15 1 1 1 1 1 1 1 1 12 1 1 0 1 1 1 1 1 1 1 1 6 1 1 1 1 1 1 1 1 2 1 1 0
query1669 4.78 57% 0 74076 1.00 1.00 4 2 PATH 63 21 1 1 1 1 44 1 1 1 1 1 1 1 1 1 1 1 1 1 1 1 0 1 1 1 1 2 1 1 1 1 1 1 1 1 1 1 1 1 1 1 1 0
query8844 4.40 50% 0 75904 1.00 1.00 11 3 HYBRID 45 26 1 1 1 1 1 1 1 1 15 1 1 1 1 1 1 1 1 12 1 1 0 1 1 1 1 1 1 1 1 6 1 1 1 1 1 1 1 1 2 1 1 0
query5774 4.08 47% 0 74204 1.00 1.00 4 2 STAR 46 21 1 1 1 1 1 1 1 27 1 1 1 1 1 1 1 1 1 1 1 1 0 1 1 1 1 1 1 1 2 1 1 1 1 1 1 1 1 1 1 1 1 0
query2712 3.58 55% 0 73988 1.00 1.00 4 2 PATH 57 21 1 1 1 1 1 1 1 1 38 1 1 1 1 1 1 1 1 1 1 1 0 1 1 1 1 1 1 1 1 2 1 1 1 1 1 1 1 1 1 1 1 0
query5796 4.40 49% 0 74316 1.00 1.00 4 2 STAR 85 21 1 1 1 1 1 1 1 66 1 1 1 1 1 1 1 1 1 1 1 1 0 1 1 1 1 1 1 1 2 1 1 1 1 1 1 1 1 1 1 1 1 0
query8876 4.55 53% 0 76156 1.00 1.00 11 3 HYBRID 32 25 1 1 1 1 1 1 1 1 4 1 1 1 1 1 1 1 1 10 1 1 0 1 1 1 1 1 1 1 1 5 1 1 1 1 1 1 1 1 2 1 1 0
query2739 4.07 49% 0 73476 1.00 1.00 4 2 PATH 69 21 1 1 1 1 1 1 1 1 50 1 1 1 1 1 1 1 1 1 1 1 0 1 1 1 1 1 1 1 1 2 1 1 1 1 1 1 1 1 1 1 1 0
query5813 3.73 56% 0 75108 1.00 1.00 4 2 STAR 138 21 1 1 1 1 1 1 1 119 1 1 1 1 1 1 1 1 1 1 1 1 0 1 1 1 1 1 1 1 2 1 1 1 1 1 1 1 1 1 1 1 1 0
query8889 3.89 52% 0 75472 1.00 1.00 11 3 HYBRID 34 24 1 1 1 1 1 1 1 1 9 1 1 1 1 1 1 1 1 7 1 1 0 1 1 1 1 1 1 1 1 4 1 1 1 1 1 1 1 1 2 1 1 0
query8897 4.40 50% 0 76112 1.00 1.00 11 3 HYBRID 32 25 1 1 1 1 1 1 1 1 4 1 1 1 1 1 1 1 1 10 1 1 0 1 1 1 1 1 1 1 1 5 1 1 1 1 1 1 1 1 2 1 1 0
query1733 4.29 50% 0 74536 1.00 1.00 4 2 PATH 66 21 1 1 1 1 47 1 1 1 1 1 1 1 1 1 1 1 1 1 1 1 0 1 1 1 1 2 1 1 1 1 1 1 1 1 1 1 1 1 1 1 1 0
query7368 3.68 56% 0 76936 1.00 1.00 23 4 HYBRID 29 26 1 1 1 1 1 1 1 1 1 4 1 1 3 4 1 1 1 1 1 2 0 1 1 1 1 1 1 1 1 1 2 1 1 3 2 1 1 1 1 1 3 0
query7369 4.41 50% 0 76216 1.00 1.00 23 4 HYBRID 29 26 1 1 1 1 1 1 1 1 1 4 1 1 3 4 1 1 1 1 1 2 0 1 1 1 1 1 1 1 1 1 2 1 1 3 2 1 1 1 1 1 3 0
query7375 3.80 54% 0 76136 1.00 1.00 23 4 HYBRID 29 26 1 1 1 1 1 1 1 1 1 4 1 1 3 4 1 1 1 1 1 2 0 1 1 1 1 1 1 1 1 1 2 1 1 3 2 1 1 1 1 1 3 0
query8920 4.42 50% 0 75324 1.00 1.00 11 3 HYBRID 32 25 1 1 1 1 1 1 1 1 4 1 1 1 1 1 1 1 1 10 1 1 0 1 1 1 1 1 1 1 1 5 1 1 1 1 1 1 1 1 2 1 1 0
query2795 4.23 50% 0 77028 1.00 1.00 6 3 HYBRID 40 32 1 1 1 1 1 1 1 1 1 1 1 1 1 10 1 1 1 12 1 1 0 1 1 1 1 1 1 1 1 1 1 1 1 1 12 1 1 1 2 1 1 0
query2797 4.51 52% 0 77584 1.00 1.00 6 3 HYBRID 40 32 1 1 1 1 1 1 1 1 1 1 1 1 1 10 1 1 1 12 1 1 0 1 1 1 1 1 1 1 1 1 1 1 1 1 12 1 1 1 2 1 1 0
query2836 3.92 64% 0 76156 1.00 1.00 6 3 HYBRID 34 25 1 1 1 1 1 1 1 1 1 1 1 1 1 11 1 1 1 5 1 1 0 1 1 1 1 1 1 1 1 1 1 1 1 1 5 1 1 1 2 1 1 0
query2892 4.05 49% 0 74944 1.00 1.00 9 2 STAR 25 23 1 1 1 1 1 1 1 1 1 4 1 1 3 1 1 1 1 1 1 1 0 1 1 1 1 1 1 1 1 1 2 1 1 3 1 1 1 1 1 1 1 0
query2893 4.33 49% 0 74492 1.00 1.00 9 2 STAR 27 23 1 1 1 1 1 1 1 1 1 5 1 1 4 1 1 1 1 1 1 1 0 1 1 1 1 1 1 1 1 1 2 1 1 3 1 1 1 1 1 1 1 0
query2380 4.36 48% 0 74492 1.00 1.00 4 2 PATH 38 21 1 1 1 1 19 1 1 1 1 1 1 1 1 1 1 1 1 1 1 1 0 1 1 1 1 2 1 1 1 1 1 1 1 1 1 1 1 1 1 1 1 0
query1873 6.56 86% 0 121720 1.00 1.00 13 4 STAR 209 180 1 1 1 1 1 1 1 1 1 1 1 1 35 1 1 1 1 1 4 153 0 1 1 1 1 1 1 1 1 1 1 1 1 153 1 1 1 1 1 8 2 0
query2897 4.04 48% 0 74432 1.00 1.00 9 2 STAR 27 23 1 1 1 1 1 1 1 1 1 5 1 1 4 1 1 1 1 1 1 1 0 1 1 1 1 1 1 1 1 1 2 1 1 3 1 1 1 1 1 1 1 0
query2898 3.98 50% 0 75412 1.00 1.00 9 2 STAR 27 23 1 1 1 1 1 1 1 1 1 5 1 1 4 1 1 1 1 1 1 1 0 1 1 1 1 1 1 1 1 1 2 1 1 3 1 1 1 1 1 1 1 0
query2900 4.64 55% 0 75348 1.00 1.00 9 2 STAR 23 23 1 1 1 1 1 1 1 1 1 3 1 1 2 1 1 1 1 1 1 1 0 1 1 1 1 1 1 1 1 1 2 1 1 3 1 1 1 1 1 1 1 0
query2905 4.50 52% 0 75124 1.00 1.00 9 2 STAR 25 23 1 1 1 1 1 1 1 1 1 4 1 1 3 1 1 1 1 1 1 1 0 1 1 1 1 1 1 1 1 1 2 1 1 3 1 1 1 1 1 1 1 0
query2908 4.59 54% 0 75516 1.00 1.00 9 2 STAR 27 23 1 1 1 1 1 1 1 1 1 5 1 1 4 1 1 1 1 1 1 1 0 1 1 1 1 1 1 1 1 1 2 1 1 3 1 1 1 1 1 1 1 0
query2910 4.23 49% 0 74780 1.00 1.00 9 2 STAR 27 23 1 1 1 1 1 1 1 1 1 5 1 1 4 1 1 1 1 1 1 1 0 1 1 1 1 1 1 1 1 1 2 1 1 3 1 1 1 1 1 1 1 0
query4449 4.20 47% 0 73788 1.00 1.00 4 2 PATH 22 21 1 1 1 1 3 1 1 1 1 1 1 1 1 1 1 1 1 1 1 1 0 1 1 1 1 2 1 1 1 1 1 1 1 1 1 1 1 1 1 1 1 0
query2914 4.18 49% 0 74976 1.00 1.00 9 2 STAR 25 23 1 1 1 1 1 1 1 1 1 4 1 1 3 1 1 1 1 1 1 1 0 1 1 1 1 1 1 1 1 1 2 1 1 3 1 1 1 1 1 1 1 0
query2406 4.61 54% 0 74112 1.00 1.00 4 2 PATH 63 21 1 1 1 1 44 1 1 1 1 1 1 1 1 1 1 1 1 1 1 1 0 1 1 1 1 2 1 1 1 1 1 1 1 1 1 1 1 1 1 1 1 0
query2931 4.38 49% 0 74844 1.00 1.00 9 2 STAR 27 23 1 1 1 1 1 1 1 1 1 5 1 1 4 1 1 1 1 1 1 1 0 1 1 1 1 1 1 1 1 1 2 1 1 3 1 1 1 1 1 1 1 0
query2940 4.58 55% 0 75372 1.00 1.00 9 2 STAR 23 23 1 1 1 1 1 1 1 1 1 3 1 1 2 1 1 1 1 1 1 1 0 1 1 1 1 1 1 1 1 1 2 1 1 3 1 1 1 1 1 1 1 0
query2941 4.41 49% 0 74608 1.00 1.00 9 2 STAR 25 23 1 1 1 1 1 1 1 1 1 4 1 1 3 1 1 1 1 1 1 1 0 1 1 1 1 1 1 1 1 1 2 1 1 3 1 1 1 1 1 1 1 0
query2944 3.99 51% 0 74564 1.00 1.00 9 2 STAR 27 23 1 1 1 1 1 1 1 1 1 5 1 1 4 1 1 1 1 1 1 1 0 1 1 1 1 1 1 1 1 1 2 1 1 3 1 1 1 1 1 1 1 0
query2947 4.42 50% 0 74464 1.00 1.00 9 2 STAR 25 23 1 1 1 1 1 1 1 1 1 4 1 1 3 1 1 1 1 1 1 1 0 1 1 1 1 1 1 1 1 1 2 1 1 3 1 1 1 1 1 1 1 0
query2444 4.38 48% 0 73672 1.00 1.00 4 2 PATH 63 21 1 1 1 1 44 1 1 1 1 1 1 1 1 1 1 1 1 1 1 1 0 1 1 1 1 2 1 1 1 1 1 1 1 1 1 1 1 1 1 1 1 0
query2963 4.49 52% 0 75392 1.00 1.00 9 2 STAR 25 23 1 1 1 1 1 1 1 1 1 4 1 1 3 1 1 1 1 1 1 1 0 1 1 1 1 1 1 1 1 1 2 1 1 3 1 1 1 1 1 1 1 0
query2451 4.47 51% 0 74648 1.00 1.00 4 2 PATH 70 21 1 1 1 1 51 1 1 1 1 1 1 1 1 1 1 1 1 1 1 1 0 1 1 1 1 2 1 1 1 1 1 1 1 1 1 1 1 1 1 1 1 0
query9124 4.71 67% 0 86904 1.00 1.00 15 5 HYBRID 564 34 1 1 1 1 1 1 1 1 6 1 1 1 11 530 1 1 1 1 1 1 0 1 1 1 1 1 1 1 1 11 1 1 1 2 4 1 1 1 1 1 1 0
query9125 4.21 53% 0 77788 1.00 1.00 15 5 HYBRID 58 32 1 1 1 1 1 1 1 1 13 1 1 1 7 21 1 1 1 1 1 1 0 1 1 1 1 1 1 1 1 7 1 1 1 2 6 1 1 1 1 1 1 0
query9127 4.43 55% 0 77984 1.00 1.00 15 5 HYBRID 137 33 1 1 1 1 1 1 1 1 9 1 1 1 9 102 1 1 1 1 1 1 0 1 1 1 1 1 1 1 1 9 1 1 1 2 5 1 1 1 1 1 1 0
query9129 4.57 54% 0 76304 1.00 1.00 15 5 HYBRID 42 29 1 1 1 1 1 1 1 1 5 1 1 1 7 13 1 1 1 1 1 1 0 1 1 1 1 1 1 1 1 7 1 1 1 2 3 1 1 1 1 1 1 0
query9130 3.79 59% 0 78052 1.00 1.00 15 5 HYBRID 59 35 1 1 1 1 1 1 1 1 16 1 1 1 9 17 1 1 1 1 1 1 0 1 1 1 1 1 1 1 1 9 1 1 1 2 7 1 1 1 1 1 1 0
query9134 4.57 53% 0 78176 1.00 1.00 15 5 HYBRID 75 35 1 1 1 1 1 1 1 1 11 1 1 1 11 36 1 1 1 1 1 1 0 1 1 1 1 1 1 1 1 11 1 1 1 2 5 1 1 1 1 1 1 0
query9135 4.74 68% 0 87440 1.00 1.00 15 5 HYBRID 564 34 1 1 1 1 1 1 1 1 6 1 1 1 11 530 1 1 1 1 1 1 0 1 1 1 1 1 1 1 1 11 1 1 1 2 4 1 1 1 1 1 1 0
query9136 3.92 78% 0 88348 1.00 1.00 15 5 HYBRID 564 34 1 1 1 1 1 1 1 1 6 1 1 1 11 530 1 1 1 1 1 1 0 1 1 1 1 1 1 1 1 11 1 1 1 2 4 1 1 1 1 1 1 0
query9137 4.65 55% 0 77304 1.00 1.00 15 5 HYBRID 58 32 1 1 1 1 1 1 1 1 13 1 1 1 7 21 1 1 1 1 1 1 0 1 1 1 1 1 1 1 1 7 1 1 1 2 6 1 1 1 1 1 1 0
query9139 4.42 50% 0 76372 1.00 1.00 15 5 HYBRID 35 26 1 1 1 1 1 1 1 1 3 1 1 1 4 11 1 1 1 1 1 1 0 1 1 1 1 1 1 1 1 4 1 1 1 2 3 1 1 1 1 1 1 0
query9143 4.04 50% 0 75920 1.00 1.00 15 5 HYBRID 35 26 1 1 1 1 1 1 1 1 3 1 1 1 4 11 1 1 1 1 1 1 0 1 1 1 1 1 1 1 1 4 1 1 1 2 3 1 1 1 1 1 1 0
query9144 4.68 58% 0 78744 1.00 1.00 15 5 HYBRID 137 33 1 1 1 1 1 1 1 1 9 1 1 1 9 102 1 1 1 1 1 1 0 1 1 1 1 1 1 1 1 9 1 1 1 2 5 1 1 1 1 1 1 0
query9149 4.20 52% 0 78060 1.00 1.00 15 5 HYBRID 59 35 1 1 1 1 1 1 1 1 16 1 1 1 9 17 1 1 1 1 1 1 0 1 1 1 1 1 1 1 1 9 1 1 1 2 7 1 1 1 1 1 1 0
query9150 4.58 53% 0 78704 1.00 1.00 15 5 HYBRID 75 35 1 1 1 1 1 1 1 1 11 1 1 1 11 36 1 1 1 1 1 1 0 1 1 1 1 1 1 1 1 11 1 1 1 2 5 1 1 1 1 1 1 0
query9152 4.49 54% 0 78272 1.00 1.00 15 5 HYBRID 137 33 1 1 1 1 1 1 1 1 9 1 1 1 9 102 1 1 1 1 1 1 0 1 1 1 1 1 1 1 1 9 1 1 1 2 5 1 1 1 1 1 1 0
query9156 3.67 57% 0 76304 1.00 1.00 15 5 HYBRID 42 29 1 1 1 1 1 1 1 1 5 1 1 1 7 13 1 1 1 1 1 1 0 1 1 1 1 1 1 1 1 7 1 1 1 2 3 1 1 1 1 1 1 0
query9157 4.10 51% 0 77500 1.00 1.00 15 5 HYBRID 31 30 1 1 1 1 1 1 1 1 3 1 1 1 8 3 1 1 1 1 1 1 0 1 1 1 1 1 1 1 1 8 1 1 1 2 3 1 1 1 1 1 1 0
query9158 4.64 56% 0 77656 1.00 1.00 15 5 HYBRID 42 32 1 1 1 1 1 1 1 1 7 1 1 1 9 9 1 1 1 1 1 1 0 1 1 1 1 1 1 1 1 9 1 1 1 2 4 1 1 1 1 1 1 0
query9159 4.08 53% 0 76980 1.00 1.00 15 5 HYBRID 31 30 1 1 1 1 1 1 1 1 3 1 1 1 8 3 1 1 1 1 1 1 0 1 1 1 1 1 1 1 1 8 1 1 1 2 3 1 1 1 1 1 1 0
query9161 4.96 62% 0 78416 1.00 1.00 15 5 HYBRID 59 35 1 1 1 1 1 1 1 1 16 1 1 1 9 17 1 1 1 1 1 1 0 1 1 1 1 1 1 1 1 9 1 1 1 2 7 1 1 1 1 1 1 0
query9162 4.94 61% 0 77100 1.00 1.00 15 5 HYBRID 58 32 1 1 1 1 1 1 1 1 13 1 1 1 7 21 1 1 1 1 1 1 0 1 1 1 1 1 1 1 1 7 1 1 1 2 6 1 1 1 1 1 1 0
query9164 4.45 54% 0 78360 1.00 1.00 15 5 HYBRID 75 35 1 1 1 1 1 1 1 1 11 1 1 1 11 36 1 1 1 1 1 1 0 1 1 1 1 1 1 1 1 11 1 1 1 2 5 1 1 1 1 1 1 0
query9165 4.47 52% 0 76868 1.00 1.00 15 5 HYBRID 42 32 1 1 1 1 1 1 1 1 7 1 1 1 9 9 1 1 1 1 1 1 0 1 1 1 1 1 1 1 1 9 1 1 1 2 4 1 1 1 1 1 1 0
query6606 4.19 50% 0 75696 1.00 1.00 11 3 HYBRID 55 24 1 1 1 1 1 1 1 1 29 1 1 1 1 1 1 1 1 8 1 1 0 1 1 1 1 1 1 1 1 4 1 1 1 1 1 1 1 1 2 1 1 0
query6608 4.66 57% 0 76912 1.00 1.00 11 3 HYBRID 145 27 1 1 1 1 1 1 1 1 109 1 1 1 1 1 1 1 1 18 1 1 0 1 1 1 1 1 1 1 1 7 1 1 1 1 1 1 1 1 2 1 1 0
query9168 4.55 54% 0 76968 1.00 1.00 15 5 HYBRID 31 30 1 1 1 1 1 1 1 1 3 1 1 1 8 3 1 1 1 1 1 1 0 1 1 1 1 1 1 1 1 8 1 1 1 2 3 1 1 1 1 1 1 0
query9170 1.90 62% 0 77796 1.00 1.00 15 5 HYBRID 42 32 1 1 1 1 1 1 1 1 7 1 1 1 9 9 1 1 1 1 1 1 0 1 1 1 1 1 1 1 1 9 1 1 1 2 4 1 1 1 1 1 1 0
query9172 4.30 50% 0 76596 1.00 1.00 15 5 HYBRID 35 26 1 1 1 1 1 1 1 1 3 1 1 1 4 11 1 1 1 1 1 1 0 1 1 1 1 1 1 1 1 4 1 1 1 2 3 1 1 1 1 1 1 0
query9175 4.44 53% 0 77372 1.00 1.00 15 5 HYBRID 42 29 1 1 1 1 1 1 1 1 5 1 1 1 7 13 1 1 1 1 1 1 0 1 1 1 1 1 1 1 1 7 1 1 1 2 3 1 1 1 1 1 1 0
query9176 3.72 56% 0 76316 1.00 1.00 15 5 HYBRID 31 30 1 1 1 1 1 1 1 1 3 1 1 1 8 3 1 1 1 1 1 1 0 1 1 1 1 1 1 1 1 8 1 1 1 2 3 1 1 1 1 1 1 0
query9179 4.43 56% 0 78048 1.00 1.00 15 5 HYBRID 137 33 1 1 1 1 1 1 1 1 9 1 1 1 9 102 1 1 1 1 1 1 0 1 1 1 1 1 1 1 1 9 1 1 1 2 5 1 1 1 1 1 1 0
query9180 4.27 52% 0 78176 1.00 1.00 15 5 HYBRID 59 35 1 1 1 1 1 1 1 1 16 1 1 1 9 17 1 1 1 1 1 1 0 1 1 1 1 1 1 1 1 9 1 1 1 2 7 1 1 1 1 1 1 0
query9181 4.47 51% 0 76812 1.00 1.00 15 5 HYBRID 42 29 1 1 1 1 1 1 1 1 5 1 1 1 7 13 1 1 1 1 1 1 0 1 1 1 1 1 1 1 1 7 1 1 1 2 3 1 1 1 1 1 1 0
query9184 4.33 70% 0 86580 1.00 1.00 15 5 HYBRID 564 34 1 1 1 1 1 1 1 1 6 1 1 1 11 530 1 1 1 1 1 1 0 1 1 1 1 1 1 1 1 11 1 1 1 2 4 1 1 1 1 1 1 0
query9185 4.39 52% 0 77460 1.00 1.00 15 5 HYBRID 31 30 1 1 1 1 1 1 1 1 3 1 1 1 8 3 1 1 1 1 1 1 0 1 1 1 1 1 1 1 1 8 1 1 1 2 3 1 1 1 1 1 1 0
query9186 4.52 53% 0 78316 1.00 1.00 15 5 HYBRID 75 35 1 1 1 1 1 1 1 1 11 1 1 1 11 36 1 1 1 1 1 1 0 1 1 1 1 1 1 1 1 11 1 1 1 2 5 1 1 1 1 1 1 0
query9187 4.49 54% 0 79064 1.00 1.00 15 5 HYBRID 59 35 1 1 1 1 1 1 1 1 16 1 1 1 9 17 1 1 1 1 1 1 0 1 1 1 1 1 1 1 1 9 1 1 1 2 7 1 1 1 1 1 1 0
query6628 3.61 56% 0 75192 1.00 1.00 11 3 HYBRID 43 25 1 1 1 1 1 1 1 1 16 1 1 1 1 1 1 1 1 9 1 1 0 1 1 1 1 1 1 1 1 5 1 1 1 1 1 1 1 1 2 1 1 0
query9189 3.77 56% 0 76912 1.00 1.00 15 5 HYBRID 31 30 1 1 1 1 1 1 1 1 3 1 1 1 8 3 1 1 1 1 1 1 0 1 1 1 1 1 1 1 1 8 1 1 1 2 3 1 1 1 1 1 1 0
query6630 3.98 51% 0 75708 1.00 1.00 11 3 HYBRID 55 24 1 1 1 1 1 1 1 1 29 1 1 1 1 1 1 1 1 8 1 1 0 1 1 1 1 1 1 1 1 4 1 1 1 1 1 1 1 1 2 1 1 0
query11234 6.66 90% 0 130416 1.00 1.00 6 3 STAR 242 237 1 1 1 1 1 1 1 1 1 1 1 1 1 1 1 1 1 217 1 7 0 1 1 1 1 1 1 1 1 1 1 1 1 1 1 1 1 1 2 1 217 0
query9192 4.54 53% 0 78396 1.00 1.00 15 5 HYBRID 59 35 1 1 1 1 1 1 1 1 16 1 1 1 9 17 1 1 1 1 1 1 0 1 1 1 1 1 1 1 1 9 1 1 1 2 7 1 1 1 1 1 1 0
query9193 1.86 61% 0 77060 1.00 1.00 15 5 HYBRID 31 30 1 1 1 1 1 1 1 1 3 1 1 1 8 3 1 1 1 1 1 1 0 1 1 1 1 1 1 1 1 8 1 1 1 2 3 1 1 1 1 1 1 0
query6634 4.21 53% 0 76684 1.00 1.00 12 3 HYBRID 136 27 1 1 1 1 1 1 1 1 93 1 1 1 1 1 1 1 1 25 1 1 0 1 1 1 1 1 1 1 1 7 1 1 1 1 1 1 1 1 2 1 1 0
query9194 4.42 50% 0 76608 1.00 1.00 15 5 HYBRID 31 30 1 1 1 1 1 1 1 1 3 1 1 1 8 3 1 1 1 1 1 1 0 1 1 1 1 1 1 1 1 8 1 1 1 2 3 1 1 1 1 1 1 0
query9202 4.69 55% 0 78360 1.00 1.00 15 5 HYBRID 59 35 1 1 1 1 1 1 1 1 16 1 1 1 9 17 1 1 1 1 1 1 0 1 1 1 1 1 1 1 1 9 1 1 1 2 7 1 1 1 1 1 1 0
query9203 4.17 51% 0 77212 1.00 1.00 15 5 HYBRID 31 30 1 1 1 1 1 1 1 1 3 1 1 1 8 3 1 1 1 1 1 1 0 1 1 1 1 1 1 1 1 8 1 1 1 2 3 1 1 1 1 1 1 0
query9205 4.98 61% 0 77844 1.00 1.00 15 5 HYBRID 59 35 1 1 1 1 1 1 1 1 16 1 1 1 9 17 1 1 1 1 1 1 0 1 1 1 1 1 1 1 1 9 1 1 1 2 7 1 1 1 1 1 1 0
