query6661 2.85 76% 0 73624 1.00 1.00 25 3 HYBRID 97 17 1 1 1 12 1 26 11 42 1 1 0 1 1 1 3 1 2 4 2 1 1 0
query12302 2.76 73% 0 73212 1.00 1.00 25 3 STAR 15 13 2 1 2 1 1 4 1 1 1 1 0 2 1 2 1 1 2 1 1 1 1 0
query12306 2.22 79% 0 72348 1.00 1.00 25 3 STAR 14 13 2 1 1 1 1 4 1 1 1 1 0 2 1 2 1 1 2 1 1 1 1 0
query12342 1.90 91% 0 72976 1.00 1.00 25 3 STAR 15 13 2 1 2 1 1 4 1 1 1 1 0 2 1 2 1 1 2 1 1 1 1 0
query3143 2.97 86% 0 76112 1.00 1.00 25 3 HYBRID 145 24 1 1 6 7 1 1 1 4 1 122 0 1 1 6 6 1 1 1 4 1 2 0
query3148 2.85 92% 0 78108 1.00 1.00 25 3 HYBRID 166 26 1 1 2 2 1 1 1 3 1 153 0 1 1 7 6 1 1 1 5 1 2 0
query3160 2.86 92% 0 77908 1.00 1.00 25 3 HYBRID 166 26 1 1 2 2 1 1 1 3 1 153 0 1 1 7 6 1 1 1 5 1 2 0
query4217 2.77 119% 0 88160 1.00 1.00 73 2 STAR 30 54 5 1 1 1 1 1 6 6 7 1 0 7 1 1 8 2 1 10 9 7 8 0
query3196 2.44 97% 0 76856 1.00 1.00 25 3 HYBRID 145 24 1 1 6 7 1 1 1 4 1 122 0 1 1 6 6 1 1 1 4 1 2 0
query8835 1.86 97% 0 73864 1.00 1.00 25 3 HYBRID 35 16 1 1 1 9 1 12 7 1 1 1 0 1 1 1 2 1 2 3 3 1 1 0
query1669 2.32 84% 0 72928 1.00 1.00 21 2 PATH 61 15 1 1 1 7 1 1 27 12 1 9 0 1 1 1 2 1 1 3 2 1 2 0
query8844 2.71 76% 0 73876 1.00 1.00 25 3 HYBRID 35 16 1 1 1 9 1 12 7 1 1 1 0 1 1 1 2 1 2 3 3 1 1 0
query5774 2.71 77% 0 73684 1.00 1.00 21 2 STAR 62 17 8 1 1 1 1 7 27 1 1 14 0 4 1 1 1 1 3 2 1 1 2 0
query2712 2.36 87% 0 74372 1.00 1.00 21 2 PATH 84 18 11 1 1 13 1 16 1 38 1 1 0 5 1 1 3 1 2 1 2 1 1 0
query5796 2.38 91% 0 74464 1.00 1.00 21 2 STAR 140 20 23 1 1 1 1 22 66 1 1 23 0 5 1 1 1 1 4 2 1 1 3 0
query8876 1.87 95% 0 73200 1.00 1.00 25 3 HYBRID 22 15 1 1 1 1 1 10 3 2 1 1 0 1 1 1 3 1 2 2 2 1 1 0
query2739 1.89 106% 0 73896 1.00 1.00 21 2 PATH 108 19 16 1 1 16 1 20 1 50 1 1 0 5 1 1 2 1 4 1 2 1 1 0
query5813 1.98 119% 0 77068 1.00 1.00 21 2 STAR 246 23 37 1 1 1 1 38 119 1 1 46 0 5 1 1 1 1 6 2 1 1 4 0
query8889 2.53 73% 0 73064 1.00 1.00 25 3 HYBRID 24 14 1 1 1 1 1 7 8 2 1 1 0 1 1 1 1 1 2 3 2 1 1 0
query8897 2.76 73% 0 73372 1.00 1.00 25 3 HYBRID 22 15 1 1 1 1 1 10 3 2 1 1 0 1 1 1 2 1 2 3 2 1 1 0
query1733 2.36 82% 0 72972 1.00 1.00 21 2 PATH 65 15 1 1 1 12 1 1 12 25 1 10 0 1 1 1 2 1 1 3 2 1 2 0
query7368 2.58 74% 0 72204 1.00 1.00 29 4 HYBRID 16 13 1 1 1 1 2 4 1 3 1 1 0 1 1 1 1 2 2 1 2 1 1 0
query7369 2.48 71% 0 72004 1.00 1.00 29 4 HYBRID 16 13 1 1 1 1 2 4 1 3 1 1 0 1 1 1 1 2 2 1 2 1 1 0
query7375 2.32 78% 0 72024 1.00 1.00 29 4 HYBRID 16 13 1 1 1 1 2 4 1 3 1 1 0 1 1 1 1 2 2 1 2 1 1 0
query8920 3.14 81% 0 73820 1.00 1.00 25 3 HYBRID 22 15 1 1 1 1 1 10 3 2 1 1 0 1 1 1 2 1 2 3 2 1 1 0
query2795 1.96 98% 0 74116 1.00 1.00 25 3 HYBRID 45 17 3 2 7 1 1 27 1 1 1 1 0 4 3 2 1 1 2 1 1 1 1 0
query2797 2.82 77% 0 73652 1.00 1.00 25 3 HYBRID 45 17 3 2 7 1 1 27 1 1 1 1 0 4 3 2 1 1 2 1 1 1 1 0
query2836 2.45 78% 0 72972 1.00 1.00 25 3 HYBRID 36 17 3 5 5 1 1 17 1 1 1 1 0 3 3 3 1 1 2 1 1 1 1 0
query2892 2.41 76% 0 71860 1.00 1.00 21 2 STAR 15 13 1 1 1 1 2 4 1 2 1 1 0 1 1 1 1 2 2 1 2 1 1 0
query2893 2.72 72% 0 72788 1.00 1.00 21 2 STAR 17 13 1 1 1 1 2 5 1 3 1 1 0 1 1 1 1 2 2 1 2 1 1 0
query2380 2.60 74% 0 73444 1.00 1.00 21 2 PATH 34 14 1 1 1 1 1 1 11 9 1 7 0 1 1 1 1 1 1 3 2 1 2 0
query1873 2.52 76% 0 73552 1.00 1.00 29 4 STAR 47 18 1 1 1 3 2 35 1 1 1 1 0 1 1 1 4 4 2 1 1 2 1 0
query2897 2.38 77% 0 73112 1.00 1.00 21 2 STAR 17 13 1 1 1 1 2 5 1 3 1 1 0 1 1 1 1 2 2 1 2 1 1 0
query2898 2.37 76% 0 72820 1.00 1.00 21 2 STAR 17 13 1 1 1 1 2 5 1 3 1 1 0 1 1 1 1 2 2 1 2 1 1 0
query2900 2.68 70% 0 71960 1.00 1.00 21 2 STAR 13 13 1 1 1 1 2 3 1 1 1 1 0 1 1 1 1 2 2 1 2 1 1 0
query2905 2.33 76% 0 72016 1.00 1.00 21 2 STAR 15 13 1 1 1 1 2 4 1 2 1 1 0 1 1 1 1 2 2 1 2 1 1 0
query2908 2.48 73% 0 73000 1.00 1.00 21 2 STAR 17 13 1 1 1 1 2 5 1 3 1 1 0 1 1 1 1 2 2 1 2 1 1 0
query2910 2.63 72% 0 72568 1.00 1.00 21 2 STAR 17 13 1 1 1 1 2 5 1 3 1 1 0 1 1 1 1 2 2 1 2 1 1 0
query353 946.68 67% 0 1170252 1.00 1.00 58 14 HYBRID 204374 203819 1 1 1 557 9409 194401 1 1 1 1 0 1 1 1 9409 194401 2 1 1 1 1 0
query4449 2.38 75% 0 72440 1.00 1.00 21 2 PATH 14 13 1 1 1 1 1 1 1 3 1 3 0 1 1 1 1 1 1 1 2 1 3 0
query2914 2.66 71% 0 72784 1.00 1.00 21 2 STAR 15 13 1 1 1 1 2 4 1 2 1 1 0 1 1 1 1 2 2 1 2 1 1 0
query2406 2.41 80% 0 72788 1.00 1.00 21 2 PATH 61 15 1 1 1 7 1 1 27 12 1 9 0 1 1 1 2 1 1 3 2 1 2 0
query2931 2.44 75% 0 71884 1.00 1.00 21 2 STAR 17 13 1 1 1 1 2 5 1 3 1 1 0 1 1 1 1 2 2 1 2 1 1 0
query2940 2.69 70% 0 72396 1.00 1.00 21 2 STAR 13 13 1 1 1 1 2 3 1 1 1 1 0 1 1 1 1 2 2 1 2 1 1 0
query2941 2.72 72% 0 72348 1.00 1.00 21 2 STAR 15 13 1 1 1 1 2 4 1 2 1 1 0 1 1 1 1 2 2 1 2 1 1 0
query2944 2.66 72% 0 72800 1.00 1.00 21 2 STAR 17 13 1 1 1 1 2 5 1 3 1 1 0 1 1 1 1 2 2 1 2 1 1 0
query2947 1.87 90% 0 73288 1.00 1.00 21 2 STAR 15 13 1 1 1 1 2 4 1 2 1 1 0 1 1 1 1 2 2 1 2 1 1 0
query2444 1.81 104% 0 73284 1.00 1.00 21 2 PATH 61 15 1 1 1 7 1 1 27 12 1 9 0 1 1 1 2 1 1 3 2 1 2 0
query2963 2.75 72% 0 71888 1.00 1.00 21 2 STAR 15 13 1 1 1 1 2 4 1 2 1 1 0 1 1 1 1 2 2 1 2 1 1 0
query2451 2.55 78% 0 73380 1.00 1.00 21 2 PATH 72 16 1 1 1 8 1 1 6 39 1 13 0 1 1 1 2 1 1 3 3 1 2 0
query9124 2.81 181% 0 101680 1.00 1.00 33 5 HYBRID 1068 51 1 1 1 1 176 530 175 181 1 1 0 1 1 1 1 16 2 14 13 1 1 0
query9125 2.23 89% 0 73252 1.00 1.00 33 5 HYBRID 50 17 1 1 1 1 8 21 7 8 1 1 0 1 1 1 1 4 2 3 2 1 1 0
query9127 2.65 98% 0 80108 1.00 1.00 33 5 HYBRID 212 22 1 1 1 1 36 102 34 34 1 1 0 1 1 1 1 6 2 4 4 1 1 0
query9129 1.96 97% 0 73708 1.00 1.00 33 5 HYBRID 34 16 1 1 1 1 5 13 4 6 1 1 0 1 1 1 1 3 2 2 3 1 1 0
query9130 3.03 85% 0 73544 1.00 1.00 33 5 HYBRID 42 17 1 1 1 1 5 17 7 7 1 1 0 1 1 1 1 3 2 3 3 1 1 0
query9134 2.83 80% 0 74624 1.00 1.00 33 5 HYBRID 80 18 1 1 1 1 11 36 11 16 1 1 0 1 1 1 1 5 2 3 2 1 1 0
query9135 2.63 176% 0 102944 1.00 1.00 33 5 HYBRID 1068 51 1 1 1 1 176 530 175 181 1 1 0 1 1 1 1 16 2 14 13 1 1 0
query9136 2.65 176% 0 101072 1.00 1.00 33 5 HYBRID 1068 51 1 1 1 1 176 530 175 181 1 1 0 1 1 1 1 16 2 14 13 1 1 0
query9137 2.36 86% 0 74232 1.00 1.00 33 5 HYBRID 50 17 1 1 1 1 8 21 7 8 1 1 0 1 1 1 1 4 2 3 2 1 1 0
query9139 1.85 96% 0 73876 1.00 1.00 33 5 HYBRID 30 15 1 1 1 1 5 11 4 4 1 1 0 1 1 1 1 3 2 2 2 1 1 0
query9143 2.60 78% 0 73184 1.00 1.00 33 5 HYBRID 30 15 1 1 1 1 5 11 4 4 1 1 0 1 1 1 1 3 2 2 2 1 1 0
query9144 1.56 87% 0 79520 1.00 1.00 33 5 HYBRID 212 22 1 1 1 1 36 102 34 34 1 1 0 1 1 1 1 6 2 4 4 1 1 0
query9149 2.54 79% 0 74124 1.00 1.00 33 5 HYBRID 42 17 1 1 1 1 5 17 7 7 1 1 0 1 1 1 1 3 2 3 3 1 1 0
query9150 2.37 88% 0 74416 1.00 1.00 33 5 HYBRID 80 18 1 1 1 1 11 36 11 16 1 1 0 1 1 1 1 5 2 3 2 1 1 0
query9152 2.66 90% 0 80284 1.00 1.00 33 5 HYBRID 212 22 1 1 1 1 36 102 34 34 1 1 0 1 1 1 1 6 2 4 4 1 1 0
query9156 2.34 84% 0 73564 1.00 1.00 33 5 HYBRID 34 16 1 1 1 1 5 13 4 6 1 1 0 1 1 1 1 3 2 2 3 1 1 0
query9157 3.15 81% 0 72240 1.00 1.00 33 5 HYBRID 14 13 1 1 1 1 2 3 1 2 1 1 0 1 1 1 1 2 2 1 2 1 1 0
query9158 2.35 81% 0 73580 1.00 1.00 33 5 HYBRID 26 15 1 1 1 1 3 9 4 4 1 1 0 1 1 1 1 3 2 2 2 1 1 0
query9159 2.33 77% 0 72748 1.00 1.00 33 5 HYBRID 14 13 1 1 1 1 2 3 1 2 1 1 0 1 1 1 1 2 2 1 2 1 1 0
query9161 2.76 77% 0 73748 1.00 1.00 33 5 HYBRID 42 17 1 1 1 1 5 17 7 7 1 1 0 1 1 1 1 3 2 3 3 1 1 0
query9162 2.75 78% 0 73560 1.00 1.00 33 5 HYBRID 50 17 1 1 1 1 8 21 7 8 1 1 0 1 1 1 1 4 2 3 2 1 1 0
query9164 2.71 81% 0 73812 1.00 1.00 33 5 HYBRID 80 18 1 1 1 1 11 36 11 16 1 1 0 1 1 1 1 5 2 3 2 1 1 0
query9165 2.32 82% 0 73084 1.00 1.00 33 5 HYBRID 26 15 1 1 1 1 3 9 4 4 1 1 0 1 1 1 1 3 2 2 2 1 1 0
query6606 2.41 79% 0 73336 1.00 1.00 25 3 HYBRID 45 14 1 1 1 1 1 8 15 15 1 1 0 1 1 1 1 1 2 3 2 1 1 0
query6608 2.77 81% 0 74452 1.00 1.00 25 3 HYBRID 135 17 1 1 1 41 1 18 47 23 1 1 0 1 1 1 3 1 2 4 2 1 1 0
query9168 2.74 72% 0 72904 1.00 1.00 33 5 HYBRID 14 13 1 1 1 1 2 3 1 2 1 1 0 1 1 1 1 2 2 1 2 1 1 0
query9170 2.76 75% 0 73412 1.00 1.00 33 5 HYBRID 26 15 1 1 1 1 3 9 4 4 1 1 0 1 1 1 1 3 2 2 2 1 1 0
query9172 2.72 75% 0 72964 1.00 1.00 33 5 HYBRID 30 15 1 1 1 1 5 11 4 4 1 1 0 1 1 1 1 3 2 2 2 1 1 0
query9175 2.71 77% 0 74068 1.00 1.00 33 5 HYBRID 34 16 1 1 1 1 5 13 4 6 1 1 0 1 1 1 1 3 2 2 3 1 1 0
query9176 2.49 74% 0 73000 1.00 1.00 33 5 HYBRID 14 13 1 1 1 1 2 3 1 2 1 1 0 1 1 1 1 2 2 1 2 1 1 0
query9179 2.95 94% 0 79672 1.00 1.00 33 5 HYBRID 212 22 1 1 1 1 36 102 34 34 1 1 0 1 1 1 1 6 2 4 4 1 1 0
query9180 2.04 97% 0 73560 1.00 1.00 33 5 HYBRID 42 17 1 1 1 1 5 17 7 7 1 1 0 1 1 1 1 3 2 3 3 1 1 0
query9181 2.70 76% 0 73784 1.00 1.00 33 5 HYBRID 34 16 1 1 1 1 5 13 4 6 1 1 0 1 1 1 1 3 2 2 3 1 1 0
query9184 2.78 184% 0 101764 1.00 1.00 33 5 HYBRID 1068 51 1 1 1 1 176 530 175 181 1 1 0 1 1 1 1 16 2 14 13 1 1 0
query9185 2.32 78% 0 72344 1.00 1.00 33 5 HYBRID 14 13 1 1 1 1 2 3 1 2 1 1 0 1 1 1 1 2 2 1 2 1 1 0
query9186 2.84 81% 0 74856 1.00 1.00 33 5 HYBRID 80 18 1 1 1 1 11 36 11 16 1 1 0 1 1 1 1 5 2 3 2 1 1 0
query9187 2.46 81% 0 73608 1.00 1.00 33 5 HYBRID 42 17 1 1 1 1 5 17 7 7 1 1 0 1 1 1 1 3 2 3 3 1 1 0
query6628 2.34 81% 0 72768 1.00 1.00 25 3 HYBRID 33 15 1 1 1 1 1 9 7 10 1 1 0 1 1 1 2 1 2 3 2 1 1 0
query9189 2.29 78% 0 71952 1.00 1.00 33 5 HYBRID 14 13 1 1 1 1 2 3 1 2 1 1 0 1 1 1 1 2 2 1 2 1 1 0
query6630 2.37 80% 0 72276 1.00 1.00 25 3 HYBRID 45 14 1 1 1 1 1 8 15 15 1 1 0 1 1 1 2 1 2 2 2 1 1 0
query11234 2.59 85% 0 77172 1.00 1.00 25 3 STAR 131 23 1 1 2 3 1 116 1 1 4 1 0 1 1 6 5 1 2 1 1 4 1 0
query9192 2.46 81% 0 73572 1.00 1.00 33 5 HYBRID 42 17 1 1 1 1 5 17 7 7 1 1 0 1 1 1 1 3 2 3 3 1 1 0
query9193 2.72 71% 0 71940 1.00 1.00 33 5 HYBRID 14 13 1 1 1 1 2 3 1 2 1 1 0 1 1 1 1 2 2 1 2 1 1 0
query6634 2.52 79% 0 74104 1.00 1.00 27 3 HYBRID 126 17 1 1 1 19 1 25 23 53 1 1 0 1 1 1 3 1 2 4 2 1 1 0
query9194 2.59 74% 0 72084 1.00 1.00 33 5 HYBRID 14 13 1 1 1 1 1 3 2 2 1 1 0 1 1 1 1 1 2 2 2 1 1 0
query9202 2.75 78% 0 74012 1.00 1.00 33 5 HYBRID 42 17 1 1 1 1 5 17 7 7 1 1 0 1 1 1 1 3 2 3 3 1 1 0
query9203 2.60 73% 0 72684 1.00 1.00 33 5 HYBRID 14 13 1 1 1 1 2 3 1 2 1 1 0 1 1 1 1 2 2 1 2 1 1 0
query9205 1.93 97% 0 73736 1.00 1.00 33 5 HYBRID 42 17 1 1 1 1 5 17 7 7 1 1 0 1 1 1 1 3 2 3 3 1 1 0
