query7972 2.82 64% 0 71040 1.00 1.00 2 2 STAR 59 11 0 1 1 1 1 1 1 50 1 1 1 0 1 1 1 1 1 1 2 1 1 1
query5412 1.89 84% 0 70984 1.00 1.00 2 1 STAR 14 12 0 1 3 1 1 1 1 1 3 1 1 0 1 2 1 1 1 1 1 2 1 1
query12068 1800.00 0% 0 1428 0.00 1.00 8 6 HYBRID 1585 23 0 1 1 1 1063 22 22 472 1 1 1 0 1 1 1 8 2 2 5 1 1 1
query8429 3.08 74% 0 74916 .08 1.00 7 6 HYBRID 217 18 0 1 1 1 1 1 154 1 55 1 1 0 1 1 1 1 1 8 1 2 1 1
query7928 2.13 65% 0 71184 1.00 1.00 2 2 STAR 35 11 0 1 1 1 1 1 1 26 1 1 1 0 1 1 1 1 1 1 2 1 1 1
query9526 2.33 71% 0 71788 1.00 1.00 2 1 STAR 16 12 0 4 1 1 1 1 1 1 1 4 1 0 2 1 1 1 1 1 1 1 2 1
query3567 3.10 90% 0 82576 .01 1.00 9 6 HYBRID 476 23 0 1 1 1 32 1 5 1 381 52 1 0 1 1 1 3 1 2 1 10 2 1
query3338 2.42 69% 0 71448 1.00 1.00 3 1 STAR 16 13 0 1 1 3 1 3 1 1 3 1 1 0 1 1 2 1 2 1 1 2 1 1
query9722 1.33 89% 0 76284 .01 1.00 7 4 HYBRID 372 18 0 1 2 29 1 29 306 1 1 1 1 0 1 2 2 1 2 6 1 1 1 1
query6628 2.63 76% 0 74904 1.00 1.00 6 3 HYBRID 66 20 0 1 1 1 1 5 5 11 24 1 16 0 1 1 1 1 2 2 3 5 1 3
query9064 2.11 84% 0 71088 1.00 1.00 2 1 STAR 30 12 0 1 1 1 1 1 1 11 11 1 1 0 1 1 1 1 1 1 2 2 1 1
query956 3.00 75% 0 76452 1.00 1.00 9 7 HYBRID 93 26 0 1 1 9 55 1 22 1 1 1 1 0 1 1 3 12 1 4 1 1 1 1
query3866 2.38 70% 0 70924 1.00 1.00 2 1 STAR 12 12 0 1 1 1 1 2 2 1 1 1 1 0 1 1 1 1 2 2 1 1 1 1
query3100 3.20 102% 0 87908 0.00 1.00 13 9 HYBRID 1220 20 0 1 1 29 1 1 213 492 480 1 1 0 1 1 2 1 1 5 4 3 1 1
query8492 2.39 93% 0 83416 1.00 1.00 11 10 HYBRID 77 30 0 4 1 1 54 1 12 1 1 1 1 0 5 1 1 15 2 2 1 1 1 1
query2135 2.55 69% 0 71236 1.00 1.00 2 1 STAR 12 12 0 1 2 1 1 1 2 1 1 1 1 0 1 2 1 1 1 2 1 1 1 1
query912 2.79 79% 0 76192 1.00 1.00 4 3 STAR 208 16 0 1 166 1 1 1 1 1 34 1 1 0 1 6 1 1 1 1 1 2 1 1
query8442 2.46 70% 0 72132 1.00 1.00 4 2 STAR 15 15 0 1 1 1 3 1 2 1 3 1 1 0 1 1 1 3 1 2 1 3 1 1
query7293 2.75 72% 0 72592 1.00 1.00 4 2 PATH 27 16 0 1 1 1 1 1 6 1 1 9 5 0 1 1 1 1 1 3 1 1 4 2
query2406 2.65 77% 0 73904 1.00 1.00 4 2 PATH 116 16 0 1 1 1 1 9 9 1 48 1 44 0 1 1 1 1 2 2 1 3 1 3
query2712 2.70 77% 0 73628 1.00 1.00 4 2 PATH 159 16 0 39 38 1 1 1 75 1 1 1 1 0 3 2 1 1 1 4 1 1 1 1
query6606 2.73 77% 0 74152 1.00 1.00 6 3 HYBRID 87 20 0 1 1 1 1 3 3 11 29 1 36 0 1 1 1 1 2 2 3 5 1 3
query12302 2.37 68% 0 71256 1.00 1.00 3 3 STAR 12 11 0 1 1 1 3 1 1 1 1 1 1 0 1 1 1 2 1 1 1 1 1 1
query7267 2.50 72% 0 73332 1.00 1.00 4 2 PATH 29 16 0 1 1 1 1 1 6 1 1 10 6 0 1 1 1 1 1 3 1 1 4 2
query3259 2.50 68% 0 71684 1.00 1.00 2 1 STAR 28 12 0 1 1 10 1 1 1 1 10 1 1 0 1 1 2 1 1 1 1 2 1 1
query2491 2.67 67% 0 71884 1.00 1.00 2 1 STAR 12 12 0 1 1 1 1 2 2 1 1 1 1 0 1 1 1 1 2 2 1 1 1 1
query2836 2.51 74% 0 73336 1.00 1.00 4 3 HYBRID 70 16 0 1 1 1 53 5 5 1 1 1 1 0 1 1 1 5 2 2 1 1 1 1
query3929 1.88 91% 0 73352 1.00 1.00 4 3 HYBRID 47 17 0 2 1 1 1 1 1 10 28 1 1 0 3 1 1 1 1 1 3 4 1 1
query5477 2.31 74% 0 72112 1.00 1.00 2 1 STAR 18 12 0 1 1 1 1 1 5 1 5 1 1 0 1 1 1 1 1 2 1 2 1 1
query2145 2.81 70% 0 71836 1.00 1.00 2 1 STAR 12 12 0 1 2 1 1 1 2 1 1 1 1 0 1 2 1 1 1 2 1 1 1 1
query11708 2.48 77% 0 73472 1.00 1.00 6 3 STAR 49 20 0 1 10 1 1 1 4 17 12 1 1 0 1 5 1 1 1 3 4 2 1 1
query7584 2.58 68% 0 71076 1.00 1.00 2 1 STAR 12 12 0 1 1 1 2 1 2 1 1 1 1 0 1 1 1 2 1 2 1 1 1 1
query9177 2.56 80% 0 75392 1.00 1.00 7 5 HYBRID 99 23 0 9 1 1 54 1 8 22 1 1 1 0 3 1 1 7 1 3 4 1 1 1
query846 2.46 110% 0 76308 1.00 1.00 4 3 STAR 220 16 0 1 1 1 1 1 176 1 36 1 1 0 1 1 1 1 1 6 1 2 1 1
query5813 2.10 111% 0 80724 1.00 1.00 4 2 STAR 483 16 0 1 120 1 1 1 237 1 119 1 1 0 1 3 1 1 1 4 1 2 1 1
query3966 1.92 86% 0 72616 1.00 1.00 3 1 STAR 13 13 0 1 2 1 1 2 1 2 1 1 1 0 1 2 1 1 2 1 2 1 1 1
query4805 2.93 107% 0 83308 1.00 1.00 2 1 STAR 1208 12 0 1 1 1 1 600 600 1 1 1 1 0 1 1 1 1 2 2 1 1 1 1
query5796 2.55 86% 0 75620 1.00 1.00 4 2 STAR 271 16 0 1 67 1 1 1 131 1 66 1 1 0 1 3 1 1 1 4 1 2 1 1
query8410 2.89 73% 0 74464 0.00 1.00 7 6 HYBRID 117 17 0 1 1 1 1 1 76 1 33 1 1 0 1 1 1 1 1 7 1 2 1 1
query5498 2.33 72% 0 71536 1.00 1.00 2 1 STAR 12 12 0 2 1 1 1 2 1 1 1 1 1 0 2 1 1 1 2 1 1 1 1 1
query818 2.46 69% 0 71080 1.00 1.00 2 1 STAR 12 12 0 1 1 1 1 1 1 1 1 2 2 0 1 1 1 1 1 1 1 1 2 2
query10430 2.65 66% 0 71600 1.00 1.00 2 1 STAR 24 12 0 1 1 1 1 1 1 8 8 1 1 0 1 1 1 1 1 1 2 2 1 1
query1669 2.94 80% 0 73444 1.00 1.00 4 2 PATH 116 16 0 1 1 1 1 9 9 1 48 1 44 0 1 1 1 1 2 2 1 3 1 3
query8876 2.83 76% 0 74796 1.00 1.00 6 3 HYBRID 57 20 0 1 1 1 1 11 10 10 15 1 6 0 1 1 1 1 3 3 2 4 1 3
query9362 2.35 84% 0 72080 1.00 1.00 2 1 STAR 284 12 0 1 1 1 1 1 1 138 138 1 1 0 1 1 1 1 1 1 2 2 1 1
query1873 3.21 87% 0 85332 1.00 1.00 6 4 STAR 456 20 0 1 153 1 137 1 153 1 4 4 1 0 1 2 1 5 1 2 1 3 3 1
query6362 3.18 87% 0 82596 1.00 1.00 6 4 HYBRID 446 20 0 206 1 1 1 59 12 163 1 1 1 0 5 1 1 1 4 2 3 1 1 1
query3277 2.31 72% 0 71456 1.00 1.00 2 1 STAR 28 12 0 1 1 10 1 1 1 1 10 1 1 0 1 1 2 1 1 1 1 2 1 1
query7296 2.64 71% 0 73252 1.00 1.00 4 2 PATH 33 16 0 1 1 1 1 1 7 1 1 12 7 0 1 1 1 1 1 3 1 1 4 2
query10288 3.07 107% 0 87940 1.00 1.00 4 2 STAR 914 16 0 1 1 1 1 301 301 153 153 1 1 0 1 1 1 1 2 2 3 3 1 1
query12306 2.29 70% 0 71492 1.00 1.00 3 3 STAR 11 11 0 1 1 1 2 1 1 1 1 1 1 0 1 1 1 2 1 1 1 1 1 1
query194 1.79 89% 0 71000 1.00 1.00 2 1 STAR 12 12 0 1 1 1 2 1 1 1 2 1 1 0 1 1 1 2 1 1 1 2 1 1
query11374 2.61 87% 0 77700 0.00 1.00 11 7 HYBRID 147 28 0 17 1 1 20 12 1 7 86 1 1 0 3 1 1 6 2 1 3 9 1 1
query7990 2.68 67% 0 70804 1.00 1.00 2 2 STAR 44 11 0 1 1 1 1 1 1 35 1 1 1 0 1 1 1 1 1 1 2 1 1 1
query3297 2.63 67% 0 72036 1.00 1.00 2 1 STAR 28 12 0 1 1 10 1 1 1 1 10 1 1 0 1 1 2 1 1 1 1 2 1 1
query5774 2.94 81% 0 74208 1.00 1.00 4 2 STAR 115 16 0 1 28 1 1 1 53 1 27 1 1 0 1 3 1 1 1 4 1 2 1 1
query8114 2.62 68% 0 71648 1.00 1.00 2 1 STAR 12 12 0 1 1 1 2 1 1 1 2 1 1 0 1 1 1 2 1 1 1 2 1 1
query2941 1.86 90% 0 72304 1.00 1.00 4 2 STAR 20 16 0 1 1 1 7 1 1 2 4 1 1 0 1 1 1 4 1 1 3 2 1 1
query10721 2.68 77% 0 78092 .25 1.00 11 9 HYBRID 116 28 0 6 1 1 1 5 1 9 90 1 1 0 3 1 1 1 3 1 2 14 1 1
query1393 2.79 72% 0 72912 1.00 1.00 4 2 PATH 21 15 0 1 1 1 2 1 1 1 8 1 4 0 1 1 1 2 1 1 1 4 1 2
query11762 2.80 97% 0 85008 1.00 1.00 6 3 STAR 456 20 0 1 87 1 1 1 31 194 138 1 1 0 1 5 1 1 1 3 4 2 1 1
query11955 2.70 72% 0 73052 .14 1.00 6 4 HYBRID 30 17 0 1 1 1 1 2 2 1 17 1 3 0 1 1 1 1 2 2 1 5 1 2
query12342 2.78 68% 0 71132 1.00 1.00 3 3 STAR 12 11 0 1 1 1 3 1 1 1 1 1 1 0 1 1 1 2 1 1 1 1 1 1
query1064 1.87 86% 0 71576 1.00 1.00 2 1 STAR 12 12 0 1 1 1 2 1 1 1 2 1 1 0 1 1 1 2 1 1 1 2 1 1
query7902 2.52 68% 0 70904 1.00 1.00 2 2 STAR 35 11 0 1 1 1 1 1 1 26 1 1 1 0 1 1 1 1 1 1 2 1 1 1
query2171 2.41 83% 0 75440 0.00 1.00 13 11 HYBRID 184 16 0 1 1 1 1 20 156 1 1 1 1 0 1 1 1 1 2 6 1 1 1 1
query3854 2.31 72% 0 72168 1.00 1.00 2 1 STAR 12 12 0 1 1 1 1 2 2 1 1 1 1 0 1 1 1 1 2 2 1 1 1 1
query9516 2.44 68% 0 71716 1.00 1.00 2 1 STAR 12 12 0 1 1 1 1 2 2 1 1 1 1 0 1 1 1 1 2 2 1 1 1 1
query507 2.75 70% 0 73548 1.00 1.00 4 3 STAR 15 15 0 1 2 2 4 1 1 1 1 1 1 0 1 2 2 4 1 1 1 1 1 1
query9769 2.69 72% 0 73196 .06 1.00 4 3 HYBRID 58 15 0 1 31 10 1 1 1 1 10 1 1 0 1 4 2 1 1 1 1 2 1 1
query4487 4.02 91% 0 102460 1.00 1.00 4 2 STAR 1717 16 0 1 453 403 402 1 453 1 1 1 1 0 1 2 3 3 1 2 1 1 1 1
query1029 1.93 85% 0 71516 1.00 1.00 3 1 STAR 16 13 0 1 1 1 3 1 1 1 3 3 1 0 1 1 1 2 1 1 1 2 2 1
query5229 2.34 78% 0 73336 0.00 1.00 5 4 HYBRID 38 16 0 1 1 1 1 1 1 1 29 1 1 0 2 1 1 1 1 1 1 6 1 1
query10760 2.49 82% 0 75916 1.00 1.00 7 6 HYBRID 68 23 0 2 1 1 15 1 44 1 1 1 1 0 3 1 1 3 1 10 1 1 1 1
query11697 2.65 78% 0 75012 1.00 1.00 6 3 STAR 124 20 0 1 21 1 1 1 5 54 38 1 1 0 1 5 1 1 1 3 4 2 1 1
query778 2.39 71% 0 71036 1.00 1.00 2 1 STAR 12 12 0 1 1 1 1 1 1 1 1 2 2 0 1 1 1 1 1 1 1 1 2 2
query12025 2.54 69% 0 71468 1.00 1.00 2 1 STAR 12 12 0 1 2 1 1 1 2 1 1 1 1 0 1 2 1 1 1 2 1 1 1 1
query7984 2.36 71% 0 70564 1.00 1.00 2 2 STAR 42 11 0 1 1 1 1 1 1 33 1 1 1 0 1 1 1 1 1 1 2 1 1 1
query3954 2.76 73% 0 73920 1.00 1.00 4 3 HYBRID 48 17 0 2 1 1 1 1 1 8 31 1 1 0 3 1 1 1 1 1 3 4 1 1
query8229 3.71 103% 0 94980 1.00 1.00 4 2 STAR 1717 16 0 1 453 403 402 1 453 1 1 1 1 0 1 2 3 3 1 2 1 1 1 1
query7880 2.72 67% 0 71216 1.00 1.00 2 1 STAR 12 12 0 1 1 1 1 1 1 2 2 1 1 0 1 1 1 1 1 1 2 2 1 1
query726 2.53 69% 0 70984 1.00 1.00 2 1 STAR 16 12 0 1 1 1 1 1 1 4 4 1 1 0 1 1 1 1 1 1 2 2 1 1
query11024 2.31 72% 0 71836 1.00 1.00 2 1 STAR 12 12 0 1 1 1 1 1 2 1 1 2 1 0 1 1 1 1 1 2 1 1 2 1
query11040 1.81 88% 0 70900 1.00 1.00 2 1 STAR 12 12 0 1 1 1 1 1 2 1 1 2 1 0 1 1 1 1 1 2 1 1 2 1
query11131 2.76 82% 0 74260 1.00 1.00 4 2 STAR 326 16 0 1 1 1 1 1 167 1 7 139 7 0 1 1 1 1 1 3 1 2 3 2
query7442 2.56 69% 0 71716 1.00 1.00 2 1 STAR 12 12 0 1 1 1 2 2 1 1 1 1 1 0 1 1 1 2 2 1 1 1 1 1
query3541 2.96 94% 0 83584 .01 1.00 9 6 HYBRID 510 23 0 1 1 1 32 1 6 1 414 52 1 0 1 1 1 3 1 2 1 10 2 1
query5205 2.50 74% 0 73540 0.00 1.00 5 4 HYBRID 83 16 0 1 1 1 1 1 1 1 74 1 1 0 2 1 1 1 1 1 1 6 1 1
query5387 2.54 68% 0 71156 1.00 1.00 2 1 STAR 14 12 0 1 3 1 1 1 1 1 3 1 1 0 1 2 1 1 1 1 1 2 1 1
query7207 3.20 90% 0 92892 1.00 1.00 13 10 HYBRID 341 35 0 1 104 1 1 1 121 1 109 1 1 0 1 7 1 1 1 11 1 10 1 1
query6948 2.57 73% 0 73340 1.00 1.00 4 2 STAR 84 15 0 1 49 2 1 1 2 25 1 1 1 0 1 3 2 1 1 2 2 1 1 1
query3143 3.06 108% 0 88856 1.00 1.00 6 3 HYBRID 713 20 0 15 1 1 1 217 217 123 122 15 1 0 3 1 1 1 2 2 3 3 3 1
query4217 2.76 78% 0 74640 0.00 1.00 10 2 STAR 16 24 0 1 1 1 1 1 2 1 6 1 1 0 3 2 1 2 2 4 1 2 4 3
query10858 2.70 72% 0 73816 1.00 1.00 4 2 STAR 43 16 0 1 1 1 1 10 9 9 9 1 1 0 1 1 1 1 3 3 2 2 1 1
query694 2.91 74% 0 71512 1.00 1.00 2 1 STAR 14 12 0 1 1 1 1 1 1 3 3 1 1 0 1 1 1 1 1 1 2 2 1 1
query536 2.57 71% 0 74772 0.00 1.00 6 5 STAR 75 17 0 1 25 1 1 2 1 1 21 21 1 0 1 5 1 1 2 1 1 2 2 1
query5517 2.67 67% 0 72160 1.00 1.00 2 1 STAR 12 12 0 2 1 1 1 2 1 1 1 1 1 0 2 1 1 1 2 1 1 1 1 1
query8274 2.93 76% 0 73084 1.00 1.00 3 2 STAR 84 14 0 1 1 47 1 1 29 1 1 1 1 0 1 1 4 1 1 2 1 1 1 1
query10687 2.12 92% 0 77944 1.00 1.00 11 9 HYBRID 75 28 0 3 1 1 1 3 1 11 52 1 1 0 3 1 1 1 3 1 2 14 1 1
query3426 3.22 80% 0 79104 1.00 1.00 7 6 HYBRID 302 23 0 15 1 1 123 1 157 1 1 1 1 0 3 1 1 5 1 8 1 1 1 1
