query8124 HYBRID 17 -15.966386554621835 2.38 1 1 1 1 1 2 1 2 6 1 0 vs 2.76 2 1 1 1 1 1 1 2 6 1 0
query14947 HYBRID 31 24.060150375939855 2.66 1 1 1 1 1 6 1 9 9 1 0 vs 2.02 3 1 1 1 1 4 1 9 9 1 0
query5866 STAR 78 3.921568627450995 3.06 1 1 1 63 1 1 1 7 1 1 0 vs 2.94 1 4 1 63 1 1 1 4 1 1 0
query5201 STAR 19555 -8.542413381123069 16.74 1 1 1 18605 942 1 1 1 1 1 0 vs 18.17 482 1 1 18605 461 1 1 1 1 1 0
query9478 PATH 99 11.262798634812285 2.93 1 1 1 1 1 27 1 1 1 64 0 vs 2.60 14 1 1 1 1 14 1 1 1 64 0
query14001 HYBRID 3876 10.3388357949609 11.51 1062 1 1 498 1 1 1 279 2031 1 0 vs 10.32 1062 1 1 498 1 1 1001 279 1031 1 0
query4362 HYBRID 36 -3.246753246753258 3.08 1 1 1 1 1 3 3 18 6 1 0 vs 3.18 2 1 1 1 1 2 3 18 6 1 0
query1535 STAR 12 -13.306451612903231 2.48 1 1 1 1 1 2 1 1 2 1 0 vs 2.81 2 1 1 1 1 1 1 1 2 1 0
query859 STAR 52 6.737588652482259 2.82 1 1 1 30 1 1 1 1 1 14 0 vs 2.63 1 1 1 30 1 1 7 1 1 8 0
query5241 STAR 13384 -10.078740157480311 12.70 1 1 1 12746 630 1 1 1 1 1 0 vs 13.98 302 1 1 12746 329 1 1 1 1 1 0
query2972 HYBRID 22102 -0.589521726728151 105.17 1 4099 1 1 1 1 1 1 12812 5184 0 vs 105.79 1 4099 1 1 2626 1 1 1 12812 2559 0
query13371 HYBRID 42280 -12.599318955732116 17.62 1 1 21136 21136 1 1 1 1 1 1 0 vs 19.84 10568 1 10569 21136 1 1 1 1 1 1 0
query785 STAR 52 -6.614785992217918 2.57 1 1 1 30 1 1 1 1 1 14 0 vs 2.74 1 1 1 30 1 1 7 1 1 8 0
query2983 HYBRID 22102 1.2504772814051108 104.76 1 4099 1 1 1 1 1 1 12812 5184 0 vs 103.45 1 4099 1 1 2624 1 1 1 12812 2561 0
query14489 STAR 12 25.10288065843622 2.43 1 1 1 1 2 1 1 1 1 2 0 vs 1.82 1 1 1 1 2 1 2 1 1 1 0
query796 STAR 65 -35.148514851485146 2.02 1 1 1 32 1 1 1 1 1 25 0 vs 2.73 1 1 1 32 1 1 16 1 1 10 0
query15041 HYBRID 15 8.982035928143702 3.34 1 1 1 2 1 1 1 1 5 1 0 vs 3.04 1 1 1 2 1 1 5 1 1 1 0
