query2 127.39 23% 0 364920 1.00 1.00 16 3 HYBRID 74038 7295 18600 6189 73 16180 2061 1 6186 1 22290 2457 0 1728 422 420 1728 421 4 420 4 1727 421 0
query3 56.04 30% 0 336892 1.00 1.00 17 3 HYBRID 11361 3352 277 2050 1014 1568 277 529 1914 1 1914 1817 0 713 123 124 713 712 5 123 4 122 713 0
query4 711.65 17% 0 466036 1.00 1.00 23 5 HYBRID 3342783 31054 12520 38477 124 4 13334 37543 1063261 3 1100806 1076711 0 174 2712 7 174 205 2514 7518 7 10026 7717 0
query9 343.84 30% 0 367816 1.00 1.00 28 6 HYBRID 328928 30479 7966 12961 16260 7620 86160 6898 95868 6022 89172 1 0 3259 3473 1047 3430 3311 3140 3645 3259 3311 2604 0
query11 11.21 85% 0 284440 1.00 1.00 13 2 STAR 10506 980 1 2050 1014 1541 1 529 1914 1 1914 1541 0 121 122 122 122 121 4 122 3 121 122 0
query13 33.24 64% 0 325912 1.00 1.00 13 2 STAR 25729 3371 2496 6190 73 76 2061 1 6187 1 6187 2457 0 421 421 420 421 421 3 420 3 420 421 0
query17 174.85 22% 0 347840 1.00 1.00 27 5 STAR 61930 13111 9895 4335 2500 6274 136 8317 9963 5629 4335 10546 0 1173 268 1701 1611 1611 2164 1702 1439 268 1174 0
query22 18.70 50% 0 272604 1.00 1.00 8 2 PATH 10207 958 1 901 2404 2404 1045 1 145 1 2404 901 0 3 4 188 188 189 3 188 3 188 4 0
query23 7.99 55% 0 129644 1.00 1.00 15 2 STAR 1110 225 7 124 124 232 14 232 1 231 14 131 0 4 4 4 35 35 35 3 35 35 35 0
query26 312.16 17% 0 354060 1.00 1.00 26 5 HYBRID 73266 21228 13279 2 8077 1647 5724 3 5917 8984 9524 20109 0 2965 7 1809 4585 297 7 3720 870 2674 4294 0
query27 240.85 23% 0 366208 1.00 1.00 22 4 HYBRID 444253 17883 2496 14982 8866 130792 2061 139510 6186 130717 6186 2457 0 422 1729 1728 2185 2185 3075 422 1768 2184 2185 0
query30 93.21 23% 0 345072 1.00 1.00 19 4 STAR 32280 4686 4322 4467 1272 1272 2128 5020 2340 2827 3039 5593 0 581 877 150 150 877 436 150 733 151 581 0
query34 6.17 33% 0 81348 1.00 1.00 12 2 STAR 196 69 50 5 1 41 3 3 22 18 41 12 0 14 4 3 14 4 4 4 4 14 4 0
query35 8.90 51% 0 134216 1.00 1.00 12 3 STAR 1237 244 112 287 28 1 226 103 226 62 62 130 0 46 30 29 4 29 21 29 5 5 46 0
query37 22.21 48% 0 309272 1.00 1.00 27 5 HYBRID 23190 1405 827 250 124 7470 133 6653 1 6778 827 127 0 68 25 7 235 193 206 6 224 235 206 0
query41 122.70 23% 0 357996 1.00 1.00 16 3 STAR 38374 7302 2496 6190 4288 4291 2061 4216 6187 1 6187 2457 0 422 422 1728 1729 422 1311 421 4 421 422 0
query43 100.06 22% 0 354116 1.00 1.00 14 3 PATH 63849 4222 30 1511 607 14970 2 14364 6299 1 6299 19766 0 5 5 5 966 5 966 435 4 435 1396 0
query45 14.48 47% 0 221476 1.00 1.00 15 3 HYBRID 2892 629 101 437 14 532 368 529 301 1 1 608 0 141 23 23 124 141 5 22 4 4 142 0
query46 937.65 14% 0 390484 1.00 1.00 24 7 HYBRID 233173 42977 13003 1 37207 17308 1 17308 10207 3403 60415 74320 0 1260 8 2713 9665 774 8899 693 774 4650 13541 0
query47 827.86 34% 0 459716 1.00 1.00 18 3 HYBRID 718960 93546 71436 171427 2041 2131 59115 1 171337 1 171337 70134 0 11849 11849 11431 11849 11849 4 11431 4 11431 11849 0
query50 1800.01 0% 0 1432 0.00 1.00 37 7 HYBRID 1543902 63966 11272 38070 1 1156 453563 487 50760 5470 510793 472330 0 7875 7111 2486 7873 7874 4633 7938 771 8703 8702 0
query53 16.77 45% 0 218840 1.00 1.00 12 4 STAR 3352 633 216 900 1 1 801 216 1 900 100 216 0 28 176 5 5 51 28 5 176 130 29 0
query54 855.97 15% 0 375876 1.00 1.00 20 6 HYBRID 428506 36561 32488 82135 82936 23293 27427 49870 82183 1 38176 9997 0 2186 5487 5488 1512 4511 6014 5488 7 5186 682 0
query55 22.36 43% 0 264864 1.00 1.00 18 4 HYBRID 9834 864 2003 1271 124 2333 821 4 334 3 2003 938 0 76 204 6 243 37 6 172 6 77 37 0
query56 54.87 54% 0 335732 1.00 1.00 15 3 STAR 63865 5503 1468 2746 2701 946 17182 1423 19882 298 17182 37 0 550 734 189 550 549 550 734 549 549 549 0
query57 35.17 38% 0 308260 1.00 1.00 17 3 HYBRID 7209 1404 30 1511 607 847 33 272 1511 241 1542 615 0 5 5 5 16 446 445 5 15 446 16 0
query60 27.15 40% 0 299604 1.00 1.00 13 3 HYBRID 5697 1277 429 184 2 1286 181 1466 1714 429 4 2 0 5 355 5 93 266 356 94 5 93 5 0
query61 12.67 52% 0 215348 1.00 1.00 20 3 STAR 2024 618 31 540 202 82 40 34 417 3 453 222 0 36 36 36 36 143 112 35 5 143 36 0
query63 33.30 36% 0 308460 1.00 1.00 11 2 STAR 7092 1328 30 1511 839 839 2 233 1511 1 1511 615 0 4 4 434 434 4 433 4 3 4 4 0
query64 1800.00 0% 0 1428 0.00 1.00 35 7 HYBRID 694415 103283 231122 525 1 1197 230450 1 1 1 667 230450 0 26517 11852 8 26519 11852 8 8 8 14659 11852 0
query68 18.31 36% 0 222144 1.00 1.00 11 3 HYBRID 2841 621 1 477 2 559 341 559 1 341 1 559 0 4 124 5 78 123 78 4 123 4 78 0
query71 122.36 24% 0 351216 1.00 1.00 16 3 HYBRID 74041 7302 18600 6190 73 16180 2061 1 6187 1 22291 2457 0 1729 422 421 1729 422 4 421 4 1728 422 0
query73 15.23 39% 0 185876 1.00 1.00 11 3 STAR 3888 459 429 865 2 1 217 649 429 645 649 2 0 5 142 5 4 94 52 5 95 52 5 0
query75 408.02 15% 0 358676 1.00 1.00 29 5 HYBRID 96499 28199 12962 8 11267 2273 18651 14 15156 1 16990 19177 0 3758 297 2599 6018 1162 297 6018 6 2891 5153 0
query78 37.58 30% 0 308380 1.00 1.00 14 3 STAR 8214 1467 444 1703 607 607 194 607 1511 1 1511 1029 0 48 435 5 5 435 477 5 4 5 48 0
query84 6.42 44% 0 98780 1.00 1.00 16 3 STAR 370 134 31 90 2 1 31 2 90 2 90 31 0 16 16 15 16 16 5 14 5 15 16 0
query85 22.44 39% 0 276176 1.00 1.00 13 3 STAR 7200 948 1665 172 2 676 1 1912 429 429 1 1913 0 156 94 95 94 4 245 5 5 4 246 0
query87 44.92 40% 0 328248 1.00 1.00 30 4 HYBRID 19846 3860 4408 1505 1451 427 196 58 4591 829 4201 2180 0 597 344 37 344 344 344 565 344 597 344 0
query88 38.90 34% 0 333548 1.00 1.00 11 3 STAR 24595 1538 13 5765 2356 8120 97 13 109 1 2356 5765 0 5 492 10 498 10 5 11 4 11 492 0
query93 13.66 65% 0 319028 1.00 1.00 18 3 HYBRID 93441 642 699 30390 502 4 30273 4 30662 3 402 502 0 119 88 89 5 88 5 119 5 36 88 0
query94 34.67 51% 0 331948 1.00 1.00 13 2 STAR 25726 3368 2496 6189 73 76 2061 1 6186 1 6186 2457 0 421 421 419 421 421 3 419 3 419 421 0
query95 1800.03 0% 0 1432 .97 1.00 18 4 HYBRID 672943 85358 179632 44782 1 304 179632 1 44479 44479 1 179632 0 1664 27333 5 1666 1666 5 25673 25677 5 1664 0
query97 10.54 48% 0 147284 1.00 1.00 9 3 STAR 3058 275 674 344 1 674 1 251 94 94 924 1 0 26 60 4 27 4 5 59 59 27 4 0
query98 163.79 27% 0 344452 1.00 1.00 17 4 HYBRID 112023 15223 10576 27893 1 8099 3600 8099 24294 1 24294 5166 0 2172 1813 1628 2172 1813 549 1628 5 1629 1814 0
