query2 6.91 49% 0 103740 1.00 1.00 4 3 HYBRID 2330 55 1 1 1 1 831 1 1 1 593 899 0 1 1 1 1 22 1 1 1 2 24 0
query3 5.41 29% 0 73872 1.00 1.00 4 3 HYBRID 53 17 1 6 1 1 1 1 12 1 8 21 0 1 3 1 1 1 1 3 1 3 2 0
query4 35.72 30% 0 338496 1.00 1.00 6 5 HYBRID 24570 834 1 1 1 1 1 6140 1 1 6142 12281 0 1 1 1 1 1 413 1 1 412 2 0
query9 4.78 74% 0 114520 1.00 1.00 8 6 HYBRID 1362 87 170 169 1 1 1 1 173 172 673 1 0 25 14 1 1 1 1 15 26 2 1 0
query11 3.79 90% 0 102868 1.00 1.00 3 2 STAR 1125 51 1 191 1 1 1 1 200 1 199 529 0 1 14 1 1 1 1 15 1 14 2 0
query13 6.10 75% 0 138552 1.00 1.00 3 2 STAR 4130 153 1 686 1 1 1 1 695 1 682 2061 0 1 48 1 1 1 1 49 1 48 2 0
query17 5.82 32% 0 76108 1.00 1.00 6 5 STAR 167 22 1 1 1 1 1 27 95 1 1 38 0 1 1 1 1 1 7 2 1 1 6 0
query22 7.52 48% 0 112644 1.00 1.00 3 2 PATH 1711 76 1 1 286 262 1 1 1 1 256 901 0 1 1 22 22 1 1 1 1 24 2 0
query23 5.89 31% 0 76860 1.00 1.00 3 2 STAR 206 24 1 1 1 4 1 34 1 38 1 124 0 1 1 1 5 1 5 1 6 1 2 0
query26 5.62 28% 0 73768 1.00 1.00 6 5 HYBRID 50 17 1 1 1 1 1 1 21 1 1 21 0 1 1 1 1 1 1 7 1 1 2 0
query27 17.08 44% 0 195004 1.00 1.00 6 4 HYBRID 9947 374 1599 1 1 1 1515 668 2317 1 2320 1524 0 18 1 1 1 17 2 157 1 159 17 0
query30 8.10 43% 0 106488 1.00 1.00 6 4 STAR 1036 82 48 1 1 1 74 1 1 75 780 54 0 7 1 1 1 29 1 1 30 2 9 0
query34 5.76 29% 0 74412 1.00 1.00 6 2 STAR 91 22 1 1 1 1 1 1 22 18 33 12 0 1 1 1 1 1 1 2 2 10 2 0
query35 5.44 30% 0 74640 1.00 1.00 4 3 STAR 73 18 13 39 1 1 1 8 1 1 1 7 0 3 2 1 1 1 4 1 1 1 3 0
query37 6.26 31% 0 78372 1.00 1.00 7 5 HYBRID 193 28 28 1 21 1 1 1 1 75 49 15 0 5 1 5 1 1 1 1 2 4 7 0
query41 11.76 47% 0 179996 1.00 1.00 5 3 STAR 4578 295 1 687 145 156 1 150 694 1 682 2061 0 1 49 48 48 1 49 48 1 48 2 0
query43 9.53 49% 0 126724 1.00 1.00 4 3 PATH 3010 116 1 744 1 1 1 1 1 1 758 1501 0 1 53 1 1 1 1 1 1 54 2 0
query45 5.68 28% 0 73200 1.00 1.00 4 3 HYBRID 57 17 1 23 1 1 1 1 6 1 1 21 0 1 4 1 1 1 1 4 1 1 2 0
query46 5.53 32% 0 75036 1.00 1.00 8 7 HYBRID 71 19 1 1 1 1 1 1 1 7 9 48 0 1 1 1 1 1 1 1 5 5 2 0
query47 34.70 42% 0 338788 1.00 1.00 4 3 HYBRID 38010 1282 1 6334 1 1 1 1 6335 1 6334 19001 0 1 424 1 1 1 1 425 1 425 2 0
query50 16.06 35% 0 173492 1.00 1.00 8 7 HYBRID 4076 222 1 1 332 299 1 348 1 1 3091 1 0 1 1 72 71 1 71 1 1 2 1 0
query53 2.59 58% 0 72604 1.00 1.00 5 4 STAR 29 16 4 1 1 1 1 4 1 12 1 3 0 2 1 1 1 1 3 1 2 1 3 0
query54 4.82 72% 0 103100 1.00 1.00 8 6 HYBRID 982 63 1 157 1 1 1 325 169 1 325 1 0 1 13 1 1 1 27 15 1 2 1 0
query55 2.93 60% 0 74244 1.00 1.00 5 4 HYBRID 121 18 33 38 1 1 1 1 1 1 43 1 0 5 2 1 1 1 1 1 1 4 1 0
query56 6.40 81% 0 137408 1.00 1.00 4 3 STAR 3828 143 634 1 1 641 1 637 1910 1 1 1 0 44 1 1 46 1 45 2 1 1 1 0
query57 2.64 56% 0 72880 1.00 1.00 4 3 HYBRID 46 15 1 1 1 5 1 1 1 23 11 1 0 1 1 1 2 1 1 1 4 2 1 0
query60 3.36 75% 0 89376 1.00 1.00 4 3 HYBRID 458 44 1 7 1 1 9 7 429 1 1 1 0 1 12 1 1 12 12 2 1 1 1 0
query61 2.63 55% 0 72124 1.00 1.00 4 3 STAR 23 15 1 1 3 1 1 1 1 1 11 2 0 1 1 2 1 1 1 1 1 2 4 0
query63 5.38 74% 0 119356 1.00 1.00 3 2 STAR 1593 116 1 1 33 22 1 21 1 1 1511 1 0 1 1 36 36 1 36 1 1 2 1 0
query64 6.14 30% 0 88048 1.00 1.00 8 7 HYBRID 77 71 57 1 1 1 1 3 9 2 1 1 0 2 1 1 1 1 3 57 3 1 1 0
query68 5.60 28% 0 73708 1.00 1.00 4 3 HYBRID 27 17 1 1 1 1 2 1 1 3 1 15 0 1 2 1 1 3 1 1 4 1 2 0
query71 7.53 47% 0 110556 1.00 1.00 4 3 HYBRID 2330 55 1 1 1 1 833 1 1 1 593 897 0 1 1 1 1 23 1 1 1 2 23 0
query73 5.45 32% 0 74632 1.00 1.00 4 3 STAR 154 20 1 1 1 1 1 37 1 73 37 1 0 1 1 1 1 1 6 1 2 5 1 0
query75 5.55 29% 0 73192 1.00 1.00 6 5 HYBRID 64 17 8 1 1 1 1 1 21 1 1 28 0 4 1 1 1 1 1 4 1 1 2 0
query78 5.74 29% 0 73360 1.00 1.00 4 3 STAR 69 18 1 1 1 1 1 30 9 1 23 1 0 1 1 1 1 1 2 5 1 4 1 0
query84 5.33 29% 0 74240 1.00 1.00 5 3 STAR 31 16 11 5 1 1 1 1 4 2 4 1 0 2 3 1 1 1 1 2 2 2 1 0
query85 6.60 36% 0 88972 1.00 1.00 4 3 STAR 449 37 1 1 1 1 1 1 67 60 1 315 0 1 1 1 1 1 1 14 14 1 2 0
query87 9.71 57% 0 142940 1.00 1.00 12 4 HYBRID 1191 259 23 1 1 26 2 1 165 77 423 472 0 21 11 1 22 21 23 42 34 51 33 0
query88 3.43 84% 0 105024 1.00 1.00 4 3 STAR 1280 58 214 1 1 636 1 214 210 1 1 1 0 16 1 1 2 1 16 18 1 1 1 0
query93 9.05 48% 0 122744 1.00 1.00 4 3 HYBRID 4455 100 1 1 1592 1 1 1 1263 1 1 1593 0 1 1 45 1 1 1 2 1 1 46 0
query94 9.39 53% 0 140728 1.00 1.00 3 2 STAR 4130 153 1 686 1 1 1 1 694 1 683 2061 0 1 48 1 1 1 1 48 1 49 2 0
query95 35.85 32% 0 328460 1.00 1.00 5 4 HYBRID 21216 1282 1 677 1 1 1 1 759 773 1 19001 0 1 424 1 1 1 1 425 425 1 2 0
query97 7.19 45% 0 99276 1.00 1.00 4 3 STAR 677 55 1 1 1 1 1 1 37 40 593 1 0 1 1 1 1 1 1 23 23 2 1 0
query98 7.46 46% 0 109368 1.00 1.00 5 4 HYBRID 1810 76 304 901 1 304 1 295 1 1 1 1 0 22 2 1 22 1 24 1 1 1 1 0
