query2 8.76 42% 0 106576 1.00 1.00 3 3 HYBRID 2330 55 1 1 1 1 1 1 1 1 593 1729 0 1 1 1 1 1 1 1 1 2 45 0
query3 5.12 31% 0 74140 1.00 1.00 3 3 HYBRID 52 17 1 1 1 1 1 1 1 1 23 21 0 1 1 1 1 1 1 1 1 7 2 0
query4 62.66 17% 0 341028 1.00 1.00 5 5 HYBRID 24570 834 1 1 1 1 1 1 1 1 12281 12281 0 1 1 1 1 1 1 1 1 824 2 0
query9 7.14 49% 0 107596 1.00 1.00 6 6 HYBRID 1362 87 1 1 1 1 1 1 341 341 673 1 0 1 1 1 1 1 1 28 50 2 1 0
query11 5.51 57% 0 94888 1.00 1.00 2 2 STAR 1124 51 1 1 1 1 1 1 1 1 587 529 0 1 1 1 1 1 1 1 1 41 2 0
query13 13.33 35% 0 137932 1.00 1.00 2 2 STAR 4130 153 1 1 1 1 1 1 1 1 2061 2061 0 1 1 1 1 1 1 1 1 143 2 0
query17 6.18 30% 0 75548 1.00 1.00 5 5 STAR 167 22 1 1 1 1 1 1 95 1 1 64 0 1 1 1 1 1 1 2 1 1 12 0
query22 10.33 34% 0 111676 1.00 1.00 2 2 PATH 1711 76 1 1 1 1 1 1 1 1 802 901 0 1 1 1 1 1 1 1 1 66 2 0
query23 5.91 30% 0 76252 1.00 1.00 2 2 STAR 206 24 1 1 1 1 1 1 1 74 1 124 0 1 1 1 1 1 1 1 14 1 2 0
query26 5.38 31% 0 74260 1.00 1.00 5 5 HYBRID 49 17 1 1 1 1 1 1 20 1 1 21 0 1 1 1 1 1 1 7 1 1 2 0
query27 29.07 24% 0 224892 1.00 1.00 4 4 HYBRID 9946 374 1 1 1 1 1 668 1 1 4635 4636 0 1 1 1 1 1 2 1 1 315 50 0
query30 10.00 37% 0 113344 1.00 1.00 4 4 STAR 1035 82 1 1 1 1 1 1 1 148 780 100 0 1 1 1 1 1 1 1 58 2 15 0
query34 5.60 31% 0 74576 1.00 1.00 5 2 STAR 87 22 1 1 1 1 1 1 22 18 29 12 0 1 1 1 1 1 1 2 2 10 2 0
query35 5.86 28% 0 74168 1.00 1.00 3 3 STAR 72 18 1 39 1 1 1 1 1 1 1 25 0 1 2 1 1 1 1 1 1 1 8 0
query37 6.13 31% 0 78144 1.00 1.00 5 5 HYBRID 191 28 1 1 1 1 1 1 1 75 74 35 0 1 1 1 1 1 1 1 2 8 11 0
query41 24.50 22% 0 174736 1.00 1.00 3 3 STAR 4578 295 1 1 1 1 1 449 1 1 2061 2061 0 1 1 1 1 1 143 1 1 143 2 0
query43 13.60 34% 0 130672 1.00 1.00 3 3 PATH 3010 116 1 1 1 1 1 1 1 1 1501 1501 0 1 1 1 1 1 1 1 1 106 2 0
query45 5.95 28% 0 74392 1.00 1.00 3 3 HYBRID 57 17 1 1 1 1 1 1 28 1 1 21 0 1 1 1 1 1 1 7 1 1 2 0
query46 5.79 30% 0 75140 1.00 1.00 7 7 HYBRID 71 19 1 1 1 1 1 1 1 1 15 48 0 1 1 1 1 1 1 1 1 9 2 0
query47 95.36 15% 0 340076 1.00 1.00 3 3 HYBRID 38010 1282 1 1 1 1 1 1 1 1 19001 19001 0 1 1 1 1 1 1 1 1 1272 2 0
query50 33.07 17% 0 173924 1.00 1.00 7 7 HYBRID 4076 222 1 1 1 1 1 977 1 1 3091 1 0 1 1 1 1 1 212 1 1 2 1 0
query53 2.95 55% 0 73364 1.00 1.00 4 4 STAR 28 16 1 1 1 1 1 1 1 12 1 8 0 1 1 1 1 1 1 1 2 1 6 0
query54 5.07 66% 0 100436 1.00 1.00 6 6 HYBRID 982 63 1 1 1 1 1 325 325 1 325 1 0 1 1 1 1 1 27 27 1 2 1 0
query55 3.12 57% 0 74668 1.00 1.00 4 4 HYBRID 119 18 1 38 1 1 1 1 1 1 73 1 0 1 2 1 1 1 1 1 1 8 1 0
query56 12.83 41% 0 136304 1.00 1.00 3 3 STAR 3828 143 1 1 1 1 1 1910 1910 1 1 1 0 1 1 1 1 1 133 2 1 1 1 0
query57 2.79 53% 0 72524 1.00 1.00 3 3 HYBRID 46 15 1 1 1 1 1 1 1 27 11 1 0 1 1 1 1 1 1 1 5 2 1 0
query60 4.87 51% 0 88696 1.00 1.00 3 3 HYBRID 458 44 1 1 1 1 1 21 429 1 1 1 0 1 1 1 1 1 34 2 1 1 1 0
query61 2.85 56% 0 73452 1.00 1.00 3 3 STAR 23 15 1 1 1 1 1 1 1 1 11 4 0 1 1 1 1 1 1 1 1 2 5 0
query63 10.01 37% 0 117876 1.00 1.00 2 2 STAR 1593 116 1 1 1 1 1 74 1 1 1511 1 0 1 1 1 1 1 106 1 1 2 1 0
query64 6.03 32% 0 87472 1.00 1.00 7 7 HYBRID 77 71 57 1 1 1 1 1 9 4 1 1 0 2 1 1 1 1 1 57 5 1 1 0
query68 5.24 30% 0 73504 1.00 1.00 3 3 HYBRID 27 17 1 1 1 1 1 1 1 4 1 15 0 1 1 1 1 1 1 1 7 1 2 0
query71 8.76 39% 0 108696 1.00 1.00 3 3 HYBRID 2328 55 1 1 1 1 1 1 1 1 593 1727 0 1 1 1 1 1 1 1 1 2 45 0
query73 5.86 30% 0 74416 1.00 1.00 3 3 STAR 154 20 1 1 1 1 1 1 1 73 73 1 0 1 1 1 1 1 1 1 2 10 1 0
query75 6.20 27% 0 73788 1.00 1.00 5 5 HYBRID 63 17 1 1 1 1 1 1 27 1 1 28 0 1 1 1 1 1 1 7 1 1 2 0
query78 5.97 28% 0 73652 1.00 1.00 3 3 STAR 67 18 1 1 1 1 1 30 1 1 29 1 0 1 1 1 1 1 2 1 1 8 1 0
query84 5.89 27% 0 73172 1.00 1.00 3 3 STAR 30 16 1 1 1 1 1 1 1 2 10 11 0 1 1 1 1 1 1 1 2 5 2 0
query85 7.15 34% 0 89820 1.00 1.00 3 3 STAR 449 37 1 1 1 1 1 1 1 126 1 315 0 1 1 1 1 1 1 1 27 1 2 0
query87 8.82 53% 0 137864 1.00 1.00 7 4 HYBRID 1028 161 1 1 1 1 1 1 96 90 350 486 0 1 1 1 1 1 1 32 32 57 34 0
query88 9.15 35% 0 102016 1.00 1.00 3 3 STAR 1280 58 1 1 1 636 1 1 636 1 1 1 0 1 1 1 2 1 1 48 1 1 1 0
query93 12.13 35% 0 124312 1.00 1.00 3 3 HYBRID 4455 100 1 1 1 1 1 1 1263 1 1 3184 0 1 1 1 1 1 1 2 1 1 90 0
query94 16.13 32% 0 142424 1.00 1.00 2 2 STAR 4129 153 1 1 1 1 1 1 1 1 2060 2061 0 1 1 1 1 1 1 1 1 143 2 0
query95 92.13 12% 0 319484 1.00 1.00 4 4 HYBRID 21216 1282 1 1 1 1 1 1 1 2207 1 19001 0 1 1 1 1 1 1 1 1272 1 2 0
query97 8.62 37% 0 100008 1.00 1.00 3 3 STAR 677 55 1 1 1 1 1 1 1 76 593 1 0 1 1 1 1 1 1 1 45 2 1 0
query98 10.31 34% 0 107948 1.00 1.00 4 4 HYBRID 1810 76 1 901 1 1 1 901 1 1 1 1 0 1 2 1 1 1 66 1 1 1 1 0
