query6661 11.16 23% 0 75628 1.00 1.00 0 3 HYBRID 107 27 1 1 1 1 1 1 1 1 63 1 1 1 1 1 1 1 1 26 1 1 0 1 1 1 1 1 1 1 1 7 1 1 1 1 1 1 1 1 2 1 1 0
query4217 4.42 57% 0 80492 1.00 1.00 0 2 STAR 27 42 1 1 1 1 1 1 1 1 6 1 1 1 1 2 1 2 1 1 1 1 0 1 1 1 1 1 1 1 4 2 1 1 1 1 4 4 4 4 1 4 4 0
query8835 3.87 45% 0 76212 1.00 1.00 0 3 HYBRID 45 26 1 1 1 1 1 1 1 1 15 1 1 1 1 1 1 1 1 12 1 1 0 1 1 1 1 1 1 1 1 6 1 1 1 1 1 1 1 1 2 1 1 0
query8844 3.74 56% 0 75724 1.00 1.00 0 3 HYBRID 45 26 1 1 1 1 1 1 1 1 15 1 1 1 1 1 1 1 1 12 1 1 0 1 1 1 1 1 1 1 1 6 1 1 1 1 1 1 1 1 2 1 1 0
query8876 4.25 48% 0 75820 1.00 1.00 0 3 HYBRID 32 25 1 1 1 1 1 1 1 1 4 1 1 1 1 1 1 1 1 10 1 1 0 1 1 1 1 1 1 1 1 5 1 1 1 1 1 1 1 1 2 1 1 0
query8897 2.10 59% 0 75176 1.00 1.00 0 3 HYBRID 32 25 1 1 1 1 1 1 1 1 4 1 1 1 1 1 1 1 1 10 1 1 0 1 1 1 1 1 1 1 1 5 1 1 1 1 1 1 1 1 2 1 1 0
query7368 2.53 55% 0 75380 1.00 1.00 0 4 HYBRID 29 26 1 1 1 1 1 1 1 1 1 4 1 1 3 4 1 1 1 1 1 2 0 1 1 1 1 1 1 1 1 1 2 1 1 3 2 1 1 1 1 1 3 0
query7369 4.47 49% 0 76092 1.00 1.00 0 4 HYBRID 29 26 1 1 1 1 1 1 1 1 1 4 1 1 3 4 1 1 1 1 1 2 0 1 1 1 1 1 1 1 1 1 2 1 1 3 2 1 1 1 1 1 3 0
query7375 2.20 57% 0 75908 1.00 1.00 0 4 HYBRID 29 26 1 1 1 1 1 1 1 1 1 4 1 1 3 4 1 1 1 1 1 2 0 1 1 1 1 1 1 1 1 1 2 1 1 3 2 1 1 1 1 1 3 0
query8920 3.21 57% 0 75288 1.00 1.00 0 3 HYBRID 32 25 1 1 1 1 1 1 1 1 4 1 1 1 1 1 1 1 1 10 1 1 0 1 1 1 1 1 1 1 1 5 1 1 1 1 1 1 1 1 2 1 1 0
query2892 4.62 52% 0 75356 1.00 1.00 0 2 STAR 25 23 1 1 1 1 1 1 1 1 1 4 1 1 3 1 1 1 1 1 1 1 0 1 1 1 1 1 1 1 1 1 2 1 1 3 1 1 1 1 1 1 1 0
query2893 3.52 41% 0 74972 1.00 1.00 0 2 STAR 27 23 1 1 1 1 1 1 1 1 1 5 1 1 4 1 1 1 1 1 1 1 0 1 1 1 1 1 1 1 1 1 2 1 1 3 1 1 1 1 1 1 1 0
query2897 4.90 57% 0 75172 1.00 1.00 0 2 STAR 27 23 1 1 1 1 1 1 1 1 1 5 1 1 4 1 1 1 1 1 1 1 0 1 1 1 1 1 1 1 1 1 2 1 1 3 1 1 1 1 1 1 1 0
query2898 3.49 40% 0 75212 1.00 1.00 0 2 STAR 27 23 1 1 1 1 1 1 1 1 1 5 1 1 4 1 1 1 1 1 1 1 0 1 1 1 1 1 1 1 1 1 2 1 1 3 1 1 1 1 1 1 1 0
query2905 3.73 53% 0 75456 1.00 1.00 0 2 STAR 25 23 1 1 1 1 1 1 1 1 1 4 1 1 3 1 1 1 1 1 1 1 0 1 1 1 1 1 1 1 1 1 2 1 1 3 1 1 1 1 1 1 1 0
query2908 4.39 48% 0 75180 1.00 1.00 0 2 STAR 27 23 1 1 1 1 1 1 1 1 1 5 1 1 4 1 1 1 1 1 1 1 0 1 1 1 1 1 1 1 1 1 2 1 1 3 1 1 1 1 1 1 1 0
query2910 4.25 48% 0 75492 1.00 1.00 0 2 STAR 27 23 1 1 1 1 1 1 1 1 1 5 1 1 4 1 1 1 1 1 1 1 0 1 1 1 1 1 1 1 1 1 2 1 1 3 1 1 1 1 1 1 1 0
query353 15.24 86% 0 258636 1.00 1.00 0 14 HYBRID 1976 907 1 1 1 1 1 1 1 557 104 1 1 1 1 1 80 1 1 1 663 557 0 1 1 1 1 1 1 1 663 2 1 1 1 1 1 104 1 1 1 80 43 0
query2914 4.30 49% 0 74620 1.00 1.00 0 2 STAR 25 23 1 1 1 1 1 1 1 1 1 4 1 1 3 1 1 1 1 1 1 1 0 1 1 1 1 1 1 1 1 1 2 1 1 3 1 1 1 1 1 1 1 0
query2944 3.93 54% 0 75332 1.00 1.00 0 2 STAR 27 23 1 1 1 1 1 1 1 1 1 5 1 1 4 1 1 1 1 1 1 1 0 1 1 1 1 1 1 1 1 1 2 1 1 3 1 1 1 1 1 1 1 0
query2947 3.74 55% 0 74564 1.00 1.00 0 2 STAR 25 23 1 1 1 1 1 1 1 1 1 4 1 1 3 1 1 1 1 1 1 1 0 1 1 1 1 1 1 1 1 1 2 1 1 3 1 1 1 1 1 1 1 0
query2963 4.37 55% 0 75480 1.00 1.00 0 2 STAR 25 23 1 1 1 1 1 1 1 1 1 4 1 1 3 1 1 1 1 1 1 1 0 1 1 1 1 1 1 1 1 1 2 1 1 3 1 1 1 1 1 1 1 0
query9124 5.09 70% 0 87972 1.00 1.00 0 5 HYBRID 564 34 1 1 1 1 1 1 1 1 6 1 1 1 11 530 1 1 1 1 1 1 0 1 1 1 1 1 1 1 1 11 1 1 1 2 4 1 1 1 1 1 1 0
query9125 4.39 52% 0 76884 1.00 1.00 0 5 HYBRID 58 32 1 1 1 1 1 1 1 1 13 1 1 1 7 21 1 1 1 1 1 1 0 1 1 1 1 1 1 1 1 7 1 1 1 2 6 1 1 1 1 1 1 0
query9127 4.66 49% 0 78596 1.00 1.00 0 5 HYBRID 137 33 1 1 1 1 1 1 1 1 9 1 1 1 9 102 1 1 1 1 1 1 0 1 1 1 1 1 1 1 1 9 1 1 1 2 5 1 1 1 1 1 1 0
query9129 4.56 50% 0 76792 1.00 1.00 0 5 HYBRID 42 29 1 1 1 1 1 1 1 1 5 1 1 1 7 13 1 1 1 1 1 1 0 1 1 1 1 1 1 1 1 7 1 1 1 2 3 1 1 1 1 1 1 0
query9130 3.83 57% 0 78056 1.00 1.00 0 5 HYBRID 59 35 1 1 1 1 1 1 1 1 16 1 1 1 9 17 1 1 1 1 1 1 0 1 1 1 1 1 1 1 1 9 1 1 1 2 7 1 1 1 1 1 1 0
query9134 2.21 60% 0 78380 1.00 1.00 0 5 HYBRID 75 35 1 1 1 1 1 1 1 1 11 1 1 1 11 36 1 1 1 1 1 1 0 1 1 1 1 1 1 1 1 11 1 1 1 2 5 1 1 1 1 1 1 0
query9135 2.79 65% 0 85744 1.00 1.00 0 5 HYBRID 564 34 1 1 1 1 1 1 1 1 6 1 1 1 11 530 1 1 1 1 1 1 0 1 1 1 1 1 1 1 1 11 1 1 1 2 4 1 1 1 1 1 1 0
query9136 4.15 73% 0 88472 1.00 1.00 0 5 HYBRID 564 34 1 1 1 1 1 1 1 1 6 1 1 1 11 530 1 1 1 1 1 1 0 1 1 1 1 1 1 1 1 11 1 1 1 2 4 1 1 1 1 1 1 0
query9137 4.58 51% 0 77716 1.00 1.00 0 5 HYBRID 58 32 1 1 1 1 1 1 1 1 13 1 1 1 7 21 1 1 1 1 1 1 0 1 1 1 1 1 1 1 1 7 1 1 1 2 6 1 1 1 1 1 1 0
query9139 3.72 53% 0 75380 1.00 1.00 0 5 HYBRID 35 26 1 1 1 1 1 1 1 1 3 1 1 1 4 11 1 1 1 1 1 1 0 1 1 1 1 1 1 1 1 4 1 1 1 2 3 1 1 1 1 1 1 0
query9143 2.26 54% 0 75312 1.00 1.00 0 5 HYBRID 35 26 1 1 1 1 1 1 1 1 3 1 1 1 4 11 1 1 1 1 1 1 0 1 1 1 1 1 1 1 1 4 1 1 1 2 3 1 1 1 1 1 1 0
query9144 4.14 57% 0 77700 1.00 1.00 0 5 HYBRID 137 33 1 1 1 1 1 1 1 1 9 1 1 1 9 102 1 1 1 1 1 1 0 1 1 1 1 1 1 1 1 9 1 1 1 2 5 1 1 1 1 1 1 0
query9149 4.24 52% 0 78104 1.00 1.00 0 5 HYBRID 59 35 1 1 1 1 1 1 1 1 16 1 1 1 9 17 1 1 1 1 1 1 0 1 1 1 1 1 1 1 1 9 1 1 1 2 7 1 1 1 1 1 1 0
query9150 4.85 56% 0 78396 1.00 1.00 0 5 HYBRID 75 35 1 1 1 1 1 1 1 1 11 1 1 1 11 36 1 1 1 1 1 1 0 1 1 1 1 1 1 1 1 11 1 1 1 2 5 1 1 1 1 1 1 0
query9152 4.76 56% 0 78632 1.00 1.00 0 5 HYBRID 137 33 1 1 1 1 1 1 1 1 9 1 1 1 9 102 1 1 1 1 1 1 0 1 1 1 1 1 1 1 1 9 1 1 1 2 5 1 1 1 1 1 1 0
query9156 2.01 61% 0 77072 1.00 1.00 0 5 HYBRID 42 29 1 1 1 1 1 1 1 1 5 1 1 1 7 13 1 1 1 1 1 1 0 1 1 1 1 1 1 1 1 7 1 1 1 2 3 1 1 1 1 1 1 0
query9157 4.91 59% 0 77076 1.00 1.00 0 5 HYBRID 31 30 1 1 1 1 1 1 1 1 3 1 1 1 8 3 1 1 1 1 1 1 0 1 1 1 1 1 1 1 1 8 1 1 1 2 3 1 1 1 1 1 1 0
query9158 2.10 58% 0 76584 1.00 1.00 0 5 HYBRID 42 32 1 1 1 1 1 1 1 1 7 1 1 1 9 9 1 1 1 1 1 1 0 1 1 1 1 1 1 1 1 9 1 1 1 2 4 1 1 1 1 1 1 0
query9159 4.56 50% 0 76988 1.00 1.00 0 5 HYBRID 31 30 1 1 1 1 1 1 1 1 3 1 1 1 8 3 1 1 1 1 1 1 0 1 1 1 1 1 1 1 1 8 1 1 1 2 3 1 1 1 1 1 1 0
query9161 4.49 52% 0 78404 1.00 1.00 0 5 HYBRID 59 35 1 1 1 1 1 1 1 1 16 1 1 1 9 17 1 1 1 1 1 1 0 1 1 1 1 1 1 1 1 9 1 1 1 2 7 1 1 1 1 1 1 0
query9162 4.34 52% 0 77936 1.00 1.00 0 5 HYBRID 58 32 1 1 1 1 1 1 1 1 13 1 1 1 7 21 1 1 1 1 1 1 0 1 1 1 1 1 1 1 1 7 1 1 1 2 6 1 1 1 1 1 1 0
query9164 2.39 79% 0 77416 1.00 1.00 0 5 HYBRID 75 35 1 1 1 1 1 1 1 1 11 1 1 1 11 36 1 1 1 1 1 1 0 1 1 1 1 1 1 1 1 11 1 1 1 2 5 1 1 1 1 1 1 0
query9165 4.47 48% 0 76740 1.00 1.00 0 5 HYBRID 42 32 1 1 1 1 1 1 1 1 7 1 1 1 9 9 1 1 1 1 1 1 0 1 1 1 1 1 1 1 1 9 1 1 1 2 4 1 1 1 1 1 1 0
query6606 4.42 48% 0 75476 1.00 1.00 0 3 HYBRID 55 24 1 1 1 1 1 1 1 1 29 1 1 1 1 1 1 1 1 8 1 1 0 1 1 1 1 1 1 1 1 4 1 1 1 1 1 1 1 1 2 1 1 0
query6608 2.05 70% 0 76564 1.00 1.00 0 3 HYBRID 145 27 1 1 1 1 1 1 1 1 109 1 1 1 1 1 1 1 1 18 1 1 0 1 1 1 1 1 1 1 1 7 1 1 1 1 1 1 1 1 2 1 1 0
query9168 2.65 52% 0 76800 1.00 1.00 0 5 HYBRID 31 30 1 1 1 1 1 1 1 1 3 1 1 1 8 3 1 1 1 1 1 1 0 1 1 1 1 1 1 1 1 8 1 1 1 2 3 1 1 1 1 1 1 0
query9170 2.58 52% 0 76648 1.00 1.00 0 5 HYBRID 42 32 1 1 1 1 1 1 1 1 7 1 1 1 9 9 1 1 1 1 1 1 0 1 1 1 1 1 1 1 1 9 1 1 1 2 4 1 1 1 1 1 1 0
query9172 4.25 49% 0 76348 1.00 1.00 0 5 HYBRID 35 26 1 1 1 1 1 1 1 1 3 1 1 1 4 11 1 1 1 1 1 1 0 1 1 1 1 1 1 1 1 4 1 1 1 2 3 1 1 1 1 1 1 0
query9175 4.34 51% 0 76956 1.00 1.00 0 5 HYBRID 42 29 1 1 1 1 1 1 1 1 5 1 1 1 7 13 1 1 1 1 1 1 0 1 1 1 1 1 1 1 1 7 1 1 1 2 3 1 1 1 1 1 1 0
query9176 4.41 50% 0 76328 1.00 1.00 0 5 HYBRID 31 30 1 1 1 1 1 1 1 1 3 1 1 1 8 3 1 1 1 1 1 1 0 1 1 1 1 1 1 1 1 8 1 1 1 2 3 1 1 1 1 1 1 0
query9179 4.70 56% 0 77840 1.00 1.00 0 5 HYBRID 137 33 1 1 1 1 1 1 1 1 9 1 1 1 9 102 1 1 1 1 1 1 0 1 1 1 1 1 1 1 1 9 1 1 1 2 5 1 1 1 1 1 1 0
query9180 2.79 68% 0 78196 1.00 1.00 0 5 HYBRID 59 35 1 1 1 1 1 1 1 1 16 1 1 1 9 17 1 1 1 1 1 1 0 1 1 1 1 1 1 1 1 9 1 1 1 2 7 1 1 1 1 1 1 0
query9181 4.37 50% 0 75748 1.00 1.00 0 5 HYBRID 42 29 1 1 1 1 1 1 1 1 5 1 1 1 7 13 1 1 1 1 1 1 0 1 1 1 1 1 1 1 1 7 1 1 1 2 3 1 1 1 1 1 1 0
query9184 2.37 80% 0 86760 1.00 1.00 0 5 HYBRID 564 34 1 1 1 1 1 1 1 1 6 1 1 1 11 530 1 1 1 1 1 1 0 1 1 1 1 1 1 1 1 11 1 1 1 2 4 1 1 1 1 1 1 0
query9185 4.71 53% 0 75984 1.00 1.00 0 5 HYBRID 31 30 1 1 1 1 1 1 1 1 3 1 1 1 8 3 1 1 1 1 1 1 0 1 1 1 1 1 1 1 1 8 1 1 1 2 3 1 1 1 1 1 1 0
query9186 4.41 54% 0 78620 1.00 1.00 0 5 HYBRID 75 35 1 1 1 1 1 1 1 1 11 1 1 1 11 36 1 1 1 1 1 1 0 1 1 1 1 1 1 1 1 11 1 1 1 2 5 1 1 1 1 1 1 0
query9187 4.17 54% 0 78024 1.00 1.00 0 5 HYBRID 59 35 1 1 1 1 1 1 1 1 16 1 1 1 9 17 1 1 1 1 1 1 0 1 1 1 1 1 1 1 1 9 1 1 1 2 7 1 1 1 1 1 1 0
query6628 4.30 49% 0 75784 1.00 1.00 0 3 HYBRID 43 25 1 1 1 1 1 1 1 1 16 1 1 1 1 1 1 1 1 9 1 1 0 1 1 1 1 1 1 1 1 5 1 1 1 1 1 1 1 1 2 1 1 0
query6630 3.99 52% 0 75032 1.00 1.00 0 3 HYBRID 55 24 1 1 1 1 1 1 1 1 29 1 1 1 1 1 1 1 1 8 1 1 0 1 1 1 1 1 1 1 1 4 1 1 1 1 1 1 1 1 2 1 1 0
query9192 3.05 62% 0 78196 1.00 1.00 0 5 HYBRID 59 35 1 1 1 1 1 1 1 1 16 1 1 1 9 17 1 1 1 1 1 1 0 1 1 1 1 1 1 1 1 9 1 1 1 2 7 1 1 1 1 1 1 0
query9193 2.81 69% 0 76232 1.00 1.00 0 5 HYBRID 31 30 1 1 1 1 1 1 1 1 3 1 1 1 8 3 1 1 1 1 1 1 0 1 1 1 1 1 1 1 1 8 1 1 1 2 3 1 1 1 1 1 1 0
query6634 2.81 72% 0 76860 1.00 1.00 0 3 HYBRID 136 27 1 1 1 1 1 1 1 1 93 1 1 1 1 1 1 1 1 25 1 1 0 1 1 1 1 1 1 1 1 7 1 1 1 1 1 1 1 1 2 1 1 0
query9194 3.86 51% 0 77352 1.00 1.00 0 5 HYBRID 31 30 1 1 1 1 1 1 1 1 3 1 1 1 8 3 1 1 1 1 1 1 0 1 1 1 1 1 1 1 1 8 1 1 1 2 3 1 1 1 1 1 1 0
query9202 4.18 54% 0 78428 1.00 1.00 0 5 HYBRID 59 35 1 1 1 1 1 1 1 1 16 1 1 1 9 17 1 1 1 1 1 1 0 1 1 1 1 1 1 1 1 9 1 1 1 2 7 1 1 1 1 1 1 0
query9203 2.30 54% 0 76396 1.00 1.00 0 5 HYBRID 31 30 1 1 1 1 1 1 1 1 3 1 1 1 8 3 1 1 1 1 1 1 0 1 1 1 1 1 1 1 1 8 1 1 1 2 3 1 1 1 1 1 1 0
query9205 3.00 50% 0 78112 1.00 1.00 0 5 HYBRID 59 35 1 1 1 1 1 1 1 1 16 1 1 1 9 17 1 1 1 1 1 1 0 1 1 1 1 1 1 1 1 9 1 1 1 2 7 1 1 1 1 1 1 0
