query6661 4.61 49% 0 76164 1.00 1.00 25 3 HYBRID 107 27 1 1 1 1 12 1 1 11 42 1 1 1 1 1 1 1 1 26 1 1 0 1 1 1 1 3 1 1 3 3 1 1 1 1 1 1 1 1 2 1 1 0
query4217 4.57 81% 0 95460 1.00 1.00 99 2 STAR 43 78 1 1 1 6 1 1 1 1 6 1 1 1 1 7 1 8 1 1 1 1 0 1 4 1 7 1 1 10 6 2 1 3 1 1 8 2 11 4 6 1 7 0
query8835 4.02 51% 0 76340 1.00 1.00 25 3 HYBRID 45 26 1 1 1 1 9 1 1 7 1 1 1 1 1 1 1 1 1 12 1 1 0 1 1 1 1 3 1 1 2 3 1 1 1 1 1 1 1 1 2 1 1 0
query8844 3.60 57% 0 76332 1.00 1.00 25 3 HYBRID 45 26 1 1 1 1 9 1 1 7 1 1 1 1 1 1 1 1 1 12 1 1 0 1 1 1 1 3 1 1 2 3 1 1 1 1 1 1 1 1 2 1 1 0
query8876 4.31 49% 0 75164 1.00 1.00 25 3 HYBRID 32 25 1 1 1 1 3 1 1 2 1 1 1 1 1 1 1 1 1 10 1 1 0 1 1 1 1 2 1 1 2 3 1 1 1 1 1 1 1 1 2 1 1 0
query8897 3.59 56% 0 75796 1.00 1.00 25 3 HYBRID 32 25 1 1 1 1 3 1 1 2 1 1 1 1 1 1 1 1 1 10 1 1 0 1 1 1 1 2 1 1 2 3 1 1 1 1 1 1 1 1 2 1 1 0
query7368 4.50 53% 0 76312 1.00 1.00 55 4 HYBRID 29 26 1 1 1 1 1 1 4 1 1 4 1 1 3 1 1 1 1 1 1 2 0 1 1 2 1 1 1 2 1 1 2 1 1 2 1 1 1 1 2 1 2 0
query7369 4.50 53% 0 76620 1.00 1.00 55 4 HYBRID 29 26 1 1 1 1 1 1 4 1 1 4 1 1 3 1 1 1 1 1 1 2 0 1 1 2 1 1 1 2 1 1 2 1 1 2 1 1 1 1 2 1 2 0
query7375 4.10 50% 0 75840 1.00 1.00 55 4 HYBRID 29 26 1 1 1 1 1 1 4 1 1 4 1 1 3 1 1 1 1 1 1 2 0 1 1 2 1 1 1 2 1 1 2 1 1 2 1 1 1 1 1 1 3 0
query8920 4.45 52% 0 75356 1.00 1.00 25 3 HYBRID 32 25 1 1 1 1 3 1 1 2 1 1 1 1 1 1 1 1 1 10 1 1 0 1 1 1 1 2 1 1 2 3 1 1 1 1 1 1 1 1 2 1 1 0
query2892 4.06 49% 0 75060 1.00 1.00 21 2 STAR 25 23 1 1 2 1 1 1 1 1 1 4 1 1 2 1 1 1 1 1 1 1 0 1 1 2 1 1 1 1 1 1 2 1 1 2 1 1 1 1 1 1 1 0
query2893 3.25 55% 0 75224 1.00 1.00 21 2 STAR 27 23 1 1 1 2 1 1 1 1 1 5 1 1 3 1 1 1 1 1 1 1 0 1 1 1 2 1 1 1 1 1 2 1 1 2 1 1 1 1 1 1 1 0
query2897 4.09 48% 0 75384 1.00 1.00 21 2 STAR 27 23 1 1 2 1 1 1 1 1 1 5 1 1 3 1 1 1 1 1 1 1 0 1 1 2 1 1 1 1 1 1 2 1 1 2 1 1 1 1 1 1 1 0
query2898 4.04 49% 0 76028 1.00 1.00 21 2 STAR 27 23 1 1 2 1 1 1 1 1 1 5 1 1 3 1 1 1 1 1 1 1 0 1 1 2 1 1 1 1 1 1 2 1 1 2 1 1 1 1 1 1 1 0
query2905 4.04 50% 0 75212 1.00 1.00 21 2 STAR 25 23 1 1 2 1 1 1 1 1 1 4 1 1 2 1 1 1 1 1 1 1 0 1 1 2 1 1 1 1 1 1 2 1 1 2 1 1 1 1 1 1 1 0
query2908 4.52 52% 0 75192 1.00 1.00 21 2 STAR 27 23 1 1 2 1 1 1 1 1 1 5 1 1 3 1 1 1 1 1 1 1 0 1 1 2 1 1 1 1 1 1 2 1 1 2 1 1 1 1 1 1 1 0
query2910 4.12 49% 0 74504 1.00 1.00 21 2 STAR 27 23 1 1 2 1 1 1 1 1 1 5 1 1 3 1 1 1 1 1 1 1 0 1 1 2 1 1 1 1 1 1 2 1 1 2 1 1 1 1 1 1 1 0
query2914 4.39 49% 0 74608 1.00 1.00 21 2 STAR 25 23 1 1 2 1 1 1 1 1 1 4 1 1 2 1 1 1 1 1 1 1 0 1 1 2 1 1 1 1 1 1 2 1 1 2 1 1 1 1 1 1 1 0
query2944 3.93 51% 0 75392 1.00 1.00 21 2 STAR 27 23 1 1 2 1 1 1 1 1 1 5 1 1 3 1 1 1 1 1 1 1 0 1 1 2 1 1 1 1 1 1 2 1 1 2 1 1 1 1 1 1 1 0
query2947 4.36 49% 0 75360 1.00 1.00 21 2 STAR 25 23 1 1 2 1 1 1 1 1 1 4 1 1 2 1 1 1 1 1 1 1 0 1 1 2 1 1 1 1 1 1 2 1 1 2 1 1 1 1 1 1 1 0
query2963 4.37 49% 0 75344 1.00 1.00 21 2 STAR 25 23 1 1 2 1 1 1 1 1 1 4 1 1 2 1 1 1 1 1 1 1 0 1 1 2 1 1 1 1 1 1 2 1 1 2 1 1 1 1 1 1 1 0
query9124 4.35 69% 0 85224 1.00 1.00 33 5 HYBRID 564 34 1 1 1 1 1 1 133 1 6 1 2 1 11 397 1 1 1 1 1 1 0 1 1 1 1 1 1 2 1 11 1 2 1 2 2 1 1 1 1 1 1 0
query9125 4.11 54% 0 78064 1.00 1.00 33 5 HYBRID 58 32 1 1 1 1 1 1 9 1 13 1 4 1 7 10 1 1 1 1 1 1 0 1 1 1 1 1 1 3 1 7 1 2 1 2 3 1 1 1 1 1 1 0
query9127 4.73 59% 0 78104 1.00 1.00 33 5 HYBRID 137 33 1 1 1 1 1 1 35 1 9 1 67 1 9 2 1 1 1 1 1 1 0 1 1 1 1 1 1 3 1 9 1 2 1 2 2 1 1 1 1 1 1 0
query9129 4.29 52% 0 77268 1.00 1.00 33 5 HYBRID 42 29 1 1 1 1 1 1 1 1 5 1 1 1 7 13 1 1 1 1 1 1 0 1 1 1 1 1 1 1 1 7 1 1 1 2 3 1 1 1 1 1 1 0
query9130 4.13 54% 0 78420 1.00 1.00 33 5 HYBRID 59 35 1 1 1 1 1 1 4 1 16 1 5 1 9 10 1 1 1 1 1 1 0 1 1 1 1 1 1 2 1 9 1 3 1 2 4 1 1 1 1 1 1 0
query9134 3.68 60% 0 77864 1.00 1.00 33 5 HYBRID 75 35 1 1 1 1 1 1 31 1 11 1 4 1 11 3 1 1 1 1 1 1 0 1 1 1 1 1 1 2 1 11 1 2 1 2 3 1 1 1 1 1 1 0
query9135 3.95 77% 0 87260 1.00 1.00 33 5 HYBRID 564 34 1 1 1 1 1 1 1 1 6 1 2 1 11 529 1 1 1 1 1 1 0 1 1 1 1 1 1 1 1 11 1 2 1 2 3 1 1 1 1 1 1 0
query9136 4.36 69% 0 87028 1.00 1.00 33 5 HYBRID 564 34 1 1 1 1 1 1 133 1 6 1 2 1 11 397 1 1 1 1 1 1 0 1 1 1 1 1 1 2 1 11 1 2 1 2 2 1 1 1 1 1 1 0
query9137 4.48 53% 0 78232 1.00 1.00 33 5 HYBRID 58 32 1 1 1 1 1 1 4 1 13 1 4 1 7 15 1 1 1 1 1 1 0 1 1 1 1 1 1 2 1 7 1 2 1 2 4 1 1 1 1 1 1 0
query9139 4.49 54% 0 75864 1.00 1.00 33 5 HYBRID 35 26 1 1 1 1 1 1 6 1 3 1 1 1 4 6 1 1 1 1 1 1 0 1 1 1 1 1 1 2 1 4 1 1 1 2 2 1 1 1 1 1 1 0
query9143 4.28 51% 0 75716 1.00 1.00 33 5 HYBRID 35 26 1 1 1 1 1 1 6 1 3 1 1 1 4 6 1 1 1 1 1 1 0 1 1 1 1 1 1 2 1 4 1 1 1 2 2 1 1 1 1 1 1 0
query9144 4.57 56% 0 78748 1.00 1.00 33 5 HYBRID 137 33 1 1 1 1 1 1 34 1 9 1 68 1 9 2 1 1 1 1 1 1 0 1 1 1 1 1 1 3 1 9 1 2 1 2 2 1 1 1 1 1 1 0
query9149 4.46 54% 0 78596 1.00 1.00 33 5 HYBRID 59 35 1 1 1 1 1 1 5 1 16 1 4 1 9 10 1 1 1 1 1 1 0 1 1 1 1 1 1 3 1 9 1 3 1 2 3 1 1 1 1 1 1 0
query9150 4.51 53% 0 77948 1.00 1.00 33 5 HYBRID 75 35 1 1 1 1 1 1 2 1 11 1 32 1 11 4 1 1 1 1 1 1 0 1 1 1 1 1 1 3 1 11 1 2 1 2 2 1 1 1 1 1 1 0
query9152 4.70 60% 0 78920 1.00 1.00 33 5 HYBRID 137 33 1 1 1 1 1 1 34 1 9 1 2 1 9 68 1 1 1 1 1 1 0 1 1 1 1 1 1 3 1 9 1 2 1 2 2 1 1 1 1 1 1 0
query9156 4.49 52% 0 76952 1.00 1.00 33 5 HYBRID 42 29 1 1 1 1 1 1 4 1 5 1 1 1 7 10 1 1 1 1 1 1 0 1 1 1 1 1 1 2 1 7 1 1 1 2 2 1 1 1 1 1 1 0
query9157 4.37 52% 0 77464 1.00 1.00 33 5 HYBRID 31 30 1 1 1 1 1 1 2 1 3 1 1 1 8 2 1 1 1 1 1 1 0 1 1 1 1 1 1 2 1 8 1 1 1 2 2 1 1 1 1 1 1 0
query9158 3.86 59% 0 77784 1.00 1.00 33 5 HYBRID 42 32 1 1 1 1 1 1 1 1 7 1 7 1 9 3 1 1 1 1 1 1 0 1 1 1 1 1 1 2 1 9 1 2 1 2 2 1 1 1 1 1 1 0
query9159 4.57 54% 0 77044 1.00 1.00 33 5 HYBRID 31 30 1 1 1 1 1 1 2 1 3 1 1 1 8 2 1 1 1 1 1 1 0 1 1 1 1 1 1 2 1 8 1 1 1 2 2 1 1 1 1 1 1 0
query9161 3.72 60% 0 78548 1.00 1.00 33 5 HYBRID 59 35 1 1 1 1 1 1 4 1 16 1 4 1 9 11 1 1 1 1 1 1 0 1 1 1 1 1 1 2 1 9 1 3 1 2 4 1 1 1 1 1 1 0
query9162 4.10 53% 0 77932 1.00 1.00 33 5 HYBRID 58 32 1 1 1 1 1 1 9 1 13 1 4 1 7 10 1 1 1 1 1 1 0 1 1 1 1 1 1 3 1 7 1 2 1 2 3 1 1 1 1 1 1 0
query9164 4.13 56% 0 78764 1.00 1.00 33 5 HYBRID 75 35 1 1 1 1 1 1 32 1 11 1 2 1 11 4 1 1 1 1 1 1 0 1 1 1 1 1 1 3 1 11 1 2 1 2 2 1 1 1 1 1 1 0
query9165 4.53 52% 0 77104 1.00 1.00 33 5 HYBRID 42 32 1 1 1 1 1 1 2 1 7 1 7 1 9 2 1 1 1 1 1 1 0 1 1 1 1 1 1 2 1 9 1 2 1 2 2 1 1 1 1 1 1 0
query6606 4.73 57% 0 75196 1.00 1.00 25 3 HYBRID 55 24 1 1 1 1 1 1 1 15 15 1 1 1 1 1 1 1 1 8 1 1 0 1 1 1 1 1 1 1 3 2 1 1 1 1 1 1 1 1 2 1 1 0
query6608 4.33 55% 0 77212 1.00 1.00 25 3 HYBRID 145 27 1 1 1 1 41 1 1 47 23 1 1 1 1 1 1 1 1 18 1 1 0 1 1 1 1 3 1 1 3 3 1 1 1 1 1 1 1 1 2 1 1 0
query9168 4.42 50% 0 77240 1.00 1.00 33 5 HYBRID 31 30 1 1 1 1 1 1 2 1 3 1 1 1 8 2 1 1 1 1 1 1 0 1 1 1 1 1 1 2 1 8 1 1 1 2 2 1 1 1 1 1 1 0
query9170 4.17 53% 0 78112 1.00 1.00 33 5 HYBRID 42 32 1 1 1 1 1 1 2 1 7 1 7 1 9 2 1 1 1 1 1 1 0 1 1 1 1 1 1 2 1 9 1 2 1 2 2 1 1 1 1 1 1 0
query9172 4.27 52% 0 75840 1.00 1.00 33 5 HYBRID 35 26 1 1 1 1 1 1 1 1 3 1 1 1 4 11 1 1 1 1 1 1 0 1 1 1 1 1 1 1 1 4 1 1 1 2 3 1 1 1 1 1 1 0
query9175 4.17 53% 0 77188 1.00 1.00 33 5 HYBRID 42 29 1 1 1 1 1 1 4 1 5 1 1 1 7 10 1 1 1 1 1 1 0 1 1 1 1 1 1 2 1 7 1 1 1 2 2 1 1 1 1 1 1 0
query9176 4.93 60% 0 76848 1.00 1.00 33 5 HYBRID 31 30 1 1 1 1 1 1 2 1 3 1 1 1 8 2 1 1 1 1 1 1 0 1 1 1 1 1 1 2 1 8 1 1 1 2 2 1 1 1 1 1 1 0
query9179 4.54 55% 0 77956 1.00 1.00 33 5 HYBRID 137 33 1 1 1 1 1 1 35 1 9 1 67 1 9 2 1 1 1 1 1 1 0 1 1 1 1 1 1 3 1 9 1 2 1 2 2 1 1 1 1 1 1 0
query9180 4.13 55% 0 78448 1.00 1.00 33 5 HYBRID 59 35 1 1 1 1 1 1 4 1 16 1 7 1 9 8 1 1 1 1 1 1 0 1 1 1 1 1 1 3 1 9 1 3 1 2 3 1 1 1 1 1 1 0
query9181 3.58 57% 0 76336 1.00 1.00 33 5 HYBRID 42 29 1 1 1 1 1 1 1 1 5 1 1 1 7 13 1 1 1 1 1 1 0 1 1 1 1 1 1 1 1 7 1 1 1 2 3 1 1 1 1 1 1 0
query9184 4.34 70% 0 86748 1.00 1.00 33 5 HYBRID 564 34 1 1 1 1 1 1 133 1 6 1 2 1 11 397 1 1 1 1 1 1 0 1 1 1 1 1 1 2 1 11 1 2 1 2 2 1 1 1 1 1 1 0
query9185 4.48 51% 0 77460 1.00 1.00 33 5 HYBRID 31 30 1 1 1 1 1 1 2 1 3 1 1 1 8 2 1 1 1 1 1 1 0 1 1 1 1 1 1 2 1 8 1 1 1 2 2 1 1 1 1 1 1 0
query9186 4.17 52% 0 77436 1.00 1.00 33 5 HYBRID 75 35 1 1 1 1 1 1 32 1 11 1 2 1 11 4 1 1 1 1 1 1 0 1 1 1 1 1 1 3 1 11 1 2 1 2 2 1 1 1 1 1 1 0
query9187 4.21 52% 0 78164 1.00 1.00 33 5 HYBRID 59 35 1 1 1 1 1 1 6 1 16 1 5 1 9 8 1 1 1 1 1 1 0 1 1 1 1 1 1 3 1 9 1 3 1 2 3 1 1 1 1 1 1 0
query6628 4.45 51% 0 75680 1.00 1.00 25 3 HYBRID 43 25 1 1 1 1 1 1 1 4 13 1 1 1 1 1 1 1 1 9 1 1 0 1 1 1 1 2 1 1 2 3 1 1 1 1 1 1 1 1 2 1 1 0
query6630 4.36 50% 0 75852 1.00 1.00 25 3 HYBRID 55 24 1 1 1 1 1 1 1 15 15 1 1 1 1 1 1 1 1 8 1 1 0 1 1 1 1 1 1 1 3 2 1 1 1 1 1 1 1 1 2 1 1 0
query9192 4.24 54% 0 78836 1.00 1.00 33 5 HYBRID 59 35 1 1 1 1 1 1 4 1 16 1 7 1 9 8 1 1 1 1 1 1 0 1 1 1 1 1 1 3 1 9 1 3 1 2 3 1 1 1 1 1 1 0
query9193 4.41 51% 0 77356 1.00 1.00 33 5 HYBRID 31 30 1 1 1 1 1 1 2 1 3 1 1 1 8 2 1 1 1 1 1 1 0 1 1 1 1 1 1 2 1 8 1 1 1 2 2 1 1 1 1 1 1 0
query6634 4.40 53% 0 76524 1.00 1.00 27 3 HYBRID 136 27 1 1 1 1 19 1 1 23 53 1 1 1 1 1 1 1 1 25 1 1 0 1 1 1 1 3 1 1 3 3 1 1 1 1 1 1 1 1 2 1 1 0
query9194 4.50 52% 0 76976 1.00 1.00 33 5 HYBRID 31 30 1 1 1 1 1 1 2 1 3 1 1 1 8 2 1 1 1 1 1 1 0 1 1 1 1 1 1 2 1 8 1 1 1 2 2 1 1 1 1 1 1 0
query9202 4.16 52% 0 78564 1.00 1.00 33 5 HYBRID 59 35 1 1 1 1 1 1 6 1 16 1 5 1 9 8 1 1 1 1 1 1 0 1 1 1 1 1 1 3 1 9 1 3 1 2 3 1 1 1 1 1 1 0
query9203 4.52 52% 0 76732 1.00 1.00 33 5 HYBRID 31 30 1 1 1 1 1 1 2 1 3 1 1 1 8 2 1 1 1 1 1 1 0 1 1 1 1 1 1 2 1 8 1 1 1 2 2 1 1 1 1 1 1 0
query9205 3.87 59% 0 78196 1.00 1.00 33 5 HYBRID 59 35 1 1 1 1 1 1 4 1 16 1 8 1 9 7 1 1 1 1 1 1 0 1 1 1 1 1 1 3 1 9 1 3 1 2 3 1 1 1 1 1 1 0
