query6661 2.58 47% 0 79684 1.00 1.00 3 3 HYBRID 117 37 1 1 1 1 1 1 1 1 1 1 1 1 1 1 1 1 12 1 11 1 1 1 1 42 1 1 1 1 26 1 0 1 1 1 1 1 1 1 1 1 1 1 1 1 1 1 1 4 1 3 1 1 1 1 2 1 1 1 1 2 1 0
query3143 2.77 64% 0 97664 1.00 1.00 3 3 HYBRID 381 63 1 1 1 1 1 1 1 1 1 1 1 36 1 1 42 1 46 1 6 3 8 1 1 1 1 1 1 1 1 217 0 1 1 1 1 1 1 1 1 1 1 1 9 1 1 7 1 6 1 6 6 4 1 1 1 1 1 1 1 1 2 0
query3148 2.81 68% 0 102680 1.00 1.00 3 3 HYBRID 486 71 1 1 1 1 1 1 1 1 1 1 1 53 1 1 49 1 53 1 2 2 3 1 1 1 1 1 1 1 1 301 0 1 1 1 1 1 1 1 1 1 1 1 10 1 1 10 1 8 1 7 6 5 1 1 1 1 1 1 1 1 2 0
query3160 2.78 69% 0 103056 1.00 1.00 3 3 HYBRID 486 71 1 1 1 1 1 1 1 1 1 1 1 53 1 1 49 1 53 1 4 1 2 1 1 1 1 1 1 1 1 301 0 1 1 1 1 1 1 1 1 1 1 1 10 1 1 10 1 8 1 7 6 5 1 1 1 1 1 1 1 1 2 0
query4217 2.80 74% 0 100596 0.00 1.00 7 2 STAR 35 88 1 1 1 1 1 1 1 1 1 1 1 1 1 1 1 1 1 1 1 1 1 1 1 6 1 1 1 1 1 1 0 1 1 7 1 1 1 7 1 1 8 1 1 7 1 1 1 4 1 1 1 1 1 1 15 3 4 8 1 5 1 0
query3196 2.71 64% 0 99840 1.00 1.00 3 3 HYBRID 381 63 1 1 1 1 1 1 1 1 1 1 1 36 1 1 42 1 46 1 4 4 9 1 1 1 1 1 1 1 1 217 0 1 1 1 1 1 1 1 1 1 1 1 9 1 1 7 1 6 1 6 6 4 1 1 1 1 1 1 1 1 2 0
query8835 2.48 46% 0 77912 1.00 1.00 3 3 HYBRID 55 36 1 1 1 1 1 1 1 1 1 1 1 1 1 1 1 1 9 1 7 1 1 1 1 1 1 1 1 1 12 1 0 1 1 1 1 1 1 1 1 1 1 1 1 1 1 1 1 3 1 2 1 1 1 1 3 1 1 1 1 2 1 0
query1669 2.62 49% 0 78320 1.00 1.00 2 2 PATH 81 35 1 1 1 1 1 1 1 1 1 1 1 1 1 1 1 1 11 1 14 1 1 1 1 21 1 1 1 1 1 9 0 1 1 1 1 1 1 1 1 1 1 1 1 1 1 1 1 3 1 2 1 1 1 1 2 1 1 1 1 1 2 0
query8844 2.79 41% 0 78960 1.00 1.00 3 3 HYBRID 55 36 1 1 1 1 1 1 1 1 1 1 1 1 1 1 1 1 9 1 7 1 1 1 1 1 1 1 1 1 12 1 0 1 1 1 1 1 1 1 1 1 1 1 1 1 1 1 1 3 1 2 1 1 1 1 3 1 1 1 1 2 1 0
query5774 2.49 46% 0 79012 1.00 1.00 2 2 STAR 82 37 1 1 1 1 1 7 1 1 8 1 1 1 1 1 1 1 1 1 1 1 1 1 1 1 27 1 14 1 1 1 0 1 1 1 1 1 3 1 1 4 1 1 1 1 1 1 1 1 1 1 1 1 1 1 1 2 1 2 1 1 1 0
query2712 2.51 49% 0 80228 1.00 1.00 2 2 PATH 104 38 1 1 1 1 1 1 1 1 1 11 1 1 1 1 1 1 1 13 1 1 1 1 16 1 38 1 1 1 1 1 0 1 1 1 1 1 1 1 1 1 5 1 1 1 1 1 1 1 3 1 1 1 1 2 1 2 1 1 1 1 1 0
query5796 2.68 53% 0 81816 1.00 1.00 2 2 STAR 160 40 1 1 1 1 1 22 1 1 23 1 1 1 1 1 1 1 1 1 1 1 1 1 1 1 66 1 23 1 1 1 0 1 1 1 1 1 4 1 1 5 1 1 1 1 1 1 1 1 1 1 1 1 1 1 1 2 1 3 1 1 1 0
query8876 6.32 41% 0 77844 1.00 1.00 3 3 HYBRID 42 35 1 1 1 1 1 1 1 1 1 1 1 1 1 1 1 1 3 1 2 1 1 1 1 1 1 1 1 1 10 1 0 1 1 1 1 1 1 1 1 1 1 1 1 1 1 1 1 3 1 2 1 1 1 1 2 1 1 1 1 2 1 0
query2739 2.64 53% 0 81076 1.00 1.00 2 2 PATH 128 39 1 1 1 1 1 1 1 1 1 16 1 1 1 1 1 1 1 17 1 1 1 1 19 1 50 1 1 1 1 1 0 1 1 1 1 1 1 1 1 1 5 1 1 1 1 1 1 1 3 1 1 1 1 3 1 2 1 1 1 1 1 0
query5813 2.58 55% 0 84476 1.00 1.00 2 2 STAR 266 43 1 1 1 1 1 37 1 1 38 1 1 1 1 1 1 1 1 1 1 1 1 1 1 1 119 1 46 1 1 1 0 1 1 1 1 1 5 1 1 6 1 1 1 1 1 1 1 1 1 1 1 1 1 1 1 2 1 4 1 1 1 0
query8897 3.09 53% 0 78576 1.00 1.00 3 3 HYBRID 42 35 1 1 1 1 1 1 1 1 1 1 1 1 1 1 1 1 3 1 2 1 1 1 1 1 1 1 1 1 10 1 0 1 1 1 1 1 1 1 1 1 1 1 1 1 1 1 1 3 1 2 1 1 1 1 2 1 1 1 1 2 1 0
query1733 6.17 40% 0 80088 1.00 1.00 2 2 PATH 85 35 1 1 1 1 1 1 1 1 1 1 1 1 1 1 1 1 14 1 15 1 1 1 1 20 1 1 1 1 1 10 0 1 1 1 1 1 1 1 1 1 1 1 1 1 1 1 1 2 1 3 1 1 1 1 2 1 1 1 1 1 2 0
query7368 5.35 42% 0 78696 1.00 1.00 4 4 HYBRID 45 38 2 1 1 1 1 1 1 1 1 1 1 1 1 1 1 1 1 1 1 1 1 1 1 1 1 1 10 1 3 4 0 3 1 1 1 2 1 1 1 1 1 1 1 1 1 1 1 1 1 1 1 1 1 1 1 1 1 4 1 2 2 0
query7369 2.63 46% 0 78884 1.00 1.00 4 4 HYBRID 45 38 1 1 1 1 2 1 1 1 1 1 1 1 1 1 1 1 1 1 1 1 1 1 1 1 1 1 10 1 3 4 0 2 1 1 1 3 1 1 1 1 1 1 1 1 1 1 1 1 1 1 1 1 1 1 1 1 1 4 1 2 2 0
query7375 2.48 46% 0 79460 1.00 1.00 4 4 HYBRID 45 38 3 1 1 1 2 1 1 1 1 1 1 1 1 1 1 1 1 1 1 1 1 1 1 1 1 1 10 1 1 4 0 2 1 1 1 3 1 1 1 1 1 1 1 1 1 1 1 1 1 1 1 1 1 1 1 1 1 4 1 2 2 0
query8920 2.47 46% 0 78720 1.00 1.00 3 3 HYBRID 42 35 1 1 1 1 1 1 1 1 1 1 1 1 1 1 1 1 3 1 2 1 1 1 1 1 1 1 1 1 10 1 0 1 1 1 1 1 1 1 1 1 1 1 1 1 1 1 1 3 1 2 1 1 1 1 2 1 1 1 1 2 1 0
query2795 2.48 52% 0 85528 1.00 1.00 3 3 HYBRID 76 42 1 1 1 1 1 3 1 1 1 1 1 1 1 1 1 9 11 1 1 4 5 1 1 1 1 1 9 1 1 12 0 1 1 1 1 1 3 1 1 1 1 1 1 1 1 1 2 3 1 1 4 2 1 1 1 1 1 3 1 1 2 0
query2797 2.62 54% 0 85412 1.00 1.00 3 3 HYBRID 76 42 1 1 1 1 1 3 1 1 1 1 1 1 1 1 1 9 11 1 1 4 5 1 1 1 1 1 9 1 1 12 0 1 1 1 1 1 3 1 1 1 1 1 1 1 1 1 2 3 1 1 4 2 1 1 1 1 1 3 1 1 2 0
query2836 5.25 38% 0 80352 1.00 1.00 3 3 HYBRID 60 39 1 1 1 1 1 3 1 1 1 1 1 1 1 1 1 1 2 1 1 4 6 1 1 1 1 1 16 1 1 5 0 1 1 1 1 1 2 1 1 1 1 1 1 1 1 1 1 2 1 1 3 4 1 1 1 1 1 2 1 1 2 0
query2892 2.46 45% 0 77960 1.00 1.00 2 2 STAR 35 33 1 1 1 1 1 1 1 1 1 1 1 1 2 1 1 1 1 1 1 1 1 1 1 1 1 1 2 1 1 4 0 1 1 1 1 1 1 1 1 1 1 1 1 2 1 1 1 1 1 1 1 1 1 1 1 1 1 2 1 1 2 0
query2893 6.24 40% 0 79160 1.00 1.00 2 2 STAR 37 33 1 1 1 1 1 1 1 2 1 1 1 1 1 1 1 1 1 1 1 1 1 1 1 1 1 1 3 1 1 5 0 1 1 1 1 1 1 1 2 1 1 1 1 1 1 1 1 1 1 1 1 1 1 1 1 1 1 2 1 1 2 0
query2380 6.16 38% 0 77604 1.00 1.00 2 2 PATH 54 34 1 1 1 1 1 1 1 1 1 1 1 1 1 1 1 1 1 1 2 1 1 1 1 18 1 1 1 1 1 7 0 1 1 1 1 1 1 1 1 1 1 1 1 1 1 1 1 1 1 2 1 1 1 1 3 1 1 1 1 1 2 0
query2897 2.63 48% 0 78096 1.00 1.00 2 2 STAR 37 33 1 1 1 1 1 1 1 1 1 1 1 1 2 1 1 1 1 1 1 1 1 1 1 1 1 1 3 1 1 5 0 1 1 1 1 1 1 1 1 1 1 1 1 2 1 1 1 1 1 1 1 1 1 1 1 1 1 2 1 1 2 0
query2905 2.45 45% 0 78020 1.00 1.00 2 2 STAR 35 33 1 1 1 1 1 1 1 1 1 1 1 1 2 1 1 1 1 1 1 1 1 1 1 1 1 1 2 1 1 4 0 1 1 1 1 1 1 1 1 1 1 1 1 2 1 1 1 1 1 1 1 1 1 1 1 1 1 2 1 1 2 0
query4449 2.42 45% 0 77504 1.00 1.00 2 2 PATH 34 33 1 1 1 1 1 1 1 1 1 1 1 1 1 2 1 1 1 1 1 1 1 1 1 3 1 1 1 1 1 2 0 1 1 1 1 1 1 1 1 1 1 1 1 1 2 1 1 1 1 1 1 1 1 1 2 1 1 1 1 1 2 0
query2914 2.44 45% 0 77448 1.00 1.00 2 2 STAR 35 33 1 1 1 1 1 1 1 1 1 1 1 1 2 1 1 1 1 1 1 1 1 1 1 1 1 1 2 1 1 4 0 1 1 1 1 1 1 1 1 1 1 1 1 2 1 1 1 1 1 1 1 1 1 1 1 1 1 2 1 1 2 0
query2406 2.43 47% 0 78296 1.00 1.00 2 2 PATH 81 35 1 1 1 1 1 1 1 1 1 1 1 1 1 1 1 1 11 1 14 1 1 1 1 21 1 1 1 1 1 9 0 1 1 1 1 1 1 1 1 1 1 1 1 1 1 1 1 3 1 2 1 1 1 1 2 1 1 1 1 1 2 0
query2931 2.45 46% 0 77092 1.00 1.00 2 2 STAR 37 33 1 1 1 1 1 1 1 1 1 1 1 1 2 1 1 1 1 1 1 1 1 1 1 1 1 1 3 1 1 5 0 1 1 1 1 1 1 1 1 1 1 1 1 2 1 1 1 1 1 1 1 1 1 1 1 1 1 2 1 1 2 0
query2947 5.57 39% 0 78896 1.00 1.00 2 2 STAR 35 33 1 1 1 1 1 1 1 1 1 1 1 1 2 1 1 1 1 1 1 1 1 1 1 1 1 1 2 1 1 4 0 1 1 1 1 1 1 1 1 1 1 1 1 2 1 1 1 1 1 1 1 1 1 1 1 1 1 2 1 1 2 0
query2444 2.48 48% 0 78592 1.00 1.00 2 2 PATH 81 35 1 1 1 1 1 1 1 1 1 1 1 1 1 1 1 1 11 1 14 1 1 1 1 21 1 1 1 1 1 9 0 1 1 1 1 1 1 1 1 1 1 1 1 1 1 1 1 3 1 2 1 1 1 1 2 1 1 1 1 1 2 0
query2963 2.43 45% 0 77632 1.00 1.00 2 2 STAR 35 33 1 1 1 1 1 1 1 1 1 1 1 1 2 1 1 1 1 1 1 1 1 1 1 1 1 1 2 1 1 4 0 1 1 1 1 1 1 1 1 1 1 1 1 2 1 1 1 1 1 1 1 1 1 1 1 1 1 2 1 1 2 0
query2451 2.47 48% 0 78384 1.00 1.00 2 2 PATH 92 36 1 1 1 1 1 1 1 1 1 1 1 1 1 1 1 1 9 1 5 1 1 1 1 39 1 1 1 1 1 13 0 1 1 1 1 1 1 1 1 1 1 1 1 1 1 1 1 3 1 2 1 1 1 1 3 1 1 1 1 1 2 0
query6606 2.46 47% 0 77616 1.00 1.00 3 3 HYBRID 65 34 1 1 1 1 1 1 1 1 1 1 1 1 1 1 1 1 1 1 15 1 1 1 1 15 1 1 1 1 8 1 0 1 1 1 1 1 1 1 1 1 1 1 1 1 1 1 1 2 1 2 1 1 1 1 2 1 1 1 1 2 1 0
query6608 2.49 49% 0 79860 1.00 1.00 3 3 HYBRID 155 37 1 1 1 1 1 1 1 1 1 1 1 1 1 1 1 1 41 1 47 1 1 1 1 23 1 1 1 1 18 1 0 1 1 1 1 1 1 1 1 1 1 1 1 1 1 1 1 4 1 3 1 1 1 1 2 1 1 1 1 2 1 0
query6628 2.45 46% 0 77792 1.00 1.00 3 3 HYBRID 53 35 1 1 1 1 1 1 1 1 1 1 1 1 1 1 1 1 4 1 4 1 1 1 1 10 1 1 1 1 9 1 0 1 1 1 1 1 1 1 1 1 1 1 1 1 1 1 1 3 1 2 1 1 1 1 2 1 1 1 1 2 1 0
query6630 2.64 48% 0 79028 1.00 1.00 3 3 HYBRID 65 34 1 1 1 1 1 1 1 1 1 1 1 1 1 1 1 1 1 1 15 1 1 1 1 15 1 1 1 1 8 1 0 1 1 1 1 1 1 1 1 1 1 1 1 1 1 1 1 2 1 2 1 1 1 1 2 1 1 1 1 2 1 0
query11234 2.64 61% 0 94388 1.00 1.00 3 3 STAR 262 54 1 1 1 1 1 2 1 1 5 3 1 1 1 1 1 1 1 1 1 1 1 4 1 3 1 5 1 1 1 217 0 1 1 1 1 1 2 1 1 9 2 1 1 1 1 1 1 1 1 1 1 1 3 1 7 1 6 1 1 1 2 0
query6634 5.70 41% 0 80780 1.00 1.00 3 3 HYBRID 146 37 1 1 1 1 1 1 1 1 1 1 1 1 1 1 1 1 41 1 1 1 1 1 1 53 1 1 1 1 25 1 0 1 1 1 1 1 1 1 1 1 1 1 1 1 1 1 1 5 1 1 1 1 1 1 3 1 1 1 1 2 1 0
