query6661 4.32 50% 0 76048 1.00 1.00 0 3 HYBRID 107 27 1 1 1 1 1 1 1 22 42 1 1 1 1 1 1 1 1 26 1 1 0 1 1 1 1 1 1 1 5 3 1 1 1 1 1 1 1 1 2 1 1 0
query4217 2.44 83% 0 91460 1.00 1.00 0 2 STAR 26 78 1 1 1 1 1 1 1 1 6 1 1 1 1 2 1 1 1 1 1 1 0 1 7 1 1 4 1 13 8 2 1 3 5 1 6 1 4 4 6 2 7 0
query8835 2.91 55% 0 75932 1.00 1.00 0 3 HYBRID 45 26 1 1 1 1 1 1 1 7 9 1 1 1 1 1 1 1 1 12 1 1 0 1 1 1 1 1 1 1 3 4 1 1 1 1 1 1 1 1 2 1 1 0
query8844 2.27 59% 0 75720 1.00 1.00 0 3 HYBRID 45 26 1 1 1 1 1 1 1 7 9 1 1 1 1 1 1 1 1 12 1 1 0 1 1 1 1 1 1 1 3 4 1 1 1 1 1 1 1 1 2 1 1 0
query8876 4.56 52% 0 75496 1.00 1.00 0 3 HYBRID 32 25 1 1 1 1 1 1 1 2 3 1 1 1 1 1 1 1 1 10 1 1 0 1 1 1 1 1 1 1 2 4 1 1 1 1 1 1 1 1 2 1 1 0
query8897 2.00 58% 0 75760 1.00 1.00 0 3 HYBRID 32 25 1 1 1 1 1 1 1 2 3 1 1 1 1 1 1 1 1 10 1 1 0 1 1 1 1 1 1 1 3 3 1 1 1 1 1 1 1 1 2 1 1 0
query7368 2.27 59% 0 76576 1.00 1.00 0 4 HYBRID 29 26 1 1 1 1 1 1 4 1 1 4 1 1 3 1 1 1 1 1 1 2 0 1 1 2 1 1 1 2 1 1 2 1 1 2 1 1 1 1 1 1 3 0
query7369 4.55 51% 0 76792 1.00 1.00 0 4 HYBRID 29 26 1 1 1 1 1 1 4 1 1 4 1 1 3 1 1 1 1 1 1 2 0 1 1 2 1 1 1 2 1 1 2 1 1 2 1 1 1 1 2 1 2 0
query7375 2.11 59% 0 75820 1.00 1.00 0 4 HYBRID 29 26 1 1 1 1 1 1 4 1 1 4 1 1 3 1 1 1 1 1 1 2 0 1 1 1 2 1 1 2 1 1 2 1 1 2 1 1 1 1 1 1 3 0
query8920 3.69 53% 0 76084 1.00 1.00 0 3 HYBRID 32 25 1 1 1 1 1 1 1 2 3 1 1 1 1 1 1 1 1 10 1 1 0 1 1 1 1 1 1 1 2 4 1 1 1 1 1 1 1 1 2 1 1 0
query2892 4.49 49% 0 75348 1.00 1.00 0 2 STAR 25 23 1 1 2 1 1 1 1 1 1 4 1 1 2 1 1 1 1 1 1 1 0 1 1 2 1 1 1 1 1 1 2 1 1 2 1 1 1 1 1 1 1 0
query2893 4.73 56% 0 74524 1.00 1.00 0 2 STAR 27 23 1 1 1 2 1 1 1 1 1 5 1 1 3 1 1 1 1 1 1 1 0 1 1 1 2 1 1 1 1 1 2 1 1 2 1 1 1 1 1 1 1 0
query2897 4.46 49% 0 76020 1.00 1.00 0 2 STAR 27 23 1 1 2 1 1 1 1 1 1 5 1 1 3 1 1 1 1 1 1 1 0 1 1 2 1 1 1 1 1 1 2 1 1 2 1 1 1 1 1 1 1 0
query2898 4.52 50% 0 74896 1.00 1.00 0 2 STAR 27 23 1 1 1 2 1 1 1 1 1 5 1 1 3 1 1 1 1 1 1 1 0 1 1 1 2 1 1 1 1 1 2 1 1 2 1 1 1 1 1 1 1 0
query2905 4.97 57% 0 74556 1.00 1.00 0 2 STAR 25 23 1 1 2 1 1 1 1 1 1 4 1 1 2 1 1 1 1 1 1 1 0 1 1 2 1 1 1 1 1 1 2 1 1 2 1 1 1 1 1 1 1 0
query2908 4.21 49% 0 74784 1.00 1.00 0 2 STAR 27 23 1 1 2 1 1 1 1 1 1 5 1 1 3 1 1 1 1 1 1 1 0 1 1 2 1 1 1 1 1 1 2 1 1 2 1 1 1 1 1 1 1 0
query2910 4.50 51% 0 75364 1.00 1.00 0 2 STAR 27 23 1 1 2 1 1 1 1 1 1 5 1 1 3 1 1 1 1 1 1 1 0 1 1 2 1 1 1 1 1 1 2 1 1 2 1 1 1 1 1 1 1 0
query353 11.29 69% 0 262896 1.00 1.00 0 14 HYBRID 1976 907 1 278 1 1 1 1 1 557 104 1 1 1 1 1 80 1 1 1 663 280 0 1 22 1 1 1 1 1 663 2 1 1 1 1 1 104 1 1 1 80 22 0
query2914 2.03 61% 0 75384 1.00 1.00 0 2 STAR 25 23 1 1 1 2 1 1 1 1 1 4 1 1 2 1 1 1 1 1 1 1 0 1 1 1 2 1 1 1 1 1 2 1 1 2 1 1 1 1 1 1 1 0
query2944 4.49 48% 0 74692 1.00 1.00 0 2 STAR 27 23 1 1 1 2 1 1 1 1 1 5 1 1 3 1 1 1 1 1 1 1 0 1 1 1 2 1 1 1 1 1 2 1 1 2 1 1 1 1 1 1 1 0
query2947 4.03 50% 0 75408 1.00 1.00 0 2 STAR 25 23 1 1 2 1 1 1 1 1 1 4 1 1 2 1 1 1 1 1 1 1 0 1 1 2 1 1 1 1 1 1 2 1 1 2 1 1 1 1 1 1 1 0
query2963 4.68 56% 0 75124 1.00 1.00 0 2 STAR 25 23 1 1 2 1 1 1 1 1 1 4 1 1 2 1 1 1 1 1 1 1 0 1 1 2 1 1 1 1 1 1 2 1 1 2 1 1 1 1 1 1 1 0
query9124 4.56 69% 0 86228 1.00 1.00 0 5 HYBRID 564 34 1 1 1 1 1 1 1 1 6 1 2 1 11 529 1 1 1 1 1 1 0 1 1 1 1 1 1 1 1 11 1 2 1 2 3 1 1 1 1 1 1 0
query9125 4.14 52% 0 77836 1.00 1.00 0 5 HYBRID 58 32 1 1 1 1 1 1 5 1 13 1 4 1 7 14 1 1 1 1 1 1 0 1 1 1 1 1 1 3 1 7 1 2 1 2 3 1 1 1 1 1 1 0
query9127 3.88 59% 0 78724 1.00 1.00 0 5 HYBRID 137 33 1 1 1 1 1 1 35 1 9 1 67 1 9 2 1 1 1 1 1 1 0 1 1 1 1 1 1 3 1 9 1 2 1 2 2 1 1 1 1 1 1 0
query9129 4.68 54% 0 77120 1.00 1.00 0 5 HYBRID 42 29 1 1 1 1 1 1 4 1 5 1 1 1 7 10 1 1 1 1 1 1 0 1 1 1 1 1 1 2 1 7 1 1 1 2 2 1 1 1 1 1 1 0
query9130 4.50 52% 0 78452 1.00 1.00 0 5 HYBRID 59 35 1 1 1 1 1 1 4 1 16 1 8 1 9 7 1 1 1 1 1 1 0 1 1 1 1 1 1 3 1 9 1 3 1 2 3 1 1 1 1 1 1 0
query9134 2.76 51% 0 78764 1.00 1.00 0 5 HYBRID 75 35 1 1 1 1 1 1 32 1 11 1 4 1 11 2 1 1 1 1 1 1 0 1 1 1 1 1 1 2 1 11 1 2 1 2 3 1 1 1 1 1 1 0
query9135 3.07 63% 0 88804 1.00 1.00 0 5 HYBRID 564 34 1 1 1 1 1 1 133 1 6 1 2 1 11 397 1 1 1 1 1 1 0 1 1 1 1 1 1 2 1 11 1 2 1 2 2 1 1 1 1 1 1 0
query9136 2.81 62% 0 86372 1.00 1.00 0 5 HYBRID 564 34 1 1 1 1 1 1 133 1 6 1 2 1 11 397 1 1 1 1 1 1 0 1 1 1 1 1 1 2 1 11 1 2 1 2 2 1 1 1 1 1 1 0
query9137 4.18 51% 0 77808 1.00 1.00 0 5 HYBRID 58 32 1 1 1 1 1 1 9 1 13 1 4 1 7 10 1 1 1 1 1 1 0 1 1 1 1 1 1 3 1 7 1 2 1 2 3 1 1 1 1 1 1 0
query9139 4.53 50% 0 76480 1.00 1.00 0 5 HYBRID 35 26 1 1 1 1 1 1 6 1 3 1 1 1 4 6 1 1 1 1 1 1 0 1 1 1 1 1 1 2 1 4 1 1 1 2 2 1 1 1 1 1 1 0
query9143 4.64 54% 0 76700 1.00 1.00 0 5 HYBRID 35 26 1 1 1 1 1 1 6 1 3 1 1 1 4 6 1 1 1 1 1 1 0 1 1 1 1 1 1 2 1 4 1 1 1 2 2 1 1 1 1 1 1 0
query9144 2.75 54% 0 77732 1.00 1.00 0 5 HYBRID 137 33 1 1 1 1 1 1 34 1 9 1 68 1 9 2 1 1 1 1 1 1 0 1 1 1 1 1 1 3 1 9 1 2 1 2 2 1 1 1 1 1 1 0
query9149 3.36 58% 0 77784 1.00 1.00 0 5 HYBRID 59 35 1 1 1 1 1 1 4 1 16 1 8 1 9 7 1 1 1 1 1 1 0 1 1 1 1 1 1 2 1 9 1 3 1 2 4 1 1 1 1 1 1 0
query9150 3.06 51% 0 78764 1.00 1.00 0 5 HYBRID 75 35 1 1 1 1 1 1 4 1 11 1 3 1 11 31 1 1 1 1 1 1 0 1 1 1 1 1 1 3 1 11 1 2 1 2 2 1 1 1 1 1 1 0
query9152 4.47 55% 0 77928 1.00 1.00 0 5 HYBRID 137 33 1 1 1 1 1 1 35 1 9 1 2 1 9 67 1 1 1 1 1 1 0 1 1 1 1 1 1 3 1 9 1 2 1 2 2 1 1 1 1 1 1 0
query9156 2.37 61% 0 77236 1.00 1.00 0 5 HYBRID 42 29 1 1 1 1 1 1 4 1 5 1 1 1 7 10 1 1 1 1 1 1 0 1 1 1 1 1 1 2 1 7 1 1 1 2 2 1 1 1 1 1 1 0
query9157 3.18 51% 0 76452 1.00 1.00 0 5 HYBRID 31 30 1 1 1 1 1 1 2 1 3 1 1 1 8 2 1 1 1 1 1 1 0 1 1 1 1 1 1 2 1 8 1 1 1 2 2 1 1 1 1 1 1 0
query9158 4.25 51% 0 76964 1.00 1.00 0 5 HYBRID 42 32 1 1 1 1 1 1 1 1 7 1 7 1 9 3 1 1 1 1 1 1 0 1 1 1 1 1 1 1 1 9 1 2 1 2 3 1 1 1 1 1 1 0
query9159 2.64 50% 0 77128 1.00 1.00 0 5 HYBRID 31 30 1 1 1 1 1 1 2 1 3 1 1 1 8 2 1 1 1 1 1 1 0 1 1 1 1 1 1 2 1 8 1 1 1 2 2 1 1 1 1 1 1 0
query9161 4.25 54% 0 77776 1.00 1.00 0 5 HYBRID 59 35 1 1 1 1 1 1 6 1 16 1 4 1 9 9 1 1 1 1 1 1 0 1 1 1 1 1 1 3 1 9 1 3 1 2 3 1 1 1 1 1 1 0
query9162 3.18 63% 0 77060 1.00 1.00 0 5 HYBRID 58 32 1 1 1 1 1 1 9 1 13 1 4 1 7 10 1 1 1 1 1 1 0 1 1 1 1 1 1 3 1 7 1 2 1 2 3 1 1 1 1 1 1 0
query9164 4.49 53% 0 78364 1.00 1.00 0 5 HYBRID 75 35 1 1 1 1 1 1 32 1 11 1 2 1 11 4 1 1 1 1 1 1 0 1 1 1 1 1 1 3 1 11 1 2 1 2 2 1 1 1 1 1 1 0
query9165 2.92 64% 0 77508 1.00 1.00 0 5 HYBRID 42 32 1 1 1 1 1 1 1 1 7 1 7 1 9 3 1 1 1 1 1 1 0 1 1 1 1 1 1 1 1 9 1 2 1 2 3 1 1 1 1 1 1 0
query6606 2.02 64% 0 75672 1.00 1.00 0 3 HYBRID 55 24 1 1 1 1 1 1 1 15 15 1 1 1 1 1 1 1 1 8 1 1 0 1 1 1 1 1 1 1 3 2 1 1 1 1 1 1 1 1 2 1 1 0
query6608 4.31 54% 0 76936 1.00 1.00 0 3 HYBRID 145 27 1 1 1 1 1 1 1 65 45 1 1 1 1 1 1 1 1 18 1 1 0 1 1 1 1 1 1 1 4 4 1 1 1 1 1 1 1 1 2 1 1 0
query9168 2.07 67% 0 77104 1.00 1.00 0 5 HYBRID 31 30 1 1 1 1 1 1 2 1 3 1 1 1 8 2 1 1 1 1 1 1 0 1 1 1 1 1 1 2 1 8 1 1 1 2 2 1 1 1 1 1 1 0
query9170 4.50 50% 0 77060 1.00 1.00 0 5 HYBRID 42 32 1 1 1 1 1 1 1 1 7 1 7 1 9 3 1 1 1 1 1 1 0 1 1 1 1 1 1 1 1 9 1 2 1 2 3 1 1 1 1 1 1 0
query9172 4.03 64% 0 76516 1.00 1.00 0 5 HYBRID 35 26 1 1 1 1 1 1 6 1 3 1 1 1 4 6 1 1 1 1 1 1 0 1 1 1 1 1 1 2 1 4 1 1 1 2 2 1 1 1 1 1 1 0
query9175 2.59 61% 0 77432 1.00 1.00 0 5 HYBRID 42 29 1 1 1 1 1 1 4 1 5 1 1 1 7 10 1 1 1 1 1 1 0 1 1 1 1 1 1 2 1 7 1 1 1 2 2 1 1 1 1 1 1 0
query9176 4.06 52% 0 76396 1.00 1.00 0 5 HYBRID 31 30 1 1 1 1 1 1 2 1 3 1 1 1 8 2 1 1 1 1 1 1 0 1 1 1 1 1 1 2 1 8 1 1 1 2 2 1 1 1 1 1 1 0
query9179 2.64 53% 0 78348 1.00 1.00 0 5 HYBRID 137 33 1 1 1 1 1 1 34 1 9 1 2 1 9 68 1 1 1 1 1 1 0 1 1 1 1 1 1 3 1 9 1 2 1 2 2 1 1 1 1 1 1 0
query9180 5.04 61% 0 77684 1.00 1.00 0 5 HYBRID 59 35 1 1 1 1 1 1 6 1 16 1 5 1 9 8 1 1 1 1 1 1 0 1 1 1 1 1 1 3 1 9 1 3 1 2 3 1 1 1 1 1 1 0
query9181 4.71 56% 0 76548 1.00 1.00 0 5 HYBRID 42 29 1 1 1 1 1 1 4 1 5 1 1 1 7 10 1 1 1 1 1 1 0 1 1 1 1 1 1 2 1 7 1 1 1 2 2 1 1 1 1 1 1 0
query9184 4.56 66% 0 86496 1.00 1.00 0 5 HYBRID 564 34 1 1 1 1 1 1 133 1 6 1 2 1 11 397 1 1 1 1 1 1 0 1 1 1 1 1 1 2 1 11 1 2 1 2 2 1 1 1 1 1 1 0
query9185 4.51 50% 0 76900 1.00 1.00 0 5 HYBRID 31 30 1 1 1 1 1 1 2 1 3 1 1 1 8 2 1 1 1 1 1 1 0 1 1 1 1 1 1 2 1 8 1 1 1 2 2 1 1 1 1 1 1 0
query9186 4.80 57% 0 78092 1.00 1.00 0 5 HYBRID 75 35 1 1 1 1 1 1 17 1 11 1 17 1 11 4 1 1 1 1 1 1 0 1 1 1 1 1 1 3 1 11 1 2 1 2 2 1 1 1 1 1 1 0
query9187 2.95 51% 0 78396 1.00 1.00 0 5 HYBRID 59 35 1 1 1 1 1 1 4 1 16 1 8 1 9 7 1 1 1 1 1 1 0 1 1 1 1 1 1 3 1 9 1 3 1 2 3 1 1 1 1 1 1 0
query6628 2.18 74% 0 75800 1.00 1.00 0 3 HYBRID 43 25 1 1 1 1 1 1 1 7 10 1 1 1 1 1 1 1 1 9 1 1 0 1 1 1 1 1 1 1 3 3 1 1 1 1 1 1 1 1 2 1 1 0
query6630 1.92 64% 0 75300 1.00 1.00 0 3 HYBRID 55 24 1 1 1 1 1 1 1 15 15 1 1 1 1 1 1 1 1 8 1 1 0 1 1 1 1 1 1 1 3 2 1 1 1 1 1 1 1 1 2 1 1 0
query9192 2.34 52% 0 78220 1.00 1.00 0 5 HYBRID 59 35 1 1 1 1 1 1 5 1 16 1 4 1 9 10 1 1 1 1 1 1 0 1 1 1 1 1 1 3 1 9 1 3 1 2 3 1 1 1 1 1 1 0
query9193 2.53 50% 0 77232 1.00 1.00 0 5 HYBRID 31 30 1 1 1 1 1 1 2 1 3 1 1 1 8 2 1 1 1 1 1 1 0 1 1 1 1 1 1 2 1 8 1 1 1 2 2 1 1 1 1 1 1 0
query6634 2.62 78% 0 76528 1.00 1.00 0 3 HYBRID 136 27 1 1 1 1 1 1 1 41 53 1 1 1 1 1 1 1 1 25 1 1 0 1 1 1 1 1 1 1 6 2 1 1 1 1 1 1 1 1 2 1 1 0
query9194 2.89 45% 0 77084 1.00 1.00 0 5 HYBRID 31 30 1 1 1 1 1 1 2 1 3 1 1 1 8 2 1 1 1 1 1 1 0 1 1 1 1 1 1 2 1 8 1 1 1 2 2 1 1 1 1 1 1 0
query9202 4.64 52% 0 78320 1.00 1.00 0 5 HYBRID 59 35 1 1 1 1 1 1 4 1 16 1 7 1 9 8 1 1 1 1 1 1 0 1 1 1 1 1 1 3 1 9 1 3 1 2 3 1 1 1 1 1 1 0
query9203 4.11 51% 0 77260 1.00 1.00 0 5 HYBRID 31 30 1 1 1 1 1 1 2 1 3 1 1 1 8 2 1 1 1 1 1 1 0 1 1 1 1 1 1 2 1 8 1 1 1 2 2 1 1 1 1 1 1 0
query9205 4.44 53% 0 78344 1.00 1.00 0 5 HYBRID 59 35 1 1 1 1 1 1 6 1 16 1 5 1 9 8 1 1 1 1 1 1 0 1 1 1 1 1 1 3 1 9 1 3 1 2 3 1 1 1 1 1 1 0
