query1 47.76 30% 0 319972 1.00 1.00 28 5 HYBRID 9269 1725 2232 756 216 1 216 138 1 1870 73 1 55 529 127 2 601 1342 891 216 1 1 0 200 62 24 24 24 25 24 145 297 6 24 25 297 25 280 144 62 25 6 6 0
query2 138.46 30% 0 351192 1.00 1.00 19 3 HYBRID 75314 8841 1 4 6186 439 22290 1 436 16105 16177 1 469 1 2892 1 1 1 1 8246 2061 1 0 4 5 420 421 1811 421 421 1395 1812 4 421 421 422 420 4 4 4 422 5 4 0
query3 60.29 41% 0 339104 1.00 1.00 24 3 HYBRID 11942 4608 137 2 2220 1 2220 1290 1 835 1 307 25 529 1 1154 529 1 161 2220 307 1 0 5 5 141 141 142 142 141 607 141 606 743 142 142 143 5 4 607 141 606 4 0
query4 759.64 21% 0 455804 1.00 1.00 25 5 HYBRID 3449726 32265 1 4 38942 38942 7 960 1097011 837 960 124 1097011 1 51925 1097020 6 4 6 12981 12981 3 0 6 178 2607 2778 7 39 7799 38 39 7 7799 6 2779 7800 7 7 7 177 178 7 0
query5 9.43 82% 0 224356 1.00 1.00 23 3 HYBRID 18578 415 1 1 241 244 241 7 1 5907 7 1 1 18 5909 9 16 16 5907 19 16 16 0 4 4 5 58 5 62 4 9 62 9 4 10 11 58 9 10 9 63 9 10 0
query6 109.13 26% 0 341076 1.00 1.00 18 5 HYBRID 23564 4959 6319 1 1 145 1 1711 145 901 6895 2404 1 1 145 1 1 811 487 1 3592 1 0 807 6 6 191 6 109 191 7 1332 191 6 6 191 6 6 108 632 6 1146 6 0
query7 60.84 40% 0 332700 1.00 1.00 12 3 STAR 23633 3825 4 1 1 1366 1 1 4104 2401 1366 1 4107 2401 1 7869 4 1 1 1 1 1 0 489 4 4 489 4 4 281 5 489 4 767 5 4 767 489 4 4 4 4 4 0
query8 109.83 35% 0 350644 1.00 1.00 20 3 HYBRID 35738 7540 10 1 1511 4778 1511 600 5224 1 4757 1 5228 2 44 10545 10 1 1 1511 1 1 0 1048 4 5 1049 5 5 400 4 1049 4 1444 5 5 1444 1048 4 4 5 4 4 0
query9 357.04 34% 0 363584 1.00 1.00 33 6 HYBRID 333608 38772 6831 1 1 336 1 1702 4656 82621 23436 6993 1 1 95916 1 1 4321 86941 1702 16444 1702 0 752 7 7 181 7 2604 882 2604 4219 2778 7 2604 3647 7 2604 3305 3305 2604 4044 2604 0
query10 138.99 27% 0 348788 1.00 1.00 31 5 HYBRID 39203 7018 5149 3973 2509 4249 2515 6108 280 837 960 124 280 1 562 10 6 5152 6 2509 1 3972 0 605 1041 178 1212 179 810 178 38 211 7 178 178 179 179 7 606 7 178 6 1041 0
query11 14.94 93% 0 313508 1.00 1.00 19 2 STAR 10976 1576 137 2 2220 1 2220 1290 1 529 1 1 1 529 1 1154 529 1 137 2220 1 1 0 4 4 140 140 140 141 140 4 140 3 140 141 140 141 4 3 4 141 3 3 0
query12 333.64 25% 0 355360 1.00 1.00 29 5 HYBRID 73234 21782 3050 10 5725 17045 4297 1 1 4306 11 1621 3 1 1622 1 8971 8971 9503 8074 10 11 0 1626 870 298 2673 298 6 1808 1162 871 1625 7 6 1626 6 870 2672 1809 1808 870 871 0
query13 35.60 73% 0 329356 1.00 1.00 16 2 STAR 27005 4652 1 4 6187 439 6187 1 436 1 73 1 469 1 2892 1 1 1 1 8247 2061 1 0 3 4 420 421 420 420 420 3 420 3 420 420 421 420 3 3 3 421 4 3 0
query14 1800.00 0% 0 1432 0.00 1.00 35 7 HYBRID 722359 87720 1 19 163522 146260 85371 1 1306 48313 48529 1 1402 1 155672 1 1 1 1 45304 8246 18407 0 8 425 10918 11335 15522 1251 1251 4177 5420 8 1251 1251 11337 1251 8 8 8 11770 425 10096 0
query15 15.92 48% 0 221832 1.00 1.00 6 2 STAR 11237 493 700 1 1 1 1 1 1 700 1 1 3041 1 1 1 3041 700 1 1 1 3041 0 4 3 3 3 3 3 3 4 3 3 146 3 3 3 146 4 3 3 3 147 0
query16 1800.00 0% 0 1432 .99 1.00 24 3 STAR 39203579 148436 1 37961 241 241 38201 100 1 131491 12901213 1045 1 354 131493 3 418 38378 131491 12889909 12900520 517 0 4 24625 5 5 24626 57 4 57 24678 57 4 58 58 5 57 24678 57 24666 24678 57 0
query17 166.13 30% 0 352472 1.00 1.00 32 5 STAR 55187 12833 1 118 4343 7 4460 2359 1 7183 5171 1 1 1 1715 2359 7183 124 1 7799 5171 7189 0 6 1193 269 359 1456 269 269 725 1546 6 269 269 359 269 725 1283 6 1456 1284 815 0
query18 9.28 59% 0 152004 1.00 1.00 11 2 PATH 770 331 1 1 241 244 241 7 1 1 7 1 1 3 3 9 1 1 1 4 1 1 0 3 3 4 57 4 56 3 3 56 3 3 4 4 57 3 3 3 56 3 3 0
query19 23.52 50% 0 300652 1.00 1.00 20 4 STAR 4115 1305 1 1 1000 335 750 97 85 154 1 97 202 4 380 4 97 1 1 750 154 1 0 5 5 61 61 59 237 59 29 59 183 83 59 60 59 183 5 5 59 29 5 0
query20 1800.01 0% 0 1432 0.00 1.00 34 6 HYBRID 1638461 133921 1 1270 9973 1948 9973 1 679 1 109 1 1015 1 535500 1 1 1 1 543963 534021 1 0 7 25293 675 25960 675 675 675 7 675 7 675 675 25958 675 7 7 7 25964 25297 7 0
query21 7.03 63% 0 112536 1.00 1.00 14 2 STAR 1166 167 1 4 248 248 7 124 1 1 124 124 1 1 251 10 6 4 6 1 1 3 0 3 4 35 35 4 4 3 3 4 4 3 3 36 4 4 4 4 3 3 4 0
query22 18.74 67% 0 297416 1.00 1.00 9 2 PATH 10361 1173 2404 1 1 145 1 901 145 901 3304 2404 1 1 145 1 1 1 1 1 1 1 0 188 3 3 188 3 4 188 4 189 188 3 3 188 3 3 3 3 3 3 3 0
query23 7.04 68% 0 129116 1.00 1.00 16 2 STAR 1154 231 238 4 1 1 16 124 1 1 124 133 1 1 4 10 6 4 243 238 1 3 0 35 4 3 3 36 4 3 3 4 36 3 3 4 4 4 4 36 35 3 4 0
query24 1800.00 0% 0 1432 0.00 1.00 44 7 HYBRID 2038466 150752 535992 1 643832 17508 107904 3600 17346 11860 3681 1 9721 8099 26904 8099 1 1 536091 107742 1 82 0 6892 8 14084 14084 14084 7384 7199 7774 14269 8 14084 7743 14084 7743 8 159 7044 7200 8 6893 0
query25 26.22 56% 0 324012 1.00 1.00 15 2 PATH 17227 1522 1430 4295 1430 2 2 1 4295 2 17 1 18 1 2 1 1 4295 1430 1 1 2 0 4 293 4 4 4 3 294 4 294 3 295 3 4 3 3 293 4 3 3 4 0
query26 331.21 26% 0 348152 1.00 1.00 31 5 HYBRID 73381 22403 3050 4304 1430 17085 2 1 4295 11 26 1621 18 1 1622 1 8999 13293 9515 8086 10 11 0 1629 1161 7 2679 7 6 2104 872 1163 1628 297 6 1629 6 871 2968 1814 1813 871 872 0
query27 270.26 31% 0 360688 1.00 1.00 24 4 HYBRID 475445 18365 149482 4 6186 439 6186 9487 436 1 73 1 469 1 2892 1 1 9487 139996 148241 2061 1 0 3298 6 421 422 2323 1812 421 5 421 1907 421 421 422 421 5 1396 1907 2325 6 5 0
query28 35.26 37% 0 304692 1.00 1.00 17 3 STAR 6203 1348 1 1 1511 29 1610 609 29 1 8 10 24 2 44 601 10 1 1 1610 1 100 0 4 4 5 5 400 29 5 4 5 28 5 5 5 5 28 4 4 400 4 399 0
query29 1299.81 25% 0 530676 1.00 1.00 41 5 HYBRID 460706 108670 6184 4 6609 60619 432 205 86152 1 60712 124 86164 4 55 146812 6 4 6189 426 1 3 0 17345 7 145 17376 146 38 1280 114 17377 7 18620 38 146 18512 17238 7 115 38 6 115 0
query30 88.67 32% 0 331032 1.00 1.00 23 4 STAR 28622 4761 1867 2 2342 1 3040 1273 1 3781 1 1867 1 1 2566 1273 3781 1 1 3040 1 3782 0 647 6 151 150 151 150 150 383 150 647 150 150 793 150 383 5 5 151 5 384 0
query32 27.15 42% 0 295084 1.00 1.00 6 2 PATH 18017 976 1 1 1 1 1 1 4500 1 1 1 6000 1 1 4500 1501 1 1 1 1 1501 0 3 3 3 3 3 3 307 3 3 3 309 3 3 307 4 3 3 3 3 4 0
query33 13.89 56% 0 253228 1.00 1.00 6 2 PATH 32291 430 1 1 1 1 593 1 10166 593 593 1 10166 1 1 10166 1 1 1 1 1 1 0 3 3 3 3 4 3 125 4 4 3 125 3 3 126 3 3 3 3 3 3 0
query34 5.00 52% 0 94000 1.00 1.00 18 2 STAR 206 105 1 2 1 5 46 4 10 45 37 1 2 10 1 14 8 9 2 2 4 2 0 3 4 3 4 14 4 4 14 13 3 4 4 3 4 4 4 4 4 4 4 0
query35 7.52 67% 0 150756 1.00 1.00 14 3 STAR 1262 332 1 1 1 62 1 287 10 111 1 1 1 226 1 1 129 28 226 10 62 102 0 4 4 4 5 4 30 29 46 4 4 4 29 4 4 45 29 29 29 5 20 0
query36 35.26 38% 0 323944 1.00 1.00 8 2 PATH 21758 1316 1 4 1 4 5185 1 1 5185 5185 1 1 1 2061 1 1 1 1 2061 2061 1 0 3 4 3 4 420 3 3 420 420 3 3 3 4 3 3 3 3 4 4 3 0
query37 22.73 55% 0 307984 1.00 1.00 27 5 HYBRID 24626 1311 7016 4 1 1 860 124 1 983 977 124 130 1 4 13 6 72 7024 7084 130 71 0 181 7 6 6 211 7 6 54 37 182 25 6 7 39 7 39 214 213 25 39 0
query38 461.06 19% 0 391800 1.00 1.00 36 6 HYBRID 272246 19894 6523 22 1 19567 37 65748 78265 1 528 528 1 1 5371 19624 58734 6544 36 5350 5350 15 0 1081 138 7 1415 39 5032 5234 7 39 39 7 7 138 1348 3958 1113 40 106 106 40 0
query39 413.30 21% 0 370176 1.00 1.00 37 7 HYBRID 245757 21223 6453 730 5724 4490 8 1 17749 8 6 730 70970 1 737 17740 53217 10 9477 3754 1 53951 0 1055 158 299 1315 299 8 1024 299 299 764 4000 8 1055 158 3560 874 1166 874 8 4000 0
query40 10.94 52% 0 152408 1.00 1.00 20 4 HYBRID 1544 393 1 4 248 248 25 124 109 1 124 124 109 1 251 118 6 4 6 19 1 21 0 5 6 37 37 60 6 13 5 6 6 13 5 38 14 6 6 6 59 5 60 0
query41 133.18 31% 0 357036 1.00 1.00 19 3 STAR 40397 8845 1 4468 6187 4903 6187 1 436 1 73 1 469 1 2892 1 1 1 1 8247 2061 4465 0 4 1396 421 1813 421 421 421 4 421 4 421 421 422 421 4 4 4 422 5 1395 0
query42 1800.00 0% 0 1432 0.00 1.00 42 7 HYBRID 542840 81335 1 310 1 310 1072 1 1 1072 1072 1 1 1 179664 1 1 1 1 179664 179664 1 0 8 1669 8 1669 24302 8 8 24303 24288 8 8 8 1669 8 8 8 8 1669 1670 8 0
query43 107.90 27% 0 342520 1.00 1.00 17 3 PATH 68216 4406 1 1 1511 29 1511 600 5224 1 8 1 20803 2 44 5796 15585 1 1 1511 1 15585 0 4 4 5 5 5 5 400 4 5 4 1444 5 5 400 1047 4 4 5 4 1047 0
query44 30.10 54% 0 331836 1.00 1.00 18 3 HYBRID 16838 2195 1 1 3877 3884 3877 1 1 1 1715 1 1 10 1724 10 1 8 1 1 1715 8 0 4 4 266 356 267 4 4 4 94 4 4 266 357 266 4 94 4 4 95 94 0
query45 16.30 58% 0 255420 1.00 1.00 21 3 HYBRID 3677 946 137 2 1 1 1 552 46 655 1 82 4 943 1 2 547 19 554 46 82 1 0 5 5 4 4 4 26 25 164 4 142 142 26 4 5 26 25 164 25 142 4 0
query46 954.16 16% 0 394524 1.00 1.00 24 7 HYBRID 233183 43057 37207 37207 1 3403 1 1 10207 9601 3403 1 23707 9601 1 23209 13501 3808 37207 3808 3808 13501 0 3479 2713 8 774 8 8 693 494 774 8 2904 494 8 1945 2219 7454 2713 7454 7454 1453 0
query47 825.75 44% 0 450588 1.00 1.00 21 3 HYBRID 754631 127867 1 91 171337 12412 171337 1 12322 1 2041 1 13060 1 82455 1 1 1 1 230451 59115 1 0 4 422 11431 11849 11431 11431 11431 4 11431 4 11431 11431 11849 11431 4 4 4 11849 422 4 0
query48 35.07 55% 0 338352 1.00 1.00 10 2 STAR 177521 2147 1 91 1 91 1 1 1 1 1 1 1 1 59108 1 1 1 1 59108 59108 1 0 3 421 3 420 3 3 3 3 3 3 3 3 421 3 3 3 3 420 420 3 0
query49 334.40 21% 0 378736 1.00 1.00 12 4 HYBRID 190811 14003 1 1 1 1 1 1 40499 9601 1 1 53998 9601 1 50099 13500 1 1 1 1 13500 0 5 5 5 5 5 5 2709 491 5 5 4153 491 5 3195 1450 5 5 5 5 1449 0
query51 11.14 65% 0 210972 1.00 1.00 11 2 STAR 5300 516 1330 1 1 2 4 1 1 1 429 4 1 1 429 1 1 2 1330 1330 429 2 0 93 3 3 4 93 3 3 3 4 93 3 3 4 3 3 4 93 93 4 4 0
query52 33.57 40% 0 317852 1.00 1.00 14 2 PATH 11393 1256 1 1 1511 29 3349 600 29 1839 1846 1 24 2 44 601 1 1 1 1511 1 1 0 3 3 4 4 399 4 4 398 399 3 4 4 4 4 3 3 3 4 3 3 0
query53 18.13 42% 0 217248 1.00 1.00 12 4 STAR 3362 683 801 1 1 100 1 100 1 216 1 801 1 1 801 1 216 1 1 1 100 216 0 51 5 5 130 5 130 5 28 5 51 5 5 51 5 28 5 5 5 130 29 0
query54 879.33 16% 0 375660 1.00 1.00 21 6 HYBRID 437240 37358 28747 1 1 49 1 1 49 33112 112582 802 22924 10189 83884 10189 22924 1 1 1 111781 1 0 4597 7 7 8 7 7 8 2228 10191 8 1540 695 5602 695 1540 7 7 7 10190 7 0
query55 24.64 41% 0 265312 1.00 1.00 20 4 HYBRID 9920 934 1 337 1 1 2336 960 1 2833 2956 457 1 1 4 10 6 4 6 1 1 3 0 5 178 5 5 248 38 5 107 109 178 5 5 6 6 6 6 6 5 5 6 0
query56 57.57 64% 0 350456 1.00 1.00 18 3 STAR 64541 7178 1 1 1 1 1 298 1 18082 3223 523 901 37 19882 1 946 46 17182 334 2737 343 0 4 4 4 4 4 549 4 550 734 549 5 549 734 4 550 549 549 549 734 549 0
query57 34.29 37% 0 307644 1.00 1.00 19 3 HYBRID 6713 1331 247 1 1511 29 1511 632 29 1 8 33 24 2 44 601 33 1 247 1757 1 1 0 15 4 5 5 16 400 5 4 5 410 5 5 5 5 399 4 15 16 4 4 0
query58 141.93 26% 0 341800 1.00 1.00 26 6 HYBRID 33875 6715 3043 1 1944 1 1944 1387 1 5464 4456 1 1 2701 514 3187 514 1864 1864 1944 3043 1 0 552 7 113 113 113 114 113 651 1272 7 113 299 727 298 620 465 465 114 552 7 0
query59 1800.00 0% 0 1428 .99 1.00 24 3 STAR 40049948 151012 1 38481 241 241 38721 100 1 131468 13178759 1045 1 354 131470 3 418 38898 131468 13178930 13178831 517 0 4 25055 5 5 25056 56 4 56 25105 56 4 57 57 5 56 25107 57 25105 25106 56 0
query60 30.31 42% 0 313116 1.00 1.00 15 3 HYBRID 5714 1407 1 1 1467 1288 1287 1 1 1 429 1 1 184 432 4 1 2 1 1 429 182 0 4 4 355 95 93 4 4 4 5 4 4 355 94 93 4 5 4 4 5 267 0
query61 14.78 53% 0 226228 1.00 1.00 25 3 STAR 2078 767 1 4 427 22 433 238 22 1 124 157 25 4 46 94 39 4 6 427 1 3 0 4 5 36 36 37 145 36 4 37 113 36 36 37 37 113 5 5 36 4 5 0
query62 6.78 84% 0 175312 1.00 1.00 22 2 STAR 1979 423 1 4 427 22 433 205 22 1 124 124 25 4 46 94 6 4 6 427 1 3 0 3 4 35 35 36 36 35 3 36 4 35 35 36 36 4 4 4 35 3 4 0
query63 33.47 37% 0 299292 1.00 1.00 14 2 STAR 6641 1256 1 255 1511 283 1511 600 29 1 8 1 24 2 44 601 1 1 1 1511 1 255 0 3 398 4 399 4 4 4 3 4 3 4 4 4 4 3 3 3 4 3 398 0
query64 1800.00 0% 0 1432 0.00 1.00 37 7 HYBRID 694197 100915 1 525 1 525 595 1 1 595 595 1 1 1 230450 1 1 1 1 230450 230450 1 0 8 11852 8 11852 13850 8 8 13854 13854 8 8 8 11853 8 8 8 8 11852 11852 8 0
query65 4.98 50% 0 90116 1.00 1.00 6 2 PATH 332 93 79 1 1 1 1 1 1 1 79 1 1 1 1 1 79 27 1 27 27 1 0 13 3 3 3 3 3 3 3 13 3 3 3 3 3 13 4 3 4 4 3 0
query66 1800.00 0% 0 1428 0.00 1.00 51 7 HYBRID 1180775 147152 5849 266482 44732 48958 44732 27593 266446 10968 3241 1 3241 10968 1 21745 10968 266446 54728 93674 1 1 0 713 12563 2687 13214 2692 3392 25059 713 14537 8 14532 3393 2687 3392 714 22385 11231 13219 13 8 0
query67 1800.00 0% 0 1428 1.00 0.00 27 4 HYBRID 1531625 76148 1 1 241 241 241 376537 1 507928 378275 1045 1 354 131493 3 418 418 131491 1259 1160 517 0 5 23 6 6 24 25157 5 25158 25175 58 5 59 59 6 58 76 58 76 76 58 0
query68 20.30 40% 0 230256 1.00 1.00 14 3 HYBRID 3257 742 515 2 1 1 1 138 1 529 1 379 1 529 379 2 529 37 137 37 37 1 0 143 5 4 4 4 5 4 5 4 142 4 5 142 5 5 84 5 84 84 4 0
query69 1800.00 0% 0 1432 0.00 1.00 45 7 HYBRID 587708 124522 6334 129655 63929 32 59138 600 129683 57628 497 1 516 2 47 601 1 129655 6334 3050 1 4 0 13525 8656 4255 404 17378 9 8657 4254 9052 13131 9052 9 404 9 8 8656 13526 13126 8 403 0
query70 33.33 38% 0 311292 1.00 1.00 14 2 PATH 11393 1256 1 1 1511 29 3349 600 29 1839 1846 1 24 2 44 601 1 1 1 1511 1 1 0 3 3 4 4 399 4 4 398 399 3 4 4 4 4 3 3 3 4 3 3 0
query71 133.89 32% 0 347880 1.00 1.00 19 3 HYBRID 75317 8845 1 4 6187 439 22291 1 436 16105 16177 1 469 1 2892 1 1 1 1 8247 2061 1 0 4 5 421 422 1812 421 421 1395 1812 4 421 421 422 421 4 4 4 422 5 4 0
query72 1100.03 25% 0 445596 1.00 1.00 20 5 HYBRID 402296 87032 1 4756 1 60484 5185 1 66367 5185 60913 1 66367 1 2061 122095 1 1 1 2061 2061 4753 0 13284 1048 6 14326 423 6 961 423 13701 6 14239 6 7 14239 13284 6 6 7 7 1047 0
query73 14.74 46% 0 195400 1.00 1.00 12 3 STAR 3899 500 865 1 1 2 1 1 1 1 1077 217 1 1 645 1 649 2 1 1 429 2 0 142 4 4 5 4 4 4 4 53 94 4 4 95 4 52 5 4 4 5 5 0
query74 1800.00 0% 0 1432 .19 1.00 37 7 HYBRID 1115354 98213 2290 2 27541 21914 21363 1 2323 1 12689 10 326700 82 11338 12788 325188 1 2290 23643 1 325189 0 3069 9 1855 4775 1535 1389 1389 8 4309 153 25382 1390 1854 4312 24000 8 153 1535 8 21080 0
query75 430.19 24% 0 372640 1.00 1.00 33 5 HYBRID 96554 27127 7911 12928 5724 11283 8 1 12955 8 52 2188 60 1 2195 1 1 12955 16999 11276 1 7 0 2560 871 297 2893 297 6 3467 297 1162 2269 1162 6 2560 6 6 3469 2894 2602 6 297 0
query76 18.49 44% 0 246008 1.00 1.00 6 2 STAR 7655 624 914 914 1 1 1 1 1 1633 1 1 1 1 1 1 1633 1 914 1 1 1633 0 4 4 3 3 3 3 3 190 3 3 3 3 3 3 190 3 4 3 3 190 0
query77 86.42 46% 0 338948 1.00 1.00 23 3 HYBRID 44275 8473 1430 4305 1430 9002 2 1 4296 11 26 1 18 1 2 1 9001 13296 1430 1 10 11 0 5 1161 5 871 5 4 295 871 1162 4 296 4 5 4 870 1161 5 4 870 871 0
query78 36.35 36% 0 315124 1.00 1.00 17 3 STAR 7487 1393 1 1 1681 29 1511 600 29 367 8 1 24 172 44 601 367 1 1 1511 1 537 0 4 4 400 5 5 5 5 43 5 4 5 400 5 5 43 4 4 5 4 438 0
query79 1800.00 0% 0 1428 0.00 1.00 28 6 HYBRID 1514999 51164 1 1 158051 157994 73 1 13501 9601 1 1 13501 9601 481817 23101 1 1 1 323911 323839 1 0 7 2712 10552 13258 16 15 1460 493 16 7 1461 502 13258 1947 7 7 7 2720 2712 7 0
query80 47.96 62% 0 350252 1.00 1.00 23 3 HYBRID 123029 5518 40388 2 37918 10 73 138 1 583 19 19 64 529 10 2 529 1 40388 2335 1 19 0 617 5 478 478 616 5 4 479 478 142 478 5 478 5 5 4 617 142 4 478 0
query81 5.47 100% 0 153328 1.00 1.00 11 2 PATH 11873 176 1 1 1 1 1 3811 150 100 1 1 1 3761 1 1 114 64 3761 100 1 1 0 3 3 3 3 3 18 18 17 3 3 3 18 3 3 18 17 17 17 3 3 0
query82 33.18 37% 0 305156 1.00 1.00 14 2 STAR 8675 1256 933 1 1511 29 1511 600 29 1 8 933 24 2 976 601 1 1 1 1511 1 1 0 398 3 4 4 4 4 4 3 4 398 4 4 399 4 3 3 3 4 3 3 0
query83 6.74 79% 0 150612 1.00 1.00 8 2 PATH 6458 225 2137 1 1 1 16 144 1 1 1 16 1 1 1 1 1 144 1994 1994 1 1 0 36 3 3 3 35 4 3 3 3 36 3 3 3 3 3 4 35 36 3 3 0
query84 5.35 71% 0 117320 1.00 1.00 19 3 STAR 380 206 1 1 90 1 90 2 1 2 1 1 1 1 31 1 1 2 1 120 31 1 0 4 6 14 16 14 15 14 5 14 4 14 14 17 15 4 5 4 17 6 4 0
query85 23.88 51% 0 308844 1.00 1.00 17 3 STAR 8219 1328 172 1 1 2 1 172 1 2134 429 1 1 676 429 1 2134 2 172 1 429 1460 0 94 94 4 5 4 94 4 268 5 4 4 94 5 94 268 5 94 4 5 179 0
query86 25.78 45% 0 317820 1.00 1.00 13 2 STAR 33643 941 1430 1 1430 2 9778 1 1 9778 9778 1 3 1 2 1 1 1 1430 1 1 2 0 4 3 4 4 294 3 3 294 295 3 4 3 4 3 3 3 4 3 3 4 0
query87 48.22 62% 0 346600 1.00 1.00 40 4 HYBRID 20144 6112 1 67 1 55 628 5572 4105 370 1477 1477 1 442 58 739 4170 481 84 10 370 36 0 5 364 5 331 364 617 584 331 38 38 331 331 38 364 617 364 364 331 331 364 0
query88 40.75 36% 0 324404 1.00 1.00 12 3 STAR 24989 1605 2356 5861 5861 97 1 1 97 1 2356 2368 13 1 97 13 1 1 1 1 1 5861 0 11 499 499 10 4 4 10 4 10 11 5 4 10 5 4 4 4 4 4 499 0
query89 48.31 36% 0 337940 1.00 1.00 18 4 HYBRID 8984 2464 700 4 4 1 2098 1 1 700 28 1 1 1 2098 1 1 862 1 2287 190 4 0 6 186 149 5 186 5 5 6 42 5 5 5 149 5 5 468 5 611 467 149 0
query90 62.47 38% 0 345088 1.00 1.00 28 4 HYBRID 22373 3891 1 4 2508 280 2514 960 280 4345 960 124 3788 1 562 10 6 4 6 2508 3509 3 0 5 6 177 177 177 209 177 636 210 6 776 176 177 178 6 6 6 176 604 6 0
query91 14.53 60% 0 240592 1.00 1.00 13 2 STAR 9047 755 2469 2 1 1 19 138 1 529 1 19 1 529 1 2 529 1 2469 2333 1 1 0 141 4 3 3 140 4 3 4 3 141 3 4 3 4 4 3 142 140 3 3 0
query92 6.75 56% 0 109252 1.00 1.00 14 2 STAR 461 167 1 4 1 13 7 136 1 1 124 124 1 1 4 10 6 4 6 1 13 3 0 3 4 3 35 4 36 3 3 4 4 3 3 4 4 4 4 4 3 35 4 0
query93 13.26 81% 0 331964 1.00 1.00 22 3 HYBRID 95738 872 1 4 1 1 7 31346 703 298 124 124 1 30818 4 10 789 382 30823 298 1 3 0 4 5 4 4 5 122 121 90 5 5 4 90 5 5 123 91 90 90 4 5 0
query94 34.29 70% 0 332856 1.00 1.00 16 2 STAR 27002 4647 1 4 6186 439 6186 1 436 1 73 1 469 1 2892 1 1 1 1 8246 2061 1 0 3 4 419 420 419 420 420 3 419 3 419 420 421 420 3 3 3 421 4 3 0
query95 1800.00 0% 0 1432 .97 1.00 18 4 HYBRID 666361 81238 1 304 1 304 42299 1 1 1 1 1 1 1 179627 1 1 1 1 221911 179627 42276 0 5 1664 5 1664 24287 5 5 5 5 5 5 5 1665 5 5 5 5 25946 1664 24283 0
query96 17.77 47% 0 266700 1.00 1.00 14 4 HYBRID 2996 982 859 160 1 73 1 73 1 760 1 61 4 1 1 1 1 700 163 1 133 1 0 23 22 5 41 5 41 5 150 5 149 149 5 5 5 5 6 166 5 185 5 0
query97 9.94 53% 0 152132 1.00 1.00 9 3 STAR 3068 315 1 1 251 251 767 1 1 674 674 1 1 1 251 1 1 1 1 94 1 94 0 4 4 5 5 81 4 4 26 27 4 4 4 5 4 4 4 4 59 4 59 0
query98 168.53 42% 0 353984 1.00 1.00 20 4 HYBRID 118553 20143 1 1 24294 2478 24294 3600 2478 11698 3600 1 9665 1 4044 1 8099 1 1 24294 1 1 0 5 5 1629 1628 1628 1814 1628 734 1813 5 2172 1628 1628 1629 549 5 5 1628 5 5 0
query99 1800.00 0% 0 1432 0.00 1.00 33 6 HYBRID 1556972 159215 365535 1 241 20323 241 100 20083 131491 366579 366652 74 354 151575 76 418 418 131491 451 352 517 0 26408 7 8 26409 8 60 26408 60 26461 26470 16 61 26462 17 60 60 60 60 60 60 0
query100 466.03 20% 0 354444 1.00 1.00 30 6 HYBRID 139781 27236 4798 1 1 49 1 649 49 37216 8569 1450 1 2872 24232 2548 1 13609 37792 973 4321 649 0 637 7 7 8 7 811 8 5482 1955 812 7 985 1326 181 811 5308 5822 811 1440 811 0
