query1 50.78 15% 0 197232 1.00 1.00 5 5 HYBRID 664 657 634 1 1 1 1 1 1 1 1 1 1 1 1 1 7 1 1 6 1 1 0 2 1 1 1 1 1 1 1 1 1 1 1 1 1 634 1 1 4 1 1 0
query2 15.16 37% 0 144892 1.00 1.00 3 3 HYBRID 3808 163 1 1 1 1 1 1 1 1 1729 1 1 1 1 1 1 1 1 2061 1 1 0 1 1 1 1 1 1 1 1 143 1 1 1 1 1 1 1 1 2 1 1 0
query3 4.79 38% 0 76756 1.00 1.00 3 3 HYBRID 62 27 1 1 1 1 1 1 1 21 1 1 1 1 1 1 1 1 1 23 1 1 0 1 1 1 1 1 1 1 2 1 1 1 1 1 1 1 1 1 7 1 1 0
query4 127.69 12% 0 320084 1.00 1.00 5 5 HYBRID 15211 1758 1 1 1 1 1 1 1 1 1264 1 1 1 1649 12281 1 1 1 1 1 1 0 1 1 1 1 1 1 1 1 1649 1 1 1 2 90 1 1 1 1 1 1 0
query5 6.06 40% 0 87664 1.00 1.00 3 3 HYBRID 262 44 1 1 1 1 241 1 1 1 1 1 1 1 1 3 1 1 1 1 1 1 0 1 1 1 1 2 1 1 1 1 1 1 1 1 22 1 1 3 1 1 1 0
query6 4.59 36% 0 76396 1.00 1.00 5 5 HYBRID 45 27 1 1 1 1 1 1 1 1 17 1 1 1 1 1 1 10 1 1 1 1 0 1 1 1 1 1 1 1 1 2 1 1 1 1 1 1 7 1 1 1 1 0
query7 4.52 50% 0 85544 1.00 1.00 3 3 STAR 475 21 1 1 1 1 1 1 1 1 1 1 1 1 1 456 1 1 1 1 1 1 0 1 1 1 1 1 1 1 1 1 1 1 1 1 2 1 1 1 1 1 1 0
query8 7.05 47% 0 97912 1.00 1.00 3 3 HYBRID 929 56 1 1 1 1 1 1 1 1 1 1 1 1 1 456 1 1 1 455 1 1 0 1 1 1 1 1 1 1 1 1 1 1 1 1 2 1 1 1 36 1 1 0
query9 28.17 20% 0 151416 1.00 1.00 6 6 HYBRID 684 345 1 1 1 1 1 1 1 1 325 1 1 1 1 1 1 1 341 1 1 1 0 1 1 1 1 1 1 1 1 2 1 1 1 1 1 1 1 325 1 1 1 0
query10 5.49 49% 0 92216 1.00 1.00 5 5 HYBRID 351 49 1 1 1 1 1 147 1 1 1 1 1 1 1 1 1 1 1 147 1 40 0 1 1 1 1 1 2 1 1 1 1 1 1 1 1 1 1 1 15 1 15 0
query11 7.53 49% 0 106912 1.00 1.00 2 2 STAR 1134 61 1 1 1 1 1 1 1 1 1 1 1 1 1 1 529 1 1 587 1 1 0 1 1 1 1 1 1 1 1 1 1 1 1 1 1 2 1 1 41 1 1 0
query12 7.92 51% 0 114448 1.00 1.00 5 5 HYBRID 1166 109 1 1 1 1 1 1 1 415 1 1 1 1 21 1 1 299 415 1 1 1 0 1 1 1 1 1 1 1 33 1 1 1 1 25 1 1 33 2 1 1 1 0
query13 4.37 43% 0 80004 1.00 1.00 2 2 STAR 314 21 1 1 1 1 1 1 1 1 1 1 1 1 1 1 1 1 1 295 1 1 0 1 1 1 1 1 1 1 1 1 1 1 1 1 1 1 1 1 2 1 1 0
query14 975.85 8% 0 1019396 1.00 1.00 7 7 HYBRID 207348 13808 1 1 1 1 1 1 1 1 665 1 1 1 665 1 1 1 1 206001 1 1 0 1 1 1 1 1 1 1 1 13739 1 1 1 50 1 1 1 1 2 1 1 0
query15 8.98 44% 0 113136 1.00 1.00 2 2 STAR 1727 72 1 1 1 1 1 1 1 1 1 1 1 1 1 1 1 700 1 1 1 1009 0 1 1 1 1 1 1 1 1 1 1 1 1 1 1 1 2 1 1 1 52 0
query16 218.85 23% 0 422204 1.00 1.00 3 3 STAR 1593315 2966 1 1 1 1 241 1 1 1 1 1 1 1 1 1 1 1 43785 1 1549272 1 0 1 1 1 1 2 1 1 1 1 1 1 1 1 1 1 1 22 1 2925 1 0
query17 5.97 42% 0 87104 1.00 1.00 5 5 STAR 263 42 1 1 1 1 1 1 1 1 1 1 1 1 1 1 1 1 1 95 87 64 0 1 1 1 1 1 1 1 1 1 1 1 1 1 1 1 1 1 11 2 12 0
query18 6.30 36% 0 83340 1.00 1.00 2 2 PATH 262 42 1 1 1 1 241 1 1 1 1 1 1 1 1 3 1 1 1 1 1 1 0 1 1 1 1 2 1 1 1 1 1 1 1 1 22 1 1 1 1 1 1 0
query19 6.46 43% 0 87576 1.00 1.00 4 4 STAR 285 46 1 1 251 1 1 1 1 1 1 1 1 1 1 1 11 1 1 1 6 1 0 1 1 2 1 1 1 1 1 1 1 1 1 1 1 22 1 1 1 5 1 0
query20 97.35 15% 0 328728 1.00 1.00 6 6 HYBRID 20561 1292 1 1 1 1 1 1 1 1 1 1542 1 1 1 1 1 1 1 19001 1 1 0 1 1 1 1 1 1 1 1 1 1272 1 1 1 1 1 1 1 2 1 1 0
query21 5.35 38% 0 78624 1.00 1.00 2 2 STAR 217 34 1 1 1 1 1 1 1 1 1 124 1 1 75 1 1 1 1 1 1 1 0 1 1 1 1 1 1 1 1 1 2 1 1 14 1 1 1 1 1 1 1 0
query22 4.68 48% 0 82556 1.00 1.00 2 2 PATH 464 21 1 1 1 1 1 1 1 1 445 1 1 1 1 1 1 1 1 1 1 1 0 1 1 1 1 1 1 1 1 2 1 1 1 1 1 1 1 1 1 1 1 0
query23 5.27 36% 0 78936 1.00 1.00 2 2 STAR 216 34 1 1 1 1 1 1 1 1 1 124 1 1 1 1 1 1 1 74 1 1 0 1 1 1 1 1 1 1 1 1 2 1 1 1 1 1 1 1 14 1 1 0
query24 18.54 28% 0 129588 1.00 1.00 7 7 HYBRID 1380 214 1 1 1168 1 1 1 1 194 1 1 1 1 1 1 1 1 1 1 1 1 0 1 1 194 1 1 1 1 2 1 1 1 1 1 1 1 1 1 1 1 1 0
query25 12.15 43% 0 130324 1.00 1.00 2 2 PATH 2877 121 1 1 1 1 1 1 1 1 1 1 1 1 1 1 1 1429 1430 1 1 1 0 1 1 1 1 1 1 1 1 1 1 1 1 1 1 1 101 2 1 1 1 0
query26 79.50 14% 0 279364 1.00 1.00 5 5 HYBRID 1389 1096 1 1 1 1 1 1 1 1 1 1 1 1 21 1 1 1052 299 1 1 1 0 1 1 1 1 1 1 1 1 1 1 1 1 25 1 1 2 1052 1 1 1 0
query27 41.03 22% 0 256276 1.00 1.00 4 4 HYBRID 11949 512 1 1 1 1 1 1 1 1 1 1 1 1 1 1 1 4636 1 7295 1 1 0 1 1 1 1 1 1 1 1 1 1 1 1 1 1 1 492 1 2 1 1 0
query28 4.75 36% 0 76348 1.00 1.00 3 3 STAR 52 28 1 1 1 1 1 1 1 1 1 1 1 1 1 1 2 1 1 32 1 1 0 1 1 1 1 1 1 1 1 1 1 1 1 1 1 8 1 1 2 1 1 0
query29 52.90 16% 0 212712 1.00 1.00 5 5 HYBRID 2615 707 1 1 1430 1 1 1 1 1 1 587 1 1 1 581 1 1 1 1 1 1 0 1 1 2 1 1 1 1 1 1 101 1 1 1 587 1 1 1 1 1 1 0
query30 8.92 45% 0 114076 1.00 1.00 4 4 STAR 1045 92 1 1 1 1 1 1 1 1 1 1 1 1 148 1 1 1 1 780 1 100 0 1 1 1 1 1 1 1 1 1 1 1 1 58 1 1 1 1 2 1 15 0
query32 4.58 63% 0 96808 1.00 1.00 2 2 PATH 1520 21 1 1 1 1 1 1 1 1 1 1 1501 1 1 1 1 1 1 1 1 1 0 1 1 1 1 1 1 1 1 1 1 2 1 1 1 1 1 1 1 1 1 0
query33 7.64 53% 0 116220 1.00 1.00 2 2 PATH 3997 65 1 1 1 1 1 1 1 1 593 1 1 1 1 3386 1 1 1 1 1 1 0 1 1 1 1 1 1 1 1 2 1 1 1 1 45 1 1 1 1 1 1 0
query34 4.72 38% 0 77540 1.00 1.00 8 2 STAR 81 34 1 1 1 1 1 1 1 9 21 1 1 1 1 14 8 9 2 1 4 2 0 1 1 1 1 1 1 1 2 8 1 1 1 1 2 2 2 2 1 2 2 0
query35 4.68 37% 0 77620 1.00 1.00 3 3 STAR 82 28 1 1 1 1 1 39 1 1 1 1 1 1 1 1 1 1 1 1 1 25 0 1 1 1 1 1 2 1 1 1 1 1 1 1 1 1 1 1 1 1 8 0
query36 14.96 35% 0 142420 1.00 1.00 2 2 PATH 3808 163 1 1 1 1 1 1 1 1 1729 1 1 1 1 1 1 1 1 1 2061 1 0 1 1 1 1 1 1 1 1 143 1 1 1 1 1 1 1 1 1 2 1 0
query37 17.19 26% 0 124692 1.00 1.00 5 5 HYBRID 431 213 1 1 1 1 1 1 1 1 178 1 1 1 1 1 1 1 1 160 76 1 0 1 1 1 1 1 1 1 1 2 1 1 1 1 1 1 1 1 178 16 1 0
query38 5.46 45% 0 89444 1.00 1.00 6 6 HYBRID 431 45 1 1 1 1 1 39 1 1 1 1 1 1 1 188 1 1 1 1 187 1 0 1 1 1 1 1 2 1 1 1 1 1 1 1 18 1 1 1 1 8 1 0
query39 71.82 16% 0 335404 1.00 1.00 7 7 HYBRID 14034 985 1 1 1 1 1 1 1 1 1 1 1 1 28 74 1 1 415 1 1 13501 0 1 1 1 1 1 1 1 1 1 1 1 1 33 906 1 1 2 1 1 28 0
query40 5.33 39% 0 83312 1.00 1.00 4 4 HYBRID 223 46 1 1 1 1 1 1 1 1 1 124 1 1 75 5 1 1 1 1 1 3 0 1 1 1 1 1 1 1 1 1 2 1 1 14 3 1 1 1 1 1 11 0
query41 15.20 35% 0 138956 1.00 1.00 3 3 STAR 2528 163 1 1 1 1 1 1 1 1 1 1 1 1 1 1 1 1 1 2061 1 449 0 1 1 1 1 1 1 1 1 1 1 1 1 1 1 1 1 1 2 1 143 0
query42 273.41 9% 0 406244 1.00 1.00 7 7 HYBRID 44325 3806 891 1 1 1 1 1 1 1 54 1 1 1 1 1 1 1 1 43363 1 1 0 2 1 1 1 1 1 1 1 2896 1 1 1 1 1 1 1 1 891 1 1 0
query43 12.34 43% 0 134008 1.00 1.00 3 3 PATH 3020 126 1 1 1 1 1 1 1 1 1 1 1501 1 1 1 1 1 1 1501 1 1 0 1 1 1 1 1 1 1 1 1 1 2 1 1 1 1 1 1 106 1 1 0
query44 6.79 50% 0 98860 1.00 1.00 3 3 HYBRID 875 54 1 1 1 1 428 1 1 1 1 1 1 1 1 1 1 1 1 1 429 1 0 1 1 1 1 34 1 1 1 1 1 1 1 1 1 1 1 1 1 2 1 0
query45 8.42 39% 0 105656 1.00 1.00 3 3 HYBRID 790 75 1 1 1 1 1 1 1 1 1 1 1 744 1 1 1 1 1 1 28 1 0 1 1 1 1 1 1 1 1 1 1 1 2 1 1 1 1 1 1 55 1 0
query46 8.50 51% 0 131724 1.00 1.00 7 7 HYBRID 1366 124 1 1 1 1 1 1 1 1 1 1 1 1 1 456 1 1 423 1 15 456 0 1 1 1 1 1 1 1 1 1 1 1 1 1 2 1 1 36 1 34 36 0
query47 4.66 75% 0 102408 1.00 1.00 3 3 HYBRID 2080 21 1 1 1 1 1 1 1 1 1 1 1 1 1 1 1 1 1 2061 1 1 0 1 1 1 1 1 1 1 1 1 1 1 1 1 1 1 1 1 2 1 1 0
query48 4.76 70% 0 99652 1.00 1.00 2 2 STAR 2080 21 1 1 1 1 1 1 1 1 1 1 1 1 1 1 1 1 1 1 2061 1 0 1 1 1 1 1 1 1 1 1 1 1 1 1 1 1 1 1 1 2 1 0
query49 12.38 42% 0 140692 1.00 1.00 4 4 HYBRID 3019 126 1 1 1 1 1 1 1 1 1 1 1 1 1 1501 1 1 1 1 1 1500 0 1 1 1 1 1 1 1 1 1 1 1 1 1 2 1 1 1 1 1 106 0
query51 6.71 41% 0 96104 1.00 1.00 2 2 STAR 891 54 1 1 1 1 1 1 1 1 1 1 1 1 1 1 1 1 1 444 429 1 0 1 1 1 1 1 1 1 1 1 1 1 1 1 1 1 1 1 34 2 1 0
query52 4.06 40% 0 75040 1.00 1.00 2 2 PATH 131 21 1 1 1 1 112 1 1 1 1 1 1 1 1 1 1 1 1 1 1 1 0 1 1 1 1 2 1 1 1 1 1 1 1 1 1 1 1 1 1 1 1 0
query53 5.76 46% 0 91928 1.00 1.00 4 4 STAR 238 44 1 1 1 1 1 1 1 1 1 1 1 1 201 1 1 1 1 1 12 8 0 1 1 1 1 1 1 1 1 1 1 1 1 2 1 1 1 1 1 19 6 0
query54 68.38 15% 0 252180 1.00 1.00 6 6 HYBRID 1244 921 1 1 1 1 1 1 1 901 325 1 1 1 1 1 1 1 1 1 1 1 0 1 1 1 1 1 1 1 2 901 1 1 1 1 1 1 1 1 1 1 1 0
query55 4.92 35% 0 76712 1.00 1.00 4 4 HYBRID 105 32 1 1 1 1 1 1 1 1 75 12 1 1 1 1 1 1 1 1 1 1 0 1 1 1 1 1 1 1 1 12 2 1 1 1 1 1 1 1 1 1 1 0
query56 14.21 37% 0 138448 1.00 1.00 3 3 STAR 3838 153 1 1 1 1 1 1 1 1 1 1 1 1 1910 1 1910 1 1 1 1 1 0 1 1 1 1 1 1 1 1 1 1 1 1 2 1 133 1 1 1 1 1 0
query57 9.96 38% 0 113964 1.00 1.00 3 3 HYBRID 1099 96 1 1 1 1 1 1 1 1 1 1 1 1 1 1 27 1 1 1054 1 1 0 1 1 1 1 1 1 1 1 1 1 1 1 1 1 76 1 1 2 1 1 0
query58 18.26 24% 0 123852 1.00 1.00 6 6 HYBRID 223 217 1 1 1 1 1 1 1 194 6 1 1 1 1 1 1 1 1 6 1 1 0 1 1 1 1 1 1 1 2 194 1 1 1 1 1 1 1 1 4 1 1 0
query59 214.72 20% 0 381884 1.00 1.00 3 3 STAR 1574334 2941 1 1 1 1 241 1 1 1 1 1 1 1 1 1 1 1 43419 1 1530657 1 0 1 1 1 1 2 1 1 1 1 1 1 1 1 1 1 1 22 1 2900 1 0
query60 58.54 17% 0 280044 1.00 1.00 3 3 HYBRID 10840 746 1 1 10801 1 1 1 1 1 1 1 1 1 1 1 1 1 1 1 21 1 0 1 1 2 1 1 1 1 1 1 1 1 1 1 1 1 1 1 1 726 1 0
query61 4.31 38% 0 74724 1.00 1.00 3 3 STAR 26 23 1 1 1 1 1 1 1 1 1 4 1 1 1 1 1 1 1 4 1 1 0 1 1 1 1 1 1 1 1 1 2 1 1 1 1 1 1 1 3 1 1 0
query62 5.06 37% 0 78388 1.00 1.00 2 2 STAR 273 34 1 1 1 1 1 1 1 1 1 124 1 1 1 1 1 1 1 131 1 1 0 1 1 1 1 1 1 1 1 1 2 1 1 1 1 1 1 1 14 1 1 0
query63 12.17 35% 0 120332 1.00 1.00 2 2 STAR 1603 126 1 1 1 1 1 1 1 1 1 1 1 1 1 1 1 1 1 1511 1 74 0 1 1 1 1 1 1 1 1 1 1 1 1 1 1 1 1 1 2 1 106 0
query64 9.08 28% 0 92028 1.00 1.00 7 7 HYBRID 89 87 1 1 1 1 67 1 1 1 1 1 1 1 1 1 1 1 1 4 1 1 0 1 1 1 1 2 1 1 1 1 1 1 1 1 1 1 1 1 67 1 1 0
query65 4.44 34% 0 75552 1.00 1.00 2 2 PATH 72 27 1 1 1 1 1 1 1 1 1 1 1 1 1 1 27 1 1 1 27 1 0 1 1 1 1 1 1 1 1 1 1 1 1 1 1 7 1 1 1 2 1 0
query66 270.76 9% 0 431404 1.00 1.00 7 7 HYBRID 49182 3793 1 1 1 1 1 1 1 1 1 1 1 1 1 1 529 45 1 48591 1 1 0 1 1 1 1 1 1 1 1 1 1 1 1 1 1 2 3245 1 529 1 1 0
query67 920.75 26% 0 1139600 1.00 0.00 4 4 HYBRID 1743585 12984 1 1 1 1 1549272 1 1 1 161101 1 1 1 1 1 1 1 33195 1 1 1 0 1 1 1 1 2219 1 1 1 2 1 1 1 1 1 1 1 10746 1 1 1 0
query68 7.45 40% 0 97864 1.00 1.00 3 3 HYBRID 658 73 1 1 1 1 1 1 1 1 1 1 1 1 108 1 529 1 1 1 4 1 0 1 1 1 1 1 1 1 1 1 1 1 1 41 1 2 1 1 1 13 1 0
query69 151.23 11% 0 321560 1.00 1.00 7 7 HYBRID 2097 2092 1 1 7 1 1 1 1 1 1 1 1 1 1 1 1 1052 1 1021 1 1 0 1 1 1021 1 1 1 1 1 1 1 1 1 1 1 1 2 1 1052 1 1 0
query70 4.32 50% 0 83800 1.00 1.00 2 2 PATH 612 21 1 1 1 1 593 1 1 1 1 1 1 1 1 1 1 1 1 1 1 1 0 1 1 1 1 2 1 1 1 1 1 1 1 1 1 1 1 1 1 1 1 0
query71 15.04 36% 0 139180 1.00 1.00 3 3 HYBRID 3808 163 1 1 1 1 1 1 1 1 1729 1 1 1 1 1 1 1 1 2061 1 1 0 1 1 1 1 1 1 1 1 143 1 1 1 1 1 1 1 1 2 1 1 0
query72 7.14 52% 0 111268 1.00 1.00 5 5 HYBRID 1487 87 1 1 1 1 1 1 1 1 224 1 1 1 1 456 1 1 1 1 685 106 0 1 1 1 1 1 1 1 1 13 1 1 1 1 2 1 1 1 1 20 36 0
query73 4.82 37% 0 76996 1.00 1.00 3 3 STAR 164 30 1 1 1 1 1 1 1 1 1 1 1 1 73 1 73 1 1 1 1 1 0 1 1 1 1 1 1 1 1 1 1 1 1 2 1 10 1 1 1 1 1 0
query74 170.69 10% 0 327616 1.00 1.00 7 7 HYBRID 2611 2366 1 1 1 247 1 1 1 1 1 1 1 1 1 1 1 1 1 846 1 1501 0 1 1 1 846 1 1 1 1 1 1 1 1 1 1 1 1 1 1501 1 2 0
query75 7.67 48% 0 109700 1.00 1.00 5 5 HYBRID 874 85 1 1 1 1 1 1 1 1 1 1 1 1 28 1 1 414 415 1 1 1 0 1 1 1 1 1 1 1 1 1 1 1 1 33 1 1 33 2 1 1 1 0
query76 9.24 42% 0 111560 1.00 1.00 2 2 STAR 1477 86 1 1 1 1 1 1 1 1 1 1 1 1 1 1 1 1 914 1 1 545 0 1 1 1 1 1 1 1 1 1 1 1 1 1 1 1 1 2 1 1 66 0
query77 10.04 47% 0 121248 1.00 1.00 3 3 HYBRID 2065 96 1 1 1 1 1 1 1 1 1 1 1 1 1 1 1 1052 995 1 1 1 0 1 1 1 1 1 1 1 1 1 1 1 1 1 1 1 2 76 1 1 1 0
query78 4.73 38% 0 77016 1.00 1.00 3 3 STAR 77 28 1 1 1 1 1 1 1 1 1 1 1 1 1 1 1 1 1 29 1 30 0 1 1 1 1 1 1 1 1 1 1 1 1 1 1 1 1 1 8 1 2 0
query79 166.47 12% 0 338696 1.00 1.00 6 6 HYBRID 25508 2325 1 1 1 1 1 1 1 1 1 1 1 1 11995 1501 1 1 1 11995 1 1 0 1 1 1 1 1 1 1 1 1 1 1 1 805 2 1 1 1 1501 1 1 0
query80 36.18 22% 0 218976 1.00 1.00 3 3 HYBRID 10000 449 1 1 1 1 1 1 1 1 1 1 1 1 1 1 3633 1 6349 1 1 1 0 1 1 1 1 1 1 1 1 1 1 1 1 1 1 429 1 2 1 1 1 0
query81 4.27 39% 0 73968 1.00 1.00 2 2 PATH 70 21 1 1 1 1 1 51 1 1 1 1 1 1 1 1 1 1 1 1 1 1 0 1 1 1 1 1 2 1 1 1 1 1 1 1 1 1 1 1 1 1 1 0
query82 12.01 36% 0 123660 1.00 1.00 2 2 STAR 1756 126 1 1 1 1 1 1 1 1 1 1 1 1 227 1 1 1 1 1511 1 1 0 1 1 1 1 1 1 1 1 1 1 1 1 106 1 1 1 1 2 1 1 0
query83 4.28 41% 0 75276 1.00 1.00 2 2 PATH 157 21 138 1 1 1 1 1 1 1 1 1 1 1 1 1 1 1 1 1 1 1 0 2 1 1 1 1 1 1 1 1 1 1 1 1 1 1 1 1 1 1 1 0
query84 15.02 35% 0 142200 1.00 1.00 3 3 STAR 2090 163 1 1 1 1 1 1 1 1 1 1 1 1 1 1 1 11 1 2061 1 1 0 1 1 1 1 1 1 1 1 1 1 1 1 1 1 1 143 1 2 1 1 0
query85 6.27 44% 0 90740 1.00 1.00 3 3 STAR 459 47 1 1 1 1 1 1 1 1 1 1 1 1 1 1 315 1 1 1 126 1 0 1 1 1 1 1 1 1 1 1 1 1 1 1 1 2 1 1 1 27 1 0
query86 12.02 42% 0 134012 1.00 1.00 2 2 STAR 4701 121 1 1 1 1 1 1 1 1 3253 1 1 1 1 1 1 1 1430 1 1 1 0 1 1 1 1 1 1 1 1 101 1 1 1 1 1 1 1 2 1 1 1 0
query87 6.67 78% 0 139368 1.00 1.00 10 4 HYBRID 648 243 1 1 1 1 1 406 1 41 1 1 1 1 1 56 40 48 1 1 42 2 0 1 1 1 1 1 2 1 32 1 1 1 1 1 32 33 33 33 1 33 33 0
query88 8.61 40% 0 105892 1.00 1.00 3 3 STAR 1456 79 1 1 1 1 1 1 1 1 1 802 1 1 1 1 1 1 1 1 1 636 0 1 1 1 1 1 1 1 1 1 2 1 1 1 1 1 1 1 1 1 59 0
query89 4.17 37% 0 74996 1.00 1.00 4 4 HYBRID 22 22 1 1 1 1 1 1 1 1 1 1 1 1 1 1 1 2 1 2 1 1 0 1 1 1 1 1 1 1 1 1 1 1 1 1 1 1 2 1 2 1 1 0
query90 5.83 57% 0 99772 1.00 1.00 4 4 HYBRID 612 63 1 1 1 1 1 1 1 1 249 1 1 1 1 1 1 1 1 248 98 1 0 1 1 1 1 1 1 1 1 2 1 1 1 1 1 1 1 1 22 22 1 0
query91 7.43 47% 0 101636 1.00 1.00 2 2 STAR 1174 61 1 1 1 1 1 1 1 1 1 1 1 1 1 1 529 1 1 627 1 1 0 1 1 1 1 1 1 1 1 1 1 1 1 1 1 2 1 1 41 1 1 0
query92 4.22 39% 0 74404 1.00 1.00 2 2 STAR 24 21 1 1 1 1 1 5 1 1 1 1 1 1 1 1 1 1 1 1 1 1 0 1 1 1 1 1 2 1 1 1 1 1 1 1 1 1 1 1 1 1 1 0
query93 4.29 41% 0 74532 1.00 1.00 3 3 HYBRID 143 21 1 1 1 1 1 124 1 1 1 1 1 1 1 1 1 1 1 1 1 1 0 1 1 1 1 1 2 1 1 1 1 1 1 1 1 1 1 1 1 1 1 0
query94 4.65 70% 0 96704 1.00 1.00 2 2 STAR 2080 21 1 1 1 1 1 1 1 1 1 1 1 1 1 1 1 1 1 2061 1 1 0 1 1 1 1 1 1 1 1 1 1 1 1 1 1 1 1 1 2 1 1 0
query95 4.08 44% 0 80436 1.00 1.00 4 4 HYBRID 260 21 1 1 1 1 1 1 1 1 1 1 1 1 1 1 1 1 1 241 1 1 0 1 1 1 1 1 1 1 1 1 1 1 1 1 1 1 1 1 2 1 1 0
query96 49.39 15% 0 200088 1.00 1.00 4 4 HYBRID 655 654 634 1 1 1 1 1 1 1 1 1 1 1 1 1 1 1 1 1 3 1 0 2 1 1 1 1 1 1 1 1 1 1 1 1 1 1 1 1 1 634 1 0
query97 4.69 37% 0 78248 1.00 1.00 3 3 STAR 170 31 1 1 1 1 76 1 1 1 1 1 1 1 76 1 1 1 1 1 1 1 0 1 1 1 1 2 1 1 1 1 1 1 1 11 1 1 1 1 1 1 1 0
query98 9.21 44% 0 116408 1.00 1.00 4 4 HYBRID 1819 86 1 1 1 1 1 1 1 901 1 1 1 1 1 1 1 1 1 900 1 1 0 1 1 1 1 1 1 1 2 1 1 1 1 1 1 1 1 1 66 1 1 0
query99 1800.00 0% 0 1432 0.00 1.00 6 6 HYBRID 134741 26787 1 1 1 133921 1 1 1 1 1 802 1 1 1 1 1 1 1 1 1 1 0 1 1 1 802 1 1 1 25966 1 2 1 1 1 1 1 1 1 1 1 1 0
query100 15.33 27% 0 118676 1.00 1.00 6 6 HYBRID 275 180 1 1 1 1 1 1 1 1 53 1 1 1 1 53 1 1 152 1 1 1 0 1 1 1 1 1 1 1 1 152 1 1 1 1 9 1 1 2 1 1 1 0
