query1 50.84 15% 0 193904 1.00 1.00 6 5 HYBRID 665 657 634 1 2 1 3 1 1 1 1 1 1 1 1 1 7 1 1 4 1 1 0 2 1 2 1 2 1 1 1 1 1 1 1 1 1 634 1 1 2 1 1 0
query2 10.17 56% 0 140028 1.00 1.00 4 3 HYBRID 3808 163 1 1 1 1 1 1 1 848 882 1 1 1 1 1 1 1 1 2061 1 1 0 1 1 1 1 1 1 1 72 72 1 1 1 1 1 1 1 1 2 1 1 0
query3 4.38 38% 0 76508 1.00 1.00 4 3 HYBRID 63 27 1 1 6 1 12 1 1 21 1 1 1 1 1 1 1 1 1 8 1 1 0 1 1 3 1 3 1 1 2 1 1 1 1 1 1 1 1 1 3 1 1 0
query4 123.10 13% 0 329080 1.00 1.00 6 5 HYBRID 15211 1758 1 1 1 1 1 1 5108 1 1264 1 4119 1 1649 3056 1 1 1 1 1 1 0 1 1 1 1 1 1 30 1 1649 1 30 1 2 32 1 1 1 1 1 1 0
query5 2.21 37% 0 46408 0.00 1.00 0 3 HYBRID 11 11 0 0 0 0 0 0 0 0 0 1 1 1 1 1 1 1 1 1 1 1 0 0 0 0 0 0 0 0 0 0 1 1 1 1 1 1 1 1 1 1 1 0
query6 4.80 37% 0 76196 1.00 1.00 6 5 HYBRID 45 27 1 1 1 1 1 1 1 1 17 1 1 1 1 1 1 10 1 1 1 1 0 1 1 1 1 1 1 1 1 2 1 1 1 1 1 1 7 1 1 1 1 0
query7 4.49 51% 0 84744 1.00 1.00 3 3 STAR 475 21 1 1 1 1 1 1 1 1 1 1 1 1 1 456 1 1 1 1 1 1 0 1 1 1 1 1 1 1 1 1 1 1 1 1 2 1 1 1 1 1 1 0
query8 5.23 63% 0 102392 1.00 1.00 4 3 HYBRID 930 56 1 1 155 1 154 1 1 1 1 1 1 1 1 456 1 1 1 149 1 1 0 1 1 13 1 12 1 1 1 1 1 1 1 1 2 1 1 1 13 1 1 0
query9 28.04 20% 0 151624 1.00 1.00 6 6 HYBRID 684 345 1 1 1 1 1 1 1 1 325 1 1 1 1 1 1 1 341 1 1 1 0 1 1 1 1 1 1 1 1 2 1 1 1 1 1 1 1 325 1 1 1 0
query10 4.91 59% 0 97932 1.00 1.00 7 5 HYBRID 351 49 1 15 50 7 49 147 1 1 1 1 1 1 1 1 1 1 1 50 1 20 0 1 5 6 5 5 2 1 1 1 1 1 1 1 1 1 1 1 6 1 7 0
query11 5.40 65% 0 98084 1.00 1.00 3 2 STAR 1135 61 1 1 191 1 199 1 1 1 1 1 1 1 1 1 529 1 1 200 1 1 0 1 1 15 1 14 1 1 1 1 1 1 1 1 1 2 1 1 14 1 1 0
query12 6.23 68% 0 121000 1.00 1.00 8 5 HYBRID 1166 109 1 1 1 1 203 1 1 213 1 9 1 1 13 1 142 158 415 1 1 1 0 1 1 1 1 17 1 1 17 1 13 1 1 13 1 16 18 2 1 1 1 0
query13 4.35 44% 0 80564 1.00 1.00 2 2 STAR 314 21 1 1 1 1 1 1 1 1 1 1 1 1 1 1 1 1 1 295 1 1 0 1 1 1 1 1 1 1 1 1 1 1 1 1 1 1 1 1 2 1 1 0
query14 973.27 8% 0 1017764 1.00 1.00 8 7 HYBRID 207348 13808 1 1 1 329 1 1 1 1 665 1 1 1 337 1 1 1 1 206001 1 1 0 1 1 1 26 1 1 1 1 13739 1 1 1 25 1 1 1 1 2 1 1 0
query15 6.44 58% 0 103308 1.00 1.00 3 2 STAR 1735 72 1 1 1 1 1 1 1 1 1 1 319 1 1 1 314 700 1 1 1 386 0 1 1 1 1 1 1 1 1 1 1 17 1 1 1 19 2 1 1 1 18 0
query16 78.51 63% 0 428212 1.00 1.00 5 3 STAR 1593315 2966 1 1 1 1 241 1 1 14251 517580 1 1 1 14744 1 1 1 14792 516878 514816 1 0 1 1 1 1 2 1 1 7 975 1 1 1 9 1 1 1 8 975 977 1 0
query17 5.30 49% 0 93484 1.00 1.00 7 5 STAR 263 42 1 1 35 1 36 1 1 22 1 1 1 1 1 1 23 1 1 26 87 21 0 1 1 4 1 5 1 1 4 1 1 1 1 1 1 4 1 1 4 2 6 0
query18 5.08 44% 0 83888 1.00 1.00 3 2 PATH 262 42 1 1 1 1 241 3 1 1 1 1 1 1 1 1 1 1 1 1 1 1 0 1 1 1 1 2 8 1 1 8 1 1 1 1 8 1 1 1 1 1 1 0
query19 5.51 57% 0 95876 1.00 1.00 6 4 STAR 285 46 1 1 251 1 1 5 1 3 1 4 3 1 1 1 4 1 1 1 2 1 0 1 1 2 1 1 8 1 2 1 8 2 1 1 1 8 1 1 1 3 1 0
query20 52.54 29% 0 327820 1.00 1.00 7 6 HYBRID 20561 1292 1 761 1 1 1 1 1 1 1 782 1 1 1 1 1 1 1 19001 1 1 0 1 636 1 1 1 1 1 1 1 637 1 1 1 1 1 1 1 2 1 1 0
query21 4.85 43% 0 79528 1.00 1.00 3 2 STAR 217 34 1 1 27 29 1 1 1 1 1 124 1 1 21 1 1 1 1 1 1 1 0 1 1 6 5 1 1 1 1 1 2 1 1 5 1 1 1 1 1 1 1 0
query22 4.52 47% 0 82064 1.00 1.00 2 2 PATH 464 21 1 1 1 1 1 1 1 1 445 1 1 1 1 1 1 1 1 1 1 1 0 1 1 1 1 1 1 1 1 2 1 1 1 1 1 1 1 1 1 1 1 0
query23 4.68 43% 0 79552 1.00 1.00 3 2 STAR 216 34 4 1 1 1 1 1 1 1 1 124 1 1 1 1 1 1 34 38 1 1 0 5 1 1 1 1 1 1 1 1 2 1 1 1 1 1 1 5 6 1 1 0
query24 18.57 28% 0 132780 1.00 1.00 7 7 HYBRID 1380 214 1 1 1168 1 1 1 1 194 1 1 1 1 1 1 1 1 1 1 1 1 0 1 1 194 1 1 1 1 2 1 1 1 1 1 1 1 1 1 1 1 1 0
query25 7.18 71% 0 134528 1.00 1.00 3 2 PATH 2878 121 1 475 1 1 1 1 484 1 1 1 1 1 1 1 1 473 1430 1 1 1 0 1 34 1 1 1 1 34 1 1 1 1 1 1 1 1 35 2 1 1 1 0
query26 78.93 14% 0 284264 1.00 1.00 6 5 HYBRID 1389 1096 1 1 1 1 1 1 1 1 1 11 1 1 11 1 1 1052 299 1 1 1 0 1 1 1 1 1 1 1 1 1 13 1 1 13 1 1 2 1052 1 1 1 0
query27 23.40 39% 0 248604 1.00 1.00 5 4 HYBRID 11949 512 1 1 1 1 1 2360 1 1 1 1 1 1 1 1 1 2277 1 7295 1 1 0 1 1 1 1 1 246 1 1 1 1 1 1 1 1 1 247 1 2 1 1 0
query28 4.60 40% 0 76544 1.00 1.00 4 3 STAR 52 28 1 1 1 1 1 1 1 1 1 2 1 1 1 1 1 1 1 32 1 1 0 1 1 1 1 1 3 1 1 1 4 1 1 1 1 3 1 1 2 1 1 0
query29 50.15 18% 0 223964 1.00 1.00 6 5 HYBRID 2615 707 1 1 1430 1 1 289 1 1 1 299 1 1 1 581 1 1 1 1 1 1 0 1 1 2 1 1 50 1 1 1 52 1 1 1 587 1 1 1 1 1 1 0
query30 6.00 68% 0 117764 1.00 1.00 6 4 STAR 1046 92 44 1 1 1 1 1 1 38 1 57 1 1 49 1 29 1 1 780 1 36 0 19 1 1 1 1 1 1 6 1 20 1 1 21 1 5 1 1 2 1 6 0
query32 4.59 64% 0 96668 1.00 1.00 2 2 PATH 1520 21 1 1 1 1 1 1 1 1 1 1 1501 1 1 1 1 1 1 1 1 1 0 1 1 1 1 1 1 1 1 1 1 2 1 1 1 1 1 1 1 1 1 0
query33 5.49 77% 0 116684 1.00 1.00 3 2 PATH 4002 65 1 1 1 1 1 1 1227 1 593 1 1195 1 1 971 1 1 1 1 1 1 0 1 1 1 1 1 1 15 1 2 1 15 1 1 17 1 1 1 1 1 1 0
query34 4.68 38% 0 78232 1.00 1.00 9 2 STAR 81 34 1 1 1 1 1 1 1 9 21 1 1 1 1 14 8 9 2 1 4 2 0 1 1 1 1 1 1 1 2 8 1 1 1 1 2 2 2 2 1 2 2 0
query35 4.22 40% 0 77292 1.00 1.00 4 3 STAR 83 28 1 1 1 1 1 39 1 14 1 1 1 1 1 1 7 1 1 1 1 7 0 1 1 1 1 1 2 1 4 1 1 1 1 1 1 3 1 1 1 1 3 0
query36 8.14 68% 0 145940 1.00 1.00 3 2 PATH 3808 163 1 1 1 1 519 1 1 625 587 1 1 1 1 1 1 1 1 1 2061 1 0 1 1 1 1 48 1 1 49 48 1 1 1 1 1 1 1 1 1 2 1 0
query37 17.53 26% 0 123832 1.00 1.00 6 5 HYBRID 431 213 1 1 1 1 1 1 1 1 178 1 41 1 1 1 1 1 1 160 36 1 0 1 1 1 1 1 1 1 1 2 1 8 1 1 1 1 1 1 178 9 1 0
query38 5.06 52% 0 93888 1.00 1.00 8 6 HYBRID 454 46 1 1 1 98 1 39 1 1 1 1 1 1 57 102 1 1 1 103 41 1 0 1 1 1 10 1 2 1 1 1 1 1 1 3 10 1 1 1 3 4 1 0
query39 71.23 16% 0 325484 1.00 1.00 8 7 HYBRID 14034 985 1 1 1 1 1 1 1 1 1 10 1 1 19 74 1 1 415 1 1 13501 0 1 1 1 1 1 1 1 1 1 17 1 1 17 906 1 1 2 1 1 28 0
query40 4.72 46% 0 90128 1.00 1.00 7 4 HYBRID 223 46 1 1 27 29 2 1 2 1 1 124 1 1 21 4 1 1 1 1 1 2 0 1 1 6 5 4 1 2 1 1 2 1 1 5 2 1 1 1 4 1 5 0
query41 7.94 63% 0 141728 1.00 1.00 4 3 STAR 2528 163 1 153 1 151 1 1 1 1 1 1 1 1 1 1 1 1 1 2061 1 147 0 1 48 1 49 1 1 1 1 1 1 1 1 1 1 1 1 1 2 1 48 0
query42 272.48 9% 0 402256 1.00 1.00 7 7 HYBRID 44325 3806 891 1 1 1 1 1 1 1 54 1 1 1 1 1 1 1 1 43363 1 1 0 2 1 1 1 1 1 1 1 2896 1 1 1 1 1 1 1 1 891 1 1 0
query43 7.05 71% 0 131056 1.00 1.00 4 3 PATH 3020 126 1 1 500 1 501 1 1 1 1 1 1501 1 1 1 1 1 1 502 1 1 0 1 1 36 1 36 1 1 1 1 1 2 1 1 1 1 1 1 36 1 1 0
query44 5.14 61% 0 96968 1.00 1.00 4 3 HYBRID 876 54 1 1 140 149 142 1 1 1 1 1 1 1 1 1 1 1 1 1 429 1 0 1 1 12 12 12 1 1 1 1 1 1 1 1 1 1 1 1 1 2 1 0
query45 6.47 52% 0 105936 1.00 1.00 4 3 HYBRID 790 75 1 1 1 1 1 1 1 1 1 22 1 744 1 1 1 1 1 1 7 1 0 1 1 1 1 1 1 1 1 1 28 1 2 1 1 1 1 1 1 28 1 0
query46 6.09 70% 0 124048 1.00 1.00 10 7 HYBRID 1366 124 145 143 1 1 1 1 1 1 1 1 1 1 1 456 224 5 137 9 3 233 0 12 13 1 1 1 1 1 1 1 1 1 1 1 2 18 12 13 12 12 19 0
query47 4.76 74% 0 101048 1.00 1.00 3 3 HYBRID 2080 21 1 1 1 1 1 1 1 1 1 1 1 1 1 1 1 1 1 2061 1 1 0 1 1 1 1 1 1 1 1 1 1 1 1 1 1 1 1 1 2 1 1 0
query48 4.79 73% 0 99272 1.00 1.00 2 2 STAR 2080 21 1 1 1 1 1 1 1 1 1 1 1 1 1 1 1 1 1 1 2061 1 0 1 1 1 1 1 1 1 1 1 1 1 1 1 1 1 1 1 1 2 1 0
query49 8.62 62% 0 141120 1.00 1.00 5 4 HYBRID 3020 126 1 1 1 1 1 1 1 1 1 1 1 1 1 1501 744 1 1 1 1 758 0 1 1 1 1 1 1 1 1 1 1 1 1 1 2 53 1 1 1 1 54 0
query51 5.18 56% 0 94932 1.00 1.00 3 2 STAR 891 54 161 1 1 1 1 1 1 1 1 1 1 1 1 1 1 1 160 125 429 1 0 11 1 1 1 1 1 1 1 1 1 1 1 1 1 1 1 12 13 2 1 0
query52 4.11 39% 0 74752 1.00 1.00 2 2 PATH 131 21 1 1 1 1 112 1 1 1 1 1 1 1 1 1 1 1 1 1 1 1 0 1 1 1 1 2 1 1 1 1 1 1 1 1 1 1 1 1 1 1 1 0
query53 4.90 55% 0 97400 1.00 1.00 6 4 STAR 239 44 1 1 1 4 1 4 1 4 1 1 1 1 201 1 2 1 1 1 6 5 0 1 1 1 6 1 7 1 2 1 1 1 1 2 1 2 1 1 1 8 4 0
query54 68.39 15% 0 247892 1.00 1.00 6 6 HYBRID 1244 921 1 1 1 1 1 1 1 901 325 1 1 1 1 1 1 1 1 1 1 1 0 1 1 1 1 1 1 1 2 901 1 1 1 1 1 1 1 1 1 1 1 0
query55 4.94 36% 0 76728 1.00 1.00 4 4 HYBRID 105 32 1 1 1 1 1 1 1 1 75 12 1 1 1 1 1 1 1 1 1 1 0 1 1 1 1 1 1 1 1 12 2 1 1 1 1 1 1 1 1 1 1 0
query56 9.54 56% 0 137116 1.00 1.00 4 3 STAR 3838 153 1 1 1 1 1 1 1 1 1 1 952 1 1910 1 959 1 1 1 1 1 0 1 1 1 1 1 1 1 1 1 1 66 1 2 1 68 1 1 1 1 1 0
query57 6.44 63% 0 111860 1.00 1.00 4 3 HYBRID 1099 96 1 1 1 1 1 10 1 1 1 11 1 1 1 1 8 1 1 1054 1 1 0 1 1 1 1 1 25 1 1 1 27 1 1 1 1 26 1 1 2 1 1 0
query58 18.40 24% 0 121936 1.00 1.00 7 6 HYBRID 225 217 1 1 2 1 2 1 1 194 6 1 1 1 1 1 1 1 1 6 1 1 0 1 1 2 1 2 1 1 2 194 1 1 1 1 1 1 1 1 2 1 1 0
query59 76.98 65% 0 390508 1.00 1.00 5 3 STAR 1593315 2966 1 1 1 1 241 1 1 14251 516868 1 1 1 14744 1 1 1 14792 515552 516854 1 0 1 1 1 1 2 1 1 7 975 1 1 1 9 1 1 1 8 975 977 1 0
query60 57.66 16% 0 278884 1.00 1.00 3 3 HYBRID 10840 746 1 1 10801 1 1 1 1 1 1 1 1 1 1 1 1 1 1 1 21 1 0 1 1 2 1 1 1 1 1 1 1 1 1 1 1 1 1 1 1 726 1 0
query61 4.17 37% 0 74480 1.00 1.00 4 3 STAR 26 23 1 1 2 1 1 1 1 1 1 4 1 1 1 1 1 1 1 3 1 1 0 1 1 2 1 1 1 1 1 1 2 1 1 1 1 1 1 1 2 1 1 0
query62 4.42 43% 0 79676 1.00 1.00 3 2 STAR 273 34 1 1 43 1 51 1 1 1 1 124 1 1 1 1 1 1 1 39 1 1 0 1 1 6 1 5 1 1 1 1 2 1 1 1 1 1 1 1 5 1 1 0
query63 7.06 60% 0 121776 1.00 1.00 3 2 STAR 1603 126 1 31 1 23 1 1 1 1 1 1 1 1 1 1 1 1 1 1511 1 22 0 1 35 1 37 1 1 1 1 1 1 1 1 1 1 1 1 1 2 1 36 0
query64 9.05 28% 0 93900 1.00 1.00 7 7 HYBRID 89 87 1 1 1 1 67 1 1 1 1 1 1 1 1 1 1 1 1 4 1 1 0 1 1 1 1 2 1 1 1 1 1 1 1 1 1 1 1 1 67 1 1 0
query65 4.42 39% 0 75688 1.00 1.00 3 2 PATH 72 27 4 1 1 1 1 1 1 1 18 1 1 1 1 1 7 1 1 1 27 1 0 2 1 1 1 1 1 1 1 4 1 1 1 1 1 3 1 1 1 2 1 0
query66 270.29 9% 0 427268 1.00 1.00 7 7 HYBRID 49182 3793 1 1 1 1 1 1 1 1 1 1 1 1 1 1 529 45 1 48591 1 1 0 1 1 1 1 1 1 1 1 1 1 1 1 1 1 2 3245 1 529 1 1 0
query67 808.48 20% 0 1115104 1.00 0.00 5 4 HYBRID 1743585 12984 1 1 517017 516093 516164 1 1 1 161101 1 1 1 1 1 1 1 33195 1 1 1 0 1 1 741 740 740 1 1 1 2 1 1 1 1 1 1 1 10746 1 1 1 0
query68 5.34 56% 0 98864 1.00 1.00 5 3 HYBRID 658 73 37 1 1 1 1 1 1 1 1 35 1 1 38 1 529 1 1 2 3 1 0 14 1 1 1 1 1 1 1 1 14 1 1 15 1 2 5 1 5 5 1 0
query69 151.14 11% 0 315196 1.00 1.00 7 7 HYBRID 2097 2092 1 1 7 1 1 1 1 1 1 1 1 1 1 1 1 1052 1 1021 1 1 0 1 1 1021 1 1 1 1 1 1 1 1 1 1 1 1 2 1 1052 1 1 0
query70 4.25 50% 0 83068 1.00 1.00 2 2 PATH 612 21 1 1 1 1 593 1 1 1 1 1 1 1 1 1 1 1 1 1 1 1 0 1 1 1 1 2 1 1 1 1 1 1 1 1 1 1 1 1 1 1 1 0
query71 9.87 53% 0 137812 1.00 1.00 4 3 HYBRID 3808 163 1 1 1 1 1 1 1 848 882 1 1 1 1 1 1 1 1 2061 1 1 0 1 1 1 1 1 1 1 71 73 1 1 1 1 1 1 1 1 2 1 1 0
query72 5.76 64% 0 114460 1.00 1.00 8 5 HYBRID 1491 87 1 59 1 1 72 1 1 79 75 1 1 1 239 456 1 1 1 254 198 48 0 1 19 1 1 4 1 1 6 5 1 1 1 8 2 1 1 1 7 7 18 0
query73 4.90 39% 0 77140 1.00 1.00 4 3 STAR 164 30 1 1 1 1 1 1 1 1 1 1 1 1 73 1 73 1 1 1 1 1 0 1 1 1 1 1 1 1 1 1 1 1 1 2 1 10 1 1 1 1 1 0
query74 170.15 10% 0 326664 1.00 1.00 7 7 HYBRID 2611 2366 1 1 1 247 1 1 1 1 1 1 1 1 1 1 1 1 1 846 1 1501 0 1 1 1 846 1 1 1 1 1 1 1 1 1 1 1 1 1 1501 1 2 0
query75 5.87 61% 0 111768 1.00 1.00 7 5 HYBRID 875 85 1 140 1 1 1 1 139 1 1 12 1 1 17 1 1 138 415 1 1 1 0 1 12 1 1 1 1 11 1 1 17 1 1 17 1 1 12 2 1 1 1 0
query76 6.15 60% 0 115528 1.00 1.00 3 2 STAR 1477 86 1 1 1 1 1 1 1 175 1 1 1 1 1 1 178 1 914 1 1 194 0 1 1 1 1 1 1 1 22 1 1 1 1 1 1 22 1 2 1 1 24 0
query77 6.36 72% 0 120260 1.00 1.00 4 3 HYBRID 2066 96 335 1 327 1 1 1 1 1 1 1 1 1 1 1 1 1052 336 1 1 1 0 25 1 26 1 1 1 1 1 1 1 1 1 1 1 1 2 27 1 1 1 0
query78 4.55 39% 0 76592 1.00 1.00 4 3 STAR 79 28 1 1 1 1 9 1 1 1 1 1 1 1 1 1 1 1 1 23 1 30 0 1 1 1 1 5 1 1 1 1 1 1 1 1 1 1 1 1 4 1 2 0
query79 138.16 14% 0 340704 1.00 1.00 7 6 HYBRID 25508 2325 1 1 1 5993 1 1 1 1 1 1 1 1 6003 1501 1 1 1 11995 1 1 0 1 1 1 403 1 1 1 1 1 1 1 1 403 2 1 1 1 1501 1 1 0
query80 15.39 50% 0 212812 1.00 1.00 4 3 HYBRID 10000 449 1 1 1 1 1 1 1 1212 1 1 1 1238 1 1 1185 1 6349 1 1 1 0 1 1 1 1 1 1 1 143 1 1 1 144 1 1 144 1 2 1 1 1 0
query81 4.20 39% 0 73708 1.00 1.00 2 2 PATH 70 21 1 1 1 1 1 51 1 1 1 1 1 1 1 1 1 1 1 1 1 1 0 1 1 1 1 1 2 1 1 1 1 1 1 1 1 1 1 1 1 1 1 0
query82 7.13 62% 0 122776 1.00 1.00 3 2 STAR 1756 126 65 1 1 1 1 1 1 1 1 78 1 1 86 1 1 1 1 1511 1 1 0 35 1 1 1 1 1 1 1 1 37 1 1 36 1 1 1 1 2 1 1 0
query83 4.03 41% 0 75432 1.00 1.00 2 2 PATH 157 21 138 1 1 1 1 1 1 1 1 1 1 1 1 1 1 1 1 1 1 1 0 2 1 1 1 1 1 1 1 1 1 1 1 1 1 1 1 1 1 1 1 0
query84 8.24 65% 0 145496 1.00 1.00 4 3 STAR 2090 163 1 1 1 1 1 4 1 2 1 1 1 1 1 1 1 7 1 2061 1 1 0 1 1 1 1 1 48 1 48 1 1 1 1 1 1 1 49 1 2 1 1 0
query85 4.88 51% 0 92652 1.00 1.00 4 3 STAR 459 47 1 1 1 1 1 1 1 1 42 1 1 1 46 1 315 1 1 1 40 1 0 1 1 1 1 1 1 1 1 9 1 1 1 10 1 2 1 1 1 10 1 0
query86 6.93 73% 0 137284 1.00 1.00 3 2 STAR 4703 121 1 1 1 1 1094 1 1 1096 1067 1 1 1 1 1 1 1 1430 1 1 1 0 1 1 1 1 35 1 1 34 34 1 1 1 1 1 1 1 2 1 1 1 0
query87 6.56 80% 0 152340 .99 1.00 17 4 HYBRID 670 239 1 1 1 7 8 424 56 21 1 1 1 28 1 29 20 52 1 1 15 1 0 1 11 1 13 11 12 32 22 1 1 11 11 1 22 11 32 12 12 11 11 0
query88 5.79 62% 0 106260 1.00 1.00 4 3 STAR 1456 79 1 222 224 1 1 1 1 1 1 802 1 1 1 1 1 1 1 1 1 192 0 1 21 20 1 1 1 1 1 1 2 1 1 1 1 1 1 1 1 1 20 0
query89 3.98 38% 0 74328 1.00 1.00 5 4 HYBRID 22 22 1 1 1 1 1 1 1 1 1 1 1 1 1 1 1 2 1 2 1 1 0 1 1 1 1 1 1 1 1 1 1 1 1 1 1 1 2 1 2 1 1 0
query90 5.25 66% 0 104356 1.00 1.00 6 4 HYBRID 613 63 1 1 80 1 89 1 1 1 249 1 46 1 1 1 1 1 1 82 53 1 0 1 1 8 1 8 1 1 1 2 1 11 1 1 1 1 1 1 8 12 1 0
query91 5.31 65% 0 105332 1.00 1.00 3 2 STAR 1175 61 223 1 1 1 1 1 1 1 1 1 1 1 1 1 529 1 218 189 1 1 0 14 1 1 1 1 1 1 1 1 1 1 1 1 1 2 1 15 14 1 1 0
query92 4.11 39% 0 73980 1.00 1.00 2 2 STAR 24 21 1 1 1 1 1 5 1 1 1 1 1 1 1 1 1 1 1 1 1 1 0 1 1 1 1 1 2 1 1 1 1 1 1 1 1 1 1 1 1 1 1 0
query93 4.15 39% 0 74844 1.00 1.00 3 3 HYBRID 143 21 1 1 1 1 1 124 1 1 1 1 1 1 1 1 1 1 1 1 1 1 0 1 1 1 1 1 2 1 1 1 1 1 1 1 1 1 1 1 1 1 1 0
query94 4.57 71% 0 97448 1.00 1.00 2 2 STAR 2080 21 1 1 1 1 1 1 1 1 1 1 1 1 1 1 1 1 1 2061 1 1 0 1 1 1 1 1 1 1 1 1 1 1 1 1 1 1 1 1 2 1 1 0
query95 4.11 45% 0 81040 1.00 1.00 4 4 HYBRID 260 21 1 1 1 1 1 1 1 1 1 1 1 1 1 1 1 1 1 241 1 1 0 1 1 1 1 1 1 1 1 1 1 1 1 1 1 1 1 1 2 1 1 0
query96 49.35 15% 0 201352 1.00 1.00 4 4 HYBRID 655 654 634 1 1 1 1 1 1 1 1 1 1 1 1 1 1 1 1 1 3 1 0 2 1 1 1 1 1 1 1 1 1 1 1 1 1 1 1 1 1 634 1 0
query97 4.43 41% 0 78300 1.00 1.00 4 3 STAR 170 31 1 1 21 35 76 1 1 1 1 1 1 1 22 1 1 1 1 1 1 1 0 1 1 4 5 2 1 1 1 1 1 1 1 4 1 1 1 1 1 1 1 0
query98 5.90 71% 0 113980 1.00 1.00 5 4 HYBRID 1820 86 1 1 305 1 304 1 1 901 1 1 1 1 1 1 1 1 1 294 1 1 0 1 1 23 1 22 1 1 2 1 1 1 1 1 1 1 1 1 23 1 1 0
query99 1800.00 0% 0 1428 0.00 1.00 6 6 HYBRID 134741 27335 1 1 1 133921 1 1 1 1 1 802 1 1 1 1 1 1 1 1 1 1 0 1 1 1 802 1 1 1 26514 1 2 1 1 1 1 1 1 1 1 1 1 0
query100 15.27 27% 0 123188 1.00 1.00 7 6 HYBRID 275 180 1 1 1 1 1 1 1 1 53 1 1 23 1 31 1 1 152 1 1 1 0 1 1 1 1 1 1 1 1 152 1 1 5 1 5 1 1 2 1 1 1 0
