query1 42.22 26% 0 311992 1.00 1.00 31 5 HYBRID 9481 1795 1 216 809 1 1477 73 999 127 810 209 216 1 1 1869 583 529 216 1341 2 1 0 6 24 82 6 145 297 84 298 65 299 25 24 6 164 25 26 24 144 26 25 0
query2 133.94 28% 0 347664 1.00 1.00 22 3 HYBRID 75710 10162 1 6186 436 1 1 2133 832 397 1 16177 8246 1 16108 16105 400 1 8246 1 436 1 0 4 420 420 4 4 421 420 420 4 1838 421 420 1422 1837 421 420 422 4 420 420 0
query4 718.92 17% 0 454252 1.00 1.00 27 5 HYBRID 3448778 32666 39428 124 39428 853 3 13142 124 4 1096042 1135460 13265 1 853 1 7 1 13994 3 1096039 6 0 2640 7 2640 38 7 180 7 7 7896 10529 181 6 212 6 181 6 213 7 7896 7 0
query7 55.46 28% 0 328588 1.00 1.00 11 3 STAR 23621 3340 1 1 1366 1 2401 1 1 1 4101 4101 1 1 1 1 2404 4 1 1366 5466 2401 0 4 4 489 4 5 4 4 4 281 281 4 4 4 4 490 489 4 489 767 5 0
query8 104.31 22% 0 348996 1.00 1.00 22 3 HYBRID 37309 6787 1 1511 4934 1 1 8 44 16 5362 5370 1511 600 1 2 25 609 1511 4906 10296 600 0 4 5 1082 4 4 5 5 5 440 441 5 5 4 5 1082 1082 5 1081 1518 5 0
query9 324.87 20% 0 363396 1.00 1.00 28 6 HYBRID 334284 30549 1702 3253 82621 16213 4321 3253 1 288 21606 1 3646 1 3300 85920 1 7966 4321 95581 288 1 0 2604 543 2604 1412 662 543 7 178 3644 7 2604 2604 178 2775 2604 3259 662 3473 179 7 0
query11 13.25 88% 0 318856 1.00 1.00 22 2 STAR 12121 1980 1 2218 1 1 137 1 137 1 2 137 2218 1153 1 529 529 1681 2218 1 2 1153 0 3 139 139 3 4 141 140 141 4 140 139 139 3 140 140 140 141 3 142 139 0
query12 304.87 16% 0 352744 1.00 1.00 30 5 HYBRID 73207 23578 2 1631 4298 1 1 11 14695 9494 8066 8065 10591 1430 4296 11 1 8971 1 10 10 1622 0 7 2488 298 6 6 871 1162 1809 1809 1808 2487 7 2099 871 1808 870 1808 870 870 1624 0
query14 1800.00 0% 0 1428 0.00 1.00 38 7 HYBRID 733760 97422 144937 18586 146242 1 1 30317 2492 23047 1 193465 26831 1 48331 48313 1205 1 26831 1 1306 21851 0 9675 1251 10919 8 8 13674 1252 13261 8 15168 1670 1251 4675 5501 1670 1252 1668 8 1252 13251 0
query16 1800.00 0% 0 1432 .99 1.00 20 3 STAR 42615309 160570 517 1 173565 1 14029753 42121 1 14028976 1801 1 1045 769 1 131445 352 1398 42121 131447 241 14029753 0 57 4 26726 4 26673 26673 4 26668 58 4 57 57 4 57 57 58 26673 58 5 26673 0
query20 1800.00 0% 0 1432 0.00 1.00 37 6 HYBRID 1700161 138384 1 1243 109 1 1 564262 187 79 1 43 565657 1 1364 1 1442 1 565657 1 109 1 0 7 93 93 7 160 27552 93 93 7 94 27410 93 27325 94 27410 94 27412 7 93 247 0
query21 5.62 56% 0 109144 1.00 1.00 16 2 STAR 1187 169 256 124 256 1 3 1 124 4 10 256 124 1 1 1 7 1 1 3 7 6 0 36 4 36 3 4 3 4 4 4 36 4 3 3 3 4 3 3 4 4 4 0
query23 5.68 63% 0 130560 1.00 1.00 18 2 STAR 1160 233 4 124 241 238 3 1 124 4 19 4 124 10 238 1 7 1 1 3 7 6 0 4 4 36 35 4 3 4 4 36 4 4 35 35 3 4 3 3 4 4 4 0
query24 1800.01 0% 0 1432 0.00 1.00 50 7 HYBRID 1861910 163205 163 109389 17589 3600 8099 163 499303 481958 163 1 109308 470915 3600 82 19061 1 112907 1 17346 8261 0 5880 13175 13175 193 552 13176 13176 13176 5880 7303 7303 13175 193 13176 7847 7303 7490 8 7303 13721 0
query26 303.86 18% 0 351692 1.00 1.00 33 5 HYBRID 73465 24534 2 1631 18 16 1 11 10445 9521 8093 8092 10636 5724 1 4305 16 9016 4295 10 10 1622 0 7 2496 297 296 6 873 873 1818 1818 1817 2495 297 1817 1163 2107 872 2108 872 872 1630 0
query27 251.97 21% 0 350848 1.00 1.00 27 4 HYBRID 481997 19886 1 15861 142294 141859 1 2133 10507 397 1 73 8246 1 141862 1 400 1 8246 9676 436 1 0 5 1838 2361 1945 5 422 1838 421 1945 421 423 2361 1946 422 423 422 422 1422 422 422 0
query28 33.63 27% 0 303072 1.00 1.00 20 3 STAR 6817 1474 1 1520 29 10 1 107 44 115 1 9 1511 600 1 2 16 600 1511 10 30 699 0 4 29 5 28 4 441 5 441 4 5 5 5 4 5 5 5 5 28 5 441 0
query29 1208.30 14% 0 535340 1.00 1.00 45 5 HYBRID 460832 91619 4 555 60613 1 3 10 6349 6208 86149 86137 555 6265 1 4 28 82 432 60591 146749 96 0 123 155 17386 6 7 153 155 154 1366 1282 38 153 6 154 17269 17269 37 17238 18513 155 0
query35 6.47 63% 0 148548 1.00 1.00 14 3 STAR 1265 334 112 103 1 103 1 62 1 1 10 1 1 28 1 226 287 1 10 226 28 62 0 46 21 4 21 4 5 4 4 29 4 4 29 4 29 30 4 29 29 29 5 0
query36 31.17 31% 0 319664 1.00 1.00 8 2 PATH 21758 1316 1 1 1 1 1 2061 1 1 1 5185 2061 1 5188 5185 4 1 2061 1 1 1 0 3 3 3 3 3 4 3 3 3 420 4 3 421 420 4 3 4 3 3 3 0
query37 21.36 44% 0 311212 1.00 1.00 30 5 HYBRID 25028 1386 4 124 7177 7105 3 1 124 7 10 1030 127 1 8128 889 142 70 1 3 76 6 0 7 7 221 188 7 6 7 39 189 90 39 188 238 37 26 38 6 7 39 7 0
query40 9.30 46% 0 155940 1.00 1.00 22 4 HYBRID 1565 398 256 124 256 1 3 19 124 22 118 364 124 1 1 1 7 1 1 3 115 24 0 38 6 38 5 6 60 6 61 14 46 6 5 5 5 6 5 5 6 14 61 0
query41 124.00 25% 0 346016 1.00 1.00 22 3 STAR 41144 10177 1 6187 436 4582 1 2133 832 4978 1 73 8247 1 4 1 400 1 8247 4582 436 1 0 4 421 421 1422 4 422 421 1839 4 421 422 421 5 421 422 421 422 1422 421 421 0
query43 103.06 19% 0 344140 1.00 1.00 20 3 PATH 70822 4631 1 1511 29 1 16083 8 44 16 5362 5370 1511 600 1 2 16 600 1511 1 21473 16682 0 4 5 5 4 1080 5 5 5 440 441 5 5 4 5 5 5 5 4 1517 1082 0
query45 14.27 51% 0 253004 1.00 1.00 21 3 HYBRID 3676 946 46 1 1 1 137 1 137 82 47 140 82 19 1 946 943 529 46 415 20 82 0 25 4 4 4 5 4 5 142 26 143 142 25 4 164 26 5 25 25 26 142 0
query46 880.27 9% 0 405452 1.00 1.00 23 7 HYBRID 233183 42291 1 1 40609 1 23101 1 37207 1 47413 10207 3808 1 1 1 9601 3808 3808 3403 27109 23101 0 8 8 3479 8 1939 8 2713 8 3398 693 7454 8 8 8 1260 8220 7454 774 2904 1939 0
query49 306.37 13% 0 371316 1.00 1.00 12 4 HYBRID 190811 14003 1 1 1 1 23100 1 1 1 40499 40499 1 1 1 1 9601 1 1 1 53998 23100 0 5 5 5 5 1935 5 5 5 2709 2709 5 5 5 5 491 5 5 5 4154 1935 0
query51 9.84 56% 0 210992 1.00 1.00 10 2 STAR 5299 515 1 2 1330 1330 1 1 1 429 5 429 1 432 1330 1 1 1 1 1 1 1 0 3 4 93 93 3 3 3 4 94 4 3 94 93 3 3 3 3 3 3 3 0
query52 32.78 32% 0 327440 1.00 1.00 17 2 PATH 12007 1382 1 1511 29 1 1 8 44 16 1 1847 1511 600 1839 1840 16 600 1511 1 30 600 0 3 4 4 3 3 4 4 4 3 440 4 4 439 440 4 4 4 3 4 4 0
query53 16.04 36% 0 224056 1.00 1.00 12 4 STAR 3362 683 216 1016 1 1016 1 100 1 1 1 1 1 1 1 1 100 1 1 1 1 900 0 29 74 5 74 5 130 5 5 5 5 5 5 5 5 130 5 5 5 5 176 0
query55 21.34 34% 0 264140 1.00 1.00 22 4 HYBRID 9974 945 4 124 4 853 336 334 124 4 10 2000 124 1 2849 1997 7 1 853 3 7 339 0 6 6 6 37 181 180 6 6 6 77 6 5 107 75 6 5 37 6 6 181 0
query56 51.96 41% 0 340040 1.00 1.00 15 3 STAR 64766 5543 343 901 17182 3601 1 1 1 1 3565 1 523 82 1 17182 37 559 1 19882 901 1 0 549 5 549 190 4 4 4 4 734 4 549 549 4 549 549 549 4 734 5 4 0
query57 33.10 28% 0 303536 1.00 1.00 22 3 HYBRID 7348 1457 1 1544 281 286 1 8 44 16 1 9 1511 600 253 2 16 600 1511 34 30 600 0 4 441 16 451 4 5 5 5 15 5 5 16 15 5 5 5 5 440 5 5 0
query59 1792.54 49% 0 732720 1.00 1.00 20 3 STAR 42615849 160540 517 1 173542 1 14029617 42121 1 14029857 1801 1 1045 769 1 131422 352 1398 42121 131424 241 14029617 0 56 4 26720 4 26668 26668 4 26669 57 4 57 56 4 56 57 57 26668 58 5 26668 0
query60 26.55 31% 0 304620 1.00 1.00 13 3 HYBRID 5707 1317 181 2 1 1 181 1 1 1714 1287 429 1 429 181 1 1 4 1 4 1286 1 0 266 5 4 4 266 4 4 94 94 5 4 5 266 4 4 93 4 93 94 4 0
query63 32.35 29% 0 308240 1.00 1.00 17 2 STAR 7267 1382 1 1511 29 259 1 8 44 274 1 9 1511 600 1 2 16 600 1511 259 30 600 0 3 4 4 439 3 4 4 440 3 4 4 4 3 4 4 4 4 439 4 4 0
query64 1800.00 0% 0 1432 0.00 1.00 41 7 HYBRID 694548 106121 1 1 1 1 1 230450 1 1 1 712 230450 1 1236 712 525 1 230450 1 1 1 0 8 8 8 8 8 11852 8 8 8 15587 11852 8 27436 15585 11852 8 11853 8 8 8 0
query67 1800.00 0% 0 1428 1.00 0.00 23 4 HYBRID 1545894 76966 517 1 131445 381238 507 1 1 747 1801 1 1045 769 381208 131445 352 1398 381223 131447 241 507 0 58 5 79 25425 26 26 5 27 59 5 58 58 25424 58 58 59 25445 59 6 26 0
query68 17.90 32% 0 230948 1.00 1.00 14 3 HYBRID 3256 742 1 379 1 379 137 1 137 1 2 137 37 1 1 529 529 565 37 1 2 379 0 4 142 4 142 5 4 5 4 5 5 84 4 4 5 5 85 84 4 5 142 0
query70 32.49 28% 0 313536 1.00 1.00 17 2 PATH 12007 1382 1 1511 29 1 1 8 44 16 1 1847 1511 600 1839 1840 16 600 1511 1 30 600 0 3 4 4 3 3 4 4 4 3 440 4 4 439 440 4 4 4 3 4 4 0
query71 124.29 25% 0 348292 1.00 1.00 22 3 HYBRID 75713 10177 1 6187 436 1 1 2133 832 397 1 16177 8247 1 16108 16105 400 1 8247 1 436 1 0 4 421 421 4 4 422 421 421 4 1839 422 421 1423 1839 422 421 422 4 421 421 0
query72 1017.42 13% 0 450908 1.00 1.00 19 5 HYBRID 402296 73754 1 1 55729 4753 1 2061 1 4753 66367 71551 2061 1 5188 5185 4 1 2061 60481 122095 1 0 6 6 13284 1047 6 7 6 1047 961 1378 7 6 424 423 13285 13284 7 14325 14239 6 0
query73 12.75 40% 0 196256 1.00 1.00 11 3 STAR 3898 499 1 218 649 217 1 1 1 429 2 429 649 429 1 1 1 1 1 1 1 865 0 4 95 52 94 4 4 4 5 5 5 52 5 4 4 4 4 4 4 4 142 0
query75 395.55 14% 0 359824 1.00 1.00 35 5 HYBRID 96551 30599 7 2195 59 46 1 7 5724 16977 11260 11254 2188 18649 28 12933 73 1 12953 1 1 2194 0 297 2558 1162 871 6 297 297 2896 2896 2605 2267 1163 2605 1162 3470 6 3471 6 6 2558 0
query76 16.04 37% 0 246124 1.00 1.00 6 2 STAR 7655 624 1633 1633 914 1633 1 1 914 1 914 1 1 1 1 1 1 1 1 1 1 1 0 190 190 4 190 3 3 4 3 4 3 3 3 3 3 3 3 3 3 3 3 0
query77 79.85 34% 0 331776 1.00 1.00 24 3 HYBRID 44335 8772 2 11 18 16 1 11 10445 1430 2 1 9016 5725 1 4306 16 9016 4296 10 10 2 0 5 872 296 295 4 872 872 5 5 4 871 296 4 1163 295 871 295 871 871 5 0
query78 35.17 26% 0 321488 1.00 1.00 20 3 STAR 8311 1531 607 1925 29 415 193 8 44 16 1 9 1511 600 193 2 16 600 1511 1 30 600 0 483 48 5 47 440 5 5 5 4 5 5 5 440 5 5 5 5 4 5 5 0
query80 44.40 47% 0 349420 1.00 1.00 23 3 HYBRID 122992 5518 55 19 2407 2335 137 10 38054 37918 29 137 1 37936 2335 547 529 529 1 1 2 10 0 478 478 616 142 5 478 479 478 617 5 4 616 142 479 5 5 4 4 5 478 0
query83 5.74 78% 0 149152 1.00 1.00 8 2 PATH 6458 224 1 144 1994 1994 1 1 144 1 16 1 1 16 1994 1 1 1 1 144 1 1 0 3 4 35 35 3 3 4 3 35 3 3 35 36 3 3 3 3 4 3 3 0
query85 21.33 40% 0 303576 1.00 1.00 16 3 STAR 8218 1327 1459 1460 1 1459 172 1 172 429 2 600 1 429 1 676 676 676 1 1 1 1 0 178 179 4 178 94 4 94 5 95 95 4 5 4 94 94 94 4 4 94 4 0
query86 22.85 36% 0 308760 1.00 1.00 13 2 STAR 33643 941 2 2 3 1 1 2 1430 1430 2 9777 1 1430 9777 9778 1 1 1 1 1 2 0 4 4 4 3 3 4 4 4 4 294 3 4 293 294 3 3 3 3 3 4 0
query87 46.37 53% 0 331556 1.00 1.00 47 4 HYBRID 20546 7624 427 1513 67 3727 387 55 1513 499 280 112 1522 730 4087 10 592 10 442 477 277 3819 0 390 390 390 258 390 357 38 390 390 390 390 357 610 357 390 357 357 390 390 643 0
query88 36.06 27% 0 322068 1.00 1.00 11 3 STAR 24605 1578 1 1 13 1 1 5765 1 97 2368 1 1 1 2368 2356 1 5765 1 5765 97 1 0 4 4 5 4 4 492 4 10 11 4 4 4 11 10 4 492 4 492 11 4 0
query90 58.32 30% 0 340536 1.00 1.00 33 4 HYBRID 23093 4534 4 2679 283 853 3 1 682 283 10 3593 2679 1 4442 1 3875 1 3408 3 286 6 0 6 180 181 37 6 179 180 180 6 807 181 180 664 180 808 180 211 6 181 181 0
query91 12.81 50% 0 237812 1.00 1.00 13 2 STAR 9052 758 1 1 2335 2335 137 1 137 1 20 137 1 19 2335 529 529 529 1 1 2 1 0 3 3 141 141 4 3 4 3 142 4 3 141 141 4 4 4 3 3 4 3 0
query92 5.64 56% 0 110340 1.00 1.00 16 2 STAR 467 169 4 124 4 1 3 13 124 4 10 4 124 1 1 1 19 1 1 3 7 18 0 4 4 4 3 4 35 4 4 4 4 4 3 3 3 36 3 3 4 4 36 0
query93 11.51 74% 0 321904 1.00 1.00 24 3 HYBRID 97109 879 301 124 4 412 3 1 124 4 307 4 124 379 412 31267 31273 1 298 31269 385 417 0 91 5 5 36 5 4 5 5 91 5 5 90 36 90 91 4 90 92 92 37 0
query96 16.45 43% 0 260604 1.00 1.00 14 4 HYBRID 2996 982 1 1 160 1 700 73 160 61 160 4 61 1 1 703 73 1 1 700 1 133 0 5 5 22 5 6 41 22 149 22 149 149 5 5 150 41 5 5 6 5 185 0
query97 8.48 49% 0 152076 1.00 1.00 9 3 STAR 3068 315 251 1 251 1 1 94 1 94 1 924 1 1 674 674 1 1 1 1 1 94 0 5 4 5 4 4 59 4 59 4 27 4 4 26 27 4 4 4 4 4 59 0
query100 426.28 12% 0 372752 1.00 1.00 26 6 HYBRID 138689 24478 3688 3934 34507 17623 2500 3934 1 49 2071 1 3715 325 3868 21619 2824 973 1 20818 13738 2500 0 1302 625 5243 5070 178 625 7 8 799 7 1302 798 512 799 969 798 7 798 4453 178 0
