query10 5.53 49% 0.0 89818.66666666667 1.0 1.0 5.0 5.0 HYBRID 266.3333333333333 52.333333333333336 1.0 13.666666666666666 1.0 14.0 1.0 49.666666666666664 1.0 1.0 1.0 49.666666666666664 1.0 1.0 1.0 1.0 14.0 1.0 1.0 49.666666666666664 1.0 62.666666666666664 0.0 1.0 1.3333333333333333 1.0 13.666666666666666 1.0 1.3333333333333333 1.0 1.0 1.0 1.3333333333333333 1.0 1.0 1.0 1.0 5.666666666666667 1.0 1.0 5.666666666666667 1.0 10.333333333333334 0.0
query36 14.416666666666666 35% 0.0 143329.33333333334 1.0 1.0 2.0 2.0 PATH 3808.0 163.0 1.0 1.0 1.0 1.0 1.0 1.0 1.0 1.0 577.0 1.0 1.0 1.0 1.0 577.0 1.0 1.0 1374.3333333333333 1.0 1263.6666666666667 1.0 0.0 1.0 1.0 1.0 1.0 1.0 1.0 1.0 1.0 48.333333333333336 1.0 1.0 1.0 1.0 48.333333333333336 1.0 1.0 1.6666666666666667 1.0 48.666666666666664 1.0 0.0
query5 11.266666666666666 40% 0.0 117213.33333333333 1.0 1.0 3.0 3.0 HYBRID 1513.3333333333333 115.66666666666667 1.0 1.0 1.0 1.0 81.0 1.0 1.0 1.0 1.0 1.0 1.0 1.0 140.33333333333334 1.6666666666666667 1.0 1.0 1.0 1.0 1.6666666666666667 1273.6666666666667 0.0 1.0 1.0 1.0 1.0 1.3333333333333333 1.0 1.0 1.0 1.0 1.0 1.0 1.0 87.33333333333333 8.0 1.0 1.0 1.6666666666666667 1.6666666666666667 1.3333333333333333 1.3333333333333333 0.0
query70 8.953333333333333 50% 0.0 111070.66666666667 1.0 1.0 2.0 2.0 PATH 1618.6666666666667 91.0 1.0 1.0 1.0 1.0 198.33333333333334 1.0 1.0 1.0 1.0 1.0 1.0 1.0 1.0 198.33333333333334 1.0 1.0 504.3333333333333 1.0 198.33333333333334 504.3333333333333 0.0 1.0 1.0 1.0 1.0 1.3333333333333333 1.0 1.0 1.0 1.0 1.0 1.0 1.0 1.0 36.0 1.0 1.0 1.3333333333333333 1.0 36.0 1.3333333333333333 0.0
query78 5.32 38% 0.0 87286.66666666667 1.0 1.0 3.0 3.0 STAR 288.6666666666667 42.0 1.0 221.66666666666666 1.0 1.0 1.0 1.0 1.0 1.0 1.0 10.666666666666666 1.0 1.0 11.0 1.0 1.0 1.0 1.0 10.333333333333334 1.0 20.0 0.0 1.0 1.3333333333333333 1.0 1.0 1.0 1.0 1.0 1.0 1.0 1.3333333333333333 1.0 1.0 17.333333333333332 1.0 1.0 1.0 1.0 3.3333333333333335 1.0 3.6666666666666665 0.0
query14 480.85999999999996 8% 0.0 563069.3333333334 1.0 1.0 7.0 7.0 HYBRID 76815.0 6923.333333333333 1.0 1.0 222.33333333333334 1.0 1.0 1.0 1.0 1.0 909.0 2360.0 1.0 1.0 2581.3333333333335 1.0 1.0 1.0 687.6666666666666 68667.66666666667 577.0 798.0 0.0 1.0 1.0 577.0 1.0 1.0 1.0 1.0 1.0 4580.666666666667 159.66666666666666 1.0 1.0 704.0 1.0 1.0 1.0 1.3333333333333333 1.3333333333333333 687.6666666666666 199.66666666666666 0.0
query21 4.829999999999999 38% 0.0 78618.66666666667 1.0 1.0 2.0 2.0 STAR 217.0 34.0 1.0 1.0 1.0 1.0 1.0 1.0 1.0 1.0 1.0 107.66666666666667 42.0 1.0 25.666666666666668 1.0 1.0 1.0 1.0 1.0 25.666666666666668 1.0 0.0 1.0 1.0 1.0 1.0 1.0 1.0 1.0 1.0 1.0 6.0 1.3333333333333333 1.0 5.333333333333333 1.0 1.0 1.0 1.0 1.0 5.333333333333333 1.0 0.0
query51 6.346666666666667 41% 0.0 95162.66666666667 1.0 1.0 2.0 2.0 STAR 891.0 54.0 1.0 1.0 1.0 1.0 148.66666666666666 1.0 1.0 1.0 1.0 1.0 1.0 143.66666666666666 148.66666666666666 1.0 143.66666666666666 1.0 1.0 148.66666666666666 143.66666666666666 1.0 0.0 1.0 1.0 1.0 1.0 12.0 1.0 1.0 1.0 1.0 1.0 1.0 1.3333333333333333 12.0 1.0 1.3333333333333333 1.0 1.0 12.0 1.3333333333333333 1.0 0.0
query17 6.476666666666667 42% 0.0 88694.66666666667 1.0 1.0 5.0 5.0 STAR 190.33333333333334 59.333333333333336 1.0 22.0 1.0 1.0 1.0 1.0 1.0 29.666666666666668 1.0 19.666666666666668 1.0 1.0 1.0 1.0 1.0 1.0 1.0 32.333333333333336 29.666666666666668 43.0 0.0 1.0 29.666666666666668 1.0 1.0 1.0 1.0 1.0 1.3333333333333333 1.0 1.3333333333333333 1.0 1.0 1.0 1.0 1.0 1.0 1.0 4.333333333333333 1.3333333333333333 7.333333333333333 0.0
query64 34.35 28% 0.0 177570.66666666666 1.0 1.0 7.0 7.0 HYBRID 6408.333333333333 479.3333333333333 1.0 1.0 1.0 1.0 23.0 1.0 1.0 1.0 1.0 1.0 1.0 1.0 1.0 19.666666666666668 9.0 1.0 6335.333333333333 2.0 2.0 4.333333333333333 0.0 1.0 1.0 1.0 1.0 1.3333333333333333 1.0 1.0 1.0 1.0 1.0 1.0 1.0 1.0 424.6666666666667 1.3333333333333333 1.0 9.333333333333334 23.0 2.3333333333333335 4.333333333333333 0.0
query93 9.086666666666666 41% 0.0 116137.33333333333 1.0 1.0 3.0 3.0 HYBRID 3317.6666666666665 102.0 1.0 1.0 1.0 1.0 1.0 42.0 1.0 1.0 1062.0 1062.0 42.0 1.0 1.0 1.0 1.0 1.0 1.0 1053.6666666666667 1.0 42.0 0.0 1.0 1.0 1.0 1.0 1.0 1.3333333333333333 1.0 1.0 73.33333333333333 1.3333333333333333 1.3333333333333333 1.0 1.0 1.0 1.0 1.0 1.0 5.333333333333333 1.0 5.333333333333333 0.0
query95 31.95 44% 0.0 159166.66666666666 1.0 1.0 4.0 4.0 HYBRID 7248.666666666667 444.6666666666667 1.0 1.0 1.0 1.0 1.0 81.0 1.0 1.0 1.0 1.0 1.0 1.0 1.0 1.0 1.0 1.0 6334.333333333333 816.3333333333334 1.0 1.0 0.0 1.0 1.0 1.0 1.0 1.0 1.3333333333333333 1.0 1.0 1.0 1.0 1.0 1.0 1.0 1.0 1.0 1.0 1.3333333333333333 425.0 1.0 1.0 0.0
query71 16.906666666666666 36% 0.0 156092.0 1.0 1.0 3.0 3.0 HYBRID 4494.666666666667 210.33333333333334 1.0 1.0 1.0 1.0 1.0 1.0 1.0 1.0 577.0 1.0 1.0 1.0 1.0 577.0 1.0 1.0 1374.3333333333333 687.6666666666666 577.0 687.6666666666666 0.0 1.0 1.0 1.0 1.0 1.0 1.0 1.0 1.0 48.333333333333336 1.0 1.0 1.0 1.0 48.333333333333336 1.0 1.0 1.6666666666666667 1.3333333333333333 48.333333333333336 48.333333333333336 0.0
query27 22.17 22% 0.0 185353.33333333334 1.0 1.0 4.0 4.0 HYBRID 8439.333333333334 280.6666666666667 1.0 1.0 1.0 1.0 1546.0 1.0 1.0 1.0 1.0 1.0 1.0 1.0 1546.0 48.666666666666664 1.0 1546.0 997.0 2741.6666666666665 1.0 1.0 0.0 1.0 1.0 1.0 1.0 23.0 1.0 1.0 1.0 1.0 1.0 1.0 1.0 23.0 1.3333333333333333 1.0 164.66666666666666 6.0 48.666666666666664 1.0 1.0 0.0
query100 24.123333333333335 27% 0.0 147466.66666666666 1.0 1.0 6.0 6.0 HYBRID 691.3333333333334 340.3333333333333 1.0 1.0 1.0 26.333333333333332 1.0 1.0 1.0 1.0 18.333333333333332 1.0 1.0 216.66666666666666 18.333333333333332 56.0 1.0 1.0 68.66666666666667 1.0 1.0 274.0 0.0 1.0 1.0 1.0 1.3333333333333333 1.0 1.0 1.0 1.0 51.333333333333336 1.0 1.0 18.333333333333332 5.0 29.0 1.0 1.0 217.0 1.0 1.0 5.333333333333333 0.0
query87 6.4366666666666665 78% 0.0 145720.0 1.0 1.0 9.666666666666666 4.0 HYBRID 770.0 244.0 1.0 1.0 1.0 1.0 1.0 136.0 1.0 14.333333333333334 63.666666666666664 136.0 136.0 27.666666666666668 30.666666666666668 33.333333333333336 27.666666666666668 33.333333333333336 1.3333333333333333 17.666666666666668 29.666666666666668 76.66666666666667 0.0 1.0 1.0 1.0 1.0 1.0 1.3333333333333333 1.0 11.333333333333334 6.666666666666667 1.3333333333333333 1.3333333333333333 11.333333333333334 22.0 21.666666666666668 22.333333333333332 32.666666666666664 22.0 11.666666666666666 33.0 39.333333333333336 0.0
query56 13.546666666666667 37% 0.0 142592.0 1.0 1.0 3.0 3.0 STAR 3838.0 153.0 1.0 1.0 1.0 1.0 1.0 1.0 1.0 1.0 1.0 1.0 1.0 1.0 637.3333333333334 1.0 1273.6666666666667 1.0 1.0 1273.6666666666667 637.3333333333334 1.0 0.0 1.0 1.0 1.0 1.0 1.0 1.0 1.0 1.0 1.0 1.0 1.0 1.0 1.3333333333333333 1.0 89.0 1.0 1.0 1.6666666666666667 45.0 1.0 0.0
query73 4.9366666666666665 37% 0.0 85328.0 1.0 1.0 3.0 3.0 STAR 249.33333333333334 36.0 1.0 1.0 1.0 1.0 1.0 1.0 1.0 1.0 1.0 1.0 1.0 25.0 25.0 1.0 49.0 1.0 67.66666666666667 1.0 1.0 67.66666666666667 0.0 1.0 1.0 1.0 1.0 1.0 1.0 1.0 1.0 1.0 1.0 1.0 7.0 1.3333333333333333 1.0 10.0 1.0 1.3333333333333333 1.0 1.0 1.3333333333333333 0.0
query49 11.786666666666667 42% 0.0 138852.0 1.0 1.0 4.0 4.0 HYBRID 3019.3333333333335 126.0 1.0 1.0 1.0 1.0 1.0 1.0 1.0 1.0 1.0 1.0 1.0 1.0 1.0 501.0 500.6666666666667 1.0 1.0 1.0 501.0 1500.6666666666667 0.0 1.0 1.0 1.0 1.0 1.0 1.0 1.0 1.0 1.0 1.0 1.0 1.0 1.0 1.3333333333333333 36.0 1.0 1.0 1.0 36.0 36.666666666666664 0.0
query83 4.013333333333333 41% 0.0 80958.66666666667 1.0 1.0 2.0 2.0 PATH 378.6666666666667 25.666666666666668 46.666666666666664 1.0 1.0 1.0 46.666666666666664 1.0 1.0 1.0 1.0 1.0 1.0 1.0 220.66666666666666 1.0 1.0 1.0 1.0 48.666666666666664 1.0 1.0 0.0 1.3333333333333333 1.0 1.0 1.0 1.3333333333333333 1.0 1.0 1.0 1.0 1.0 1.0 1.0 5.666666666666667 1.0 1.0 1.0 1.0 1.3333333333333333 1.0 1.0 0.0
query76 7.166666666666667 42% 0.0 103889.33333333333 1.0 1.0 2.0 2.0 STAR 1172.6666666666667 64.33333333333333 1.0 1.0 1.0 182.33333333333334 1.0 1.0 1.0 1.0 305.3333333333333 182.33333333333334 1.0 1.0 1.0 1.0 1.0 1.0 305.3333333333333 1.0 1.0 182.33333333333334 0.0 1.0 1.0 1.0 22.666666666666668 1.0 1.0 1.0 1.0 1.3333333333333333 1.3333333333333333 1.0 1.0 1.0 1.0 1.0 1.0 1.3333333333333333 1.0 1.0 22.666666666666668 0.0
query32 6.783333333333334 63% 0.0 108202.66666666667 1.0 1.0 2.0 2.0 PATH 2019.6666666666667 56.0 1.0 1.0 1.0 1.0 1.0 1.0 1.0 1.0 1.0 1.0 501.0 1.0 1.0 1.0 501.0 1.0 1.0 1.0 501.0 500.6666666666667 0.0 1.0 1.0 1.0 1.0 1.0 1.0 1.0 1.0 1.0 1.0 1.3333333333333333 1.0 1.0 1.0 1.3333333333333333 1.0 1.0 1.0 1.3333333333333333 36.0 0.0
query2 17.633333333333333 37% 0.0 156573.33333333334 1.0 1.0 3.0 3.0 HYBRID 4494.333333333333 210.33333333333334 1.0 1.0 1.0 1.0 1.0 1.0 1.0 1.0 577.0 1.0 1.0 1.0 1.0 577.0 1.0 1.0 1374.3333333333333 687.6666666666666 577.0 687.3333333333334 0.0 1.0 1.0 1.0 1.0 1.0 1.0 1.0 1.0 48.333333333333336 1.0 1.0 1.0 1.0 48.333333333333336 1.0 1.0 1.6666666666666667 1.3333333333333333 48.333333333333336 48.333333333333336 0.0
query47 34.82666666666666 75% 0.0 181218.66666666666 1.0 1.0 3.0 3.0 HYBRID 14060.0 444.6666666666667 1.0 1.0 1.0 1.0 1.0 1.0 1.0 1.0 1.0 1.0 1.0 1.0 1.0 1.0 1.0 1.0 7021.0 687.6666666666666 1.0 6334.333333333333 0.0 1.0 1.0 1.0 1.0 1.0 1.0 1.0 1.0 1.0 1.0 1.0 1.0 1.0 1.0 1.0 1.0 1.6666666666666667 1.3333333333333333 1.0 424.6666666666667 0.0
query60 22.87 17% 0.0 149786.66666666666 1.0 1.0 3.0 3.0 HYBRID 3789.0 275.6666666666667 1.0 1.0 3601.0 1.0 1.0 1.0 1.0 143.66666666666666 1.0 7.666666666666667 1.0 1.0 14.0 1.0 1.0 1.0 1.0 1.0 7.666666666666667 1.0 0.0 1.0 1.0 1.3333333333333333 1.0 1.0 1.0 1.0 1.3333333333333333 1.0 1.3333333333333333 1.0 1.0 14.0 1.0 1.0 1.0 1.0 1.0 242.66666666666666 1.0 0.0
query1 20.680000000000003 15% 0.0 124906.66666666667 1.0 1.0 5.0 5.0 HYBRID 367.6666666666667 247.33333333333334 212.0 1.0 1.0 1.0 1.0 1.0 1.0 1.0 3.0 3.0 1.0 3.0 1.0 120.66666666666667 3.0 3.0 2.6666666666666665 2.6666666666666665 1.0 4.666666666666667 0.0 1.3333333333333333 1.0 1.0 1.0 1.0 1.0 1.0 1.0 2.0 10.666666666666666 1.0 2.0 1.0 1.3333333333333333 212.0 2.6666666666666665 2.0 2.0 1.0 1.3333333333333333 0.0
query6 9.126666666666667 36% 0.0 92776.0 1.0 1.0 5.0 5.0 HYBRID 110.33333333333333 93.33333333333333 1.0 1.0 1.0 1.0 1.0 4.0 2.6666666666666665 1.0 6.333333333333333 67.66666666666667 1.0 4.0 8.666666666666666 1.0 1.0 4.0 1.0 1.0 1.0 1.0 0.0 1.0 1.0 1.0 1.0 1.0 3.0 1.3333333333333333 1.0 1.3333333333333333 1.3333333333333333 1.0 67.66666666666667 2.6666666666666665 1.0 1.0 3.0 1.0 1.0 1.0 1.0 0.0
query72 374.97333333333336 52% 0.0 258402.66666666666 1.0 1.0 5.0 5.0 HYBRID 81365.0 5462.666666666667 1.0 1.0 1.0 1.0 1.0 1.0 1.0 1.0 75.33333333333333 1.0 1.0 1.0 1.0 227.0 58.333333333333336 1.0 80309.33333333333 36.0 380.6666666666667 265.3333333333333 0.0 1.0 1.0 1.0 1.0 1.0 1.0 1.0 1.0 5.0 1.0 1.0 1.0 1.0 5.333333333333333 1.3333333333333333 1.0 64.66666666666667 12.666666666666666 7.666666666666667 5353.0 0.0
query67 982.7433333333333 26% 0.0 708806.6666666666 1.0 0.0 4.0 4.0 HYBRID 1768535.6666666667 14647.666666666666 1.0 1.0 1.0 1.0 516424.6666666667 1.0 1.0 1691.0 53701.0 1.0 516424.6666666667 1.0 14595.666666666666 1.0 1.0 1.0 148624.66666666666 517061.0 1.0 1.0 0.0 1.0 1.0 1.0 1.0 740.3333333333334 1.0 1.0 1.3333333333333333 1.3333333333333333 1.0 975.6666666666666 1.0 45.0 1.0 1.0 1.0 12755.333333333334 115.66666666666667 1.0 1.0 0.0
query52 8.633333333333333 40% 0.0 110634.66666666667 1.0 1.0 2.0 2.0 PATH 1458.3333333333333 91.0 1.0 1.0 1.0 1.0 38.0 1.0 1.0 1.0 1.0 1.0 1.0 1.0 1.0 198.33333333333334 1.0 1.0 504.3333333333333 1.0 198.33333333333334 504.3333333333333 0.0 1.0 1.0 1.0 1.0 1.3333333333333333 1.0 1.0 1.0 1.0 1.0 1.0 1.0 1.0 36.0 1.0 1.0 1.3333333333333333 1.0 36.0 1.3333333333333333 0.0
query22 5.716666666666666 48% 0.0 91656.0 1.0 1.0 2.0 2.0 PATH 883.0 42.666666666666664 1.0 1.0 1.0 1.0 1.0 1.0 1.0 1.0 149.0 1.0 1.0 268.0 149.0 1.0 1.0 1.0 1.0 301.0 1.0 1.0 0.0 1.0 1.0 1.0 1.0 1.0 1.0 1.0 1.0 1.3333333333333333 1.0 1.0 22.666666666666668 1.3333333333333333 1.0 1.0 1.0 1.0 1.3333333333333333 1.0 1.0 0.0
query30 23.53 45% 0.0 146709.33333333334 1.0 1.0 4.0 4.0 STAR 982.6666666666666 327.0 1.0 34.333333333333336 1.0 1.0 1.0 1.0 1.0 1.0 1.0 1.0 260.6666666666667 1.0 50.0 1.0 1.0 1.0 34.333333333333336 260.6666666666667 141.33333333333334 188.33333333333334 0.0 1.0 260.6666666666667 1.0 1.0 1.0 1.0 1.0 1.0 1.0 1.0 1.3333333333333333 1.0 20.0 1.0 1.0 1.0 12.666666666666666 1.3333333333333333 1.3333333333333333 16.666666666666668 0.0
query61 4.25 38% 0.0 79257.33333333333 1.0 1.0 3.0 3.0 STAR 108.33333333333333 30.333333333333332 1.0 2.0 1.0 1.0 1.0 1.0 1.0 1.0 1.0 43.0 1.0 1.0 1.0 1.0 1.0 1.0 1.0 3.0 1.0 44.333333333333336 0.0 1.0 1.3333333333333333 1.0 1.0 1.0 1.0 1.0 1.0 1.0 1.6666666666666667 1.0 1.0 1.0 1.0 1.0 1.0 1.0 6.0 1.0 5.333333333333333 0.0
query13 7.43 43% 0.0 102936.0 1.0 1.0 2.0 2.0 STAR 1589.3333333333333 68.33333333333333 1.0 1.0 1.0 1.0 1.0 1.0 1.0 1.0 1.0 1.0 1.0 1.0 1.0 1.0 1.0 1.0 785.6666666666666 99.0 1.0 687.6666666666666 0.0 1.0 1.0 1.0 1.0 1.0 1.0 1.0 1.0 1.0 1.0 1.0 1.0 1.0 1.0 1.0 1.0 1.6666666666666667 1.3333333333333333 1.0 48.333333333333336 0.0
query4 120.81333333333333 12% 0.0 323652.0 1.0 1.0 5.0 5.0 HYBRID 16590.0 1730.0 1.0 1.0 1.0 1.0 1.0 1.0 1.0 1.0 971.3333333333334 4515.333333333333 422.0 1.0 550.3333333333334 4094.3333333333335 1.0 1.0 1929.3333333333333 1.0 1.0 4094.3333333333335 0.0 1.0 1.0 1.0 1.0 1.0 1.0 1.0 1.0 550.6666666666666 971.3333333333334 131.0 1.0 1.3333333333333333 30.666666666666668 1.0 1.0 1.3333333333333333 1.0 1.0 30.666666666666668 0.0
query65 3.896666666666667 34% 0.0 74045.33333333333 1.0 1.0 2.0 2.0 PATH 54.666666666666664 23.0 1.0 1.0 1.0 1.0 1.0 1.0 1.0 1.0 1.0 1.0 9.666666666666666 1.0 1.0 1.0 9.666666666666666 1.0 9.666666666666666 1.0 9.666666666666666 1.0 0.0 1.0 1.0 1.0 1.0 1.0 1.0 1.0 1.0 1.0 1.0 1.3333333333333333 1.0 1.0 1.0 3.0 1.0 1.3333333333333333 1.0 1.3333333333333333 1.0 0.0
query26 39.88666666666666 14% 0.0 181313.33333333334 1.0 1.0 5.0 5.0 HYBRID 804.3333333333334 548.3333333333334 1.0 1.0 144.33333333333334 1.0 1.0 1.0 1.0 1.0 1.0 14.333333333333334 18.333333333333332 17.0 7.666666666666667 1.0 139.0 351.3333333333333 100.33333333333333 1.0 1.0 1.0 0.0 1.0 1.0 1.3333333333333333 1.0 1.0 1.0 1.0 1.0 1.0 141.66666666666666 1.3333333333333333 18.333333333333332 9.0 1.0 12.0 1.3333333333333333 351.3333333333333 1.0 1.0 1.0 0.0
query91 6.53 47% 0.0 99297.33333333333 1.0 1.0 2.0 2.0 STAR 1174.0 61.0 1.0 1.0 1.0 1.0 209.66666666666666 1.0 1.0 1.0 1.0 1.0 1.0 1.0 209.66666666666666 1.0 177.0 353.0 1.0 209.66666666666666 1.0 1.0 0.0 1.0 1.0 1.0 1.0 14.333333333333334 1.0 1.0 1.0 1.0 1.0 1.0 1.0 14.333333333333334 1.0 1.3333333333333333 1.6666666666666667 1.0 14.333333333333334 1.0 1.0 0.0
query29 67.38000000000001 16% 0.0 241666.66666666666 1.0 1.0 5.0 5.0 HYBRID 2056.6666666666665 954.0 1.0 1.0 477.3333333333333 1.0 47.333333333333336 1.0 1.0 1.0 1.0 196.33333333333334 44.333333333333336 196.33333333333334 1.0 194.33333333333334 194.33333333333334 1.0 1.0 1.0 194.33333333333334 501.0 0.0 1.0 1.0 1.3333333333333333 1.0 501.0 1.0 1.0 1.0 1.0 34.333333333333336 1.3333333333333333 5.333333333333333 1.0 196.33333333333334 5.666666666666667 1.0 1.0 1.0 196.33333333333334 1.3333333333333333 0.0
query37 11.083333333333334 26% 0.0 112957.33333333333 1.0 1.0 5.0 5.0 HYBRID 569.3333333333334 131.66666666666666 1.0 1.0 1.0 1.0 26.0 1.0 1.0 1.0 60.0 1.0 96.33333333333333 1.0 247.33333333333334 1.0 21.666666666666668 1.0 1.0 54.0 51.0 1.0 0.0 1.0 1.0 1.0 1.0 21.666666666666668 1.0 1.0 1.0 1.3333333333333333 1.0 19.0 1.0 1.3333333333333333 1.0 1.3333333333333333 1.0 1.0 60.0 14.0 1.0 0.0
query63 11.506666666666666 35% 0.0 118396.0 1.0 1.0 2.0 2.0 STAR 1603.0 126.0 1.0 1.0 1.0 1.0 1.0 1.0 1.0 1.0 1.0 1.0 1.0 1.0 1.0 1.0 25.333333333333332 1.0 504.3333333333333 528.6666666666666 1.0 528.6666666666666 0.0 1.0 1.0 1.0 1.0 1.0 1.0 1.0 1.0 1.0 1.0 1.0 1.0 1.0 1.0 36.0 1.0 1.3333333333333333 36.333333333333336 1.0 36.333333333333336 0.0
query97 5.830000000000001 37% 0.0 92322.66666666667 1.0 1.0 3.0 3.0 STAR 514.6666666666666 53.666666666666664 1.0 1.0 1.0 1.0 26.0 1.0 1.0 1.0 1.0 198.33333333333334 1.0 1.0 26.0 1.0 1.0 1.0 1.0 26.0 198.33333333333334 26.0 0.0 1.0 1.0 1.0 1.0 1.3333333333333333 1.0 1.0 1.0 1.0 1.3333333333333333 1.0 1.0 4.333333333333333 1.0 1.0 1.0 1.0 15.666666666666666 1.3333333333333333 15.666666666666666 0.0
query74 98.36666666666667 10% 0.0 270842.6666666667 1.0 1.0 7.0 7.0 HYBRID 1723.6666666666667 1404.0 1.0 1.0 352.0 83.0 122.66666666666667 1.0 1.0 1.0 1.0 1.0 83.0 1.0 1.0 1.0 1.0 1.0 1.0 282.6666666666667 204.66666666666666 582.6666666666666 0.0 1.0 1.0 1.3333333333333333 282.6666666666667 1.3333333333333333 1.0 1.0 1.0 1.0 1.0 122.66666666666667 1.0 1.0 1.0 1.0 1.0 1.0 501.0 473.6666666666667 8.333333333333334 0.0
query82 8.596666666666666 36% 0.0 106729.33333333333 1.0 1.0 2.0 2.0 STAR 1244.0 91.0 1.0 67.66666666666667 1.0 1.0 1.0 1.0 1.0 1.0 1.0 1.0 1.0 1.0 76.33333333333333 1.0 1.0 1.0 76.33333333333333 504.3333333333333 1.0 504.3333333333333 0.0 1.0 1.3333333333333333 1.0 1.0 1.0 1.0 1.0 1.0 1.0 1.0 1.0 1.0 36.0 1.0 1.0 1.0 36.0 1.3333333333333333 1.0 1.3333333333333333 0.0
query35 5.586666666666666 37% 0.0 86760.0 1.0 1.0 3.0 3.0 STAR 327.3333333333333 44.333333333333336 1.0 1.0 1.0 9.0 1.0 13.666666666666666 1.0 9.333333333333334 1.0 258.6666666666667 1.0 1.0 1.0 1.0 13.666666666666666 1.0 1.0 1.0 1.0 9.0 0.0 1.0 1.0 1.0 3.3333333333333335 1.0 1.3333333333333333 1.0 19.666666666666668 1.0 1.3333333333333333 1.0 1.0 1.0 1.0 1.3333333333333333 1.0 1.0 1.0 1.0 3.3333333333333335 0.0
query44 5.576666666666667 50% 0.0 92685.33333333333 1.0 1.0 3.0 3.0 HYBRID 732.6666666666666 43.0 1.0 1.0 1.0 1.0 143.33333333333334 1.0 1.0 143.66666666666666 1.0 1.0 1.0 1.0 143.33333333333334 1.0 143.66666666666666 1.0 1.0 1.0 143.66666666666666 1.0 0.0 1.0 1.0 1.0 1.0 12.0 1.0 1.0 1.3333333333333333 1.0 1.0 1.0 1.0 12.0 1.0 1.3333333333333333 1.0 1.0 1.0 1.3333333333333333 1.0 0.0
query8 8.253333333333332 47% 0.0 110029.33333333333 1.0 1.0 3.0 3.0 HYBRID 1277.6666666666667 79.33333333333333 1.0 1.0 1.0 1.0 1.0 1.0 1.0 1.0 1.0 1.0 1.0 1.0 1.0 152.66666666666666 1.0 1.0 304.0 152.33333333333334 152.66666666666666 501.0 0.0 1.0 1.0 1.0 1.0 1.0 1.0 1.0 1.0 1.0 1.0 1.0 1.0 1.0 1.3333333333333333 1.0 1.0 47.666666666666664 12.666666666666666 1.3333333333333333 1.3333333333333333 0.0
query89 6.316666666666667 37% 0.0 86616.0 1.0 1.0 4.0 4.0 HYBRID 72.33333333333333 64.33333333333333 1.0 1.0 1.0 1.0 40.0 1.0 1.0 1.0 1.0 1.0 1.6666666666666667 1.0 1.0 7.0 1.0 1.3333333333333333 1.0 1.3333333333333333 7.0 1.0 0.0 1.0 1.0 1.0 1.0 1.3333333333333333 1.0 1.0 1.0 1.0 1.0 42.0 1.0 1.0 1.3333333333333333 1.0 1.3333333333333333 1.0 1.3333333333333333 3.0 1.0 0.0
query25 9.143333333333333 43% 0.0 118341.33333333333 1.0 1.0 2.0 2.0 PATH 2401.0 87.66666666666667 1.0 1.0 1.0 1.0 477.0 1.0 1.0 1.0 1.0 1.0 1.0 477.3333333333333 1.0 1.0 477.3333333333333 477.0 477.3333333333333 1.0 1.0 1.0 0.0 1.0 1.0 1.0 1.0 34.333333333333336 1.0 1.0 1.0 1.0 1.0 1.0 1.3333333333333333 1.0 1.0 1.3333333333333333 34.333333333333336 1.3333333333333333 1.0 1.0 1.0 0.0
query62 3.9666666666666663 37% 0.0 67932.0 0.6666666666666666 1.0 1.3333333333333333 2.0 STAR 147.66666666666666 25.0 1.0 1.0 1.0 1.0 1.0 1.0 1.0 1.0 1.0 42.0 44.333333333333336 1.0 1.0 1.0 1.0 1.0 1.0 44.333333333333336 1.0 1.0 0.0 1.0 1.0 1.0 1.0 1.0 1.0 1.0 1.0 1.0 1.3333333333333333 1.3333333333333333 1.0 1.0 1.0 1.0 1.0 1.0 5.333333333333333 1.0 1.0 0.0
query7 7.409999999999999 50% 0.0 102833.33333333333 1.0 1.0 3.0 3.0 STAR 1126.6666666666667 67.66666666666667 1.0 1.0 1.0 1.0 1.0 1.0 1.0 1.0 1.0 1.0 1.0 1.0 1.0 152.66666666666666 1.0 1.0 152.66666666666666 1.0 152.66666666666666 652.6666666666666 0.0 1.0 1.0 1.0 1.0 1.0 1.0 1.0 1.0 1.0 1.0 1.0 1.0 1.0 1.3333333333333333 1.0 1.0 36.0 1.0 1.3333333333333333 13.0 0.0
query40 6.989999999999999 39% 0.0 98408.0 1.0 1.0 4.0 4.0 HYBRID 741.6666666666666 77.33333333333333 1.0 1.0 1.0 1.0 1.0 1.0 1.6666666666666667 1.0 1.0 542.0 151.0 1.0 25.666666666666668 2.3333333333333335 1.0 1.0 1.0 1.0 1.6666666666666667 4.333333333333333 0.0 1.0 1.0 1.0 1.0 1.0 1.0 1.3333333333333333 1.0 1.0 1.6666666666666667 36.0 1.0 5.333333333333333 1.6666666666666667 1.0 1.0 1.0 1.0 1.6666666666666667 16.666666666666668 0.0
query15 5.460000000000001 44% 0.0 87765.33333333333 1.0 1.0 2.0 2.0 STAR 661.0 38.0 1.0 1.0 1.0 1.0 73.0 1.0 1.0 1.0 1.0 1.0 1.0 1.0 1.0 1.0 1.0 234.0 1.0 1.0 1.0 337.0 0.0 1.0 1.0 1.0 1.0 1.6666666666666667 1.0 1.0 1.0 1.0 1.0 1.0 1.0 1.0 1.0 1.0 1.3333333333333333 1.0 1.0 1.0 18.0 0.0
query33 6.1933333333333325 53% 0.0 103325.33333333333 1.0 1.0 2.0 2.0 PATH 2841.6666666666665 50.333333333333336 1.0 1.0 1.0 1.0 1.0 1.0 1.0 1.0 198.33333333333334 170.0 1.0 1.0 1.0 1129.3333333333333 1.0 1.0 1.0 1.0 198.33333333333334 1130.6666666666667 0.0 1.0 1.0 1.0 1.0 1.0 1.0 1.0 1.0 1.3333333333333333 1.3333333333333333 1.0 1.0 1.0 15.666666666666666 1.0 1.0 1.0 1.0 1.3333333333333333 15.666666666666666 0.0
query86 8.696666666666667 42% 0.0 120853.33333333333 1.0 1.0 2.0 2.0 STAR 3617.0 87.66666666666667 1.0 1.0 1.0 1.0 1.0 1.0 1.0 1.0 1085.0 1.0 1.0 477.3333333333333 1.0 1085.0 477.3333333333333 1.0 477.3333333333333 1.0 1.0 1.0 0.0 1.0 1.0 1.0 1.0 1.0 1.0 1.0 1.0 34.333333333333336 1.0 1.0 1.3333333333333333 1.0 34.333333333333336 1.3333333333333333 1.0 1.3333333333333333 1.0 1.0 1.0 0.0
query99 1213.2533333333333 0% 0.0 66540.0 0.3333333333333333 1.0 6.0 6.0 HYBRID 91298.0 18679.666666666668 1.0 1.0 1.0 44641.0 1.0 1.0 1.0 1.0 268.0 268.0 1.0 187.0 1225.0 4.0 1.0 1.0 1.0 1.0 44641.0 52.0 0.0 1.0 1.0 1.0 268.0 1.0 1.0 1.0 8656.0 1.3333333333333333 1.3333333333333333 1.0 2.3333333333333335 6.0 1.3333333333333333 1.0 1.0 1.0 9278.333333333334 268.0 187.0 0.0
query55 8.0 35% 0.0 99361.33333333333 1.0 1.0 4.0 4.0 HYBRID 995.0 88.33333333333333 1.0 1.0 1.0 1.0 1.0 1.0 1.0 1.0 25.666666666666668 17.0 201.33333333333334 1.0 710.3333333333334 1.0 1.0 1.0 1.0 1.0 1.0 25.666666666666668 0.0 1.0 1.0 1.0 1.0 1.0 1.0 1.0 1.0 4.666666666666667 1.6666666666666667 49.666666666666664 1.0 1.3333333333333333 1.0 1.0 1.0 1.0 1.0 1.0 16.0 0.0
query45 6.526666666666666 39% 0.0 95773.33333333333 1.0 1.0 3.0 3.0 HYBRID 549.0 59.0 1.0 1.0 1.0 1.0 1.0 1.0 1.0 1.0 1.0 1.0 1.0 248.66666666666666 1.0 10.0 248.66666666666666 7.666666666666667 1.0 1.0 10.0 10.0 0.0 1.0 1.0 1.0 1.0 1.0 1.0 1.0 1.0 1.0 1.0 1.0 1.3333333333333333 1.0 3.0 1.3333333333333333 1.3333333333333333 1.0 1.0 19.0 19.0 0.0
query90 7.46 57% 0.0 105977.33333333333 1.0 1.0 4.0 4.0 HYBRID 691.3333333333334 90.33333333333333 1.0 1.0 1.0 1.0 1.0 1.0 1.0 1.0 83.66666666666667 33.333333333333336 83.66666666666667 1.0 1.0 1.0 33.333333333333336 1.0 301.0 83.33333333333333 33.333333333333336 27.666666666666668 0.0 1.0 1.0 1.0 1.0 1.0 1.0 1.0 1.0 1.3333333333333333 27.666666666666668 22.666666666666668 1.0 1.0 1.0 8.0 1.0 1.3333333333333333 8.0 8.0 1.3333333333333333 0.0
query58 178.92 24% 0.0 236654.66666666666 1.0 1.0 6.0 6.0 HYBRID 38424.0 2693.0 1.0 1.0 1.0 26.333333333333332 1.0 1.0 1.0 65.33333333333333 2.6666666666666665 3.3333333333333335 1.0 1.0 1.0 1.0 1.0 1.0 38279.666666666664 28.0 1.0 5.666666666666667 0.0 1.0 1.0 1.0 1.3333333333333333 1.0 1.0 1.0 1.3333333333333333 65.33333333333333 2552.6666666666665 1.0 1.0 1.0 1.0 1.0 1.0 26.666666666666668 5.333333333333333 1.0 27.333333333333332 0.0
query84 7.260000000000001 35% 0.0 96856.0 1.0 1.0 3.0 3.0 STAR 717.0 68.66666666666667 1.0 1.0 1.0 1.0 1.0 1.0 1.0 1.0 1.0 1.0 1.0 1.0 1.0 1.0 1.0 4.333333333333333 7.666666666666667 687.6666666666666 1.0 1.3333333333333333 0.0 1.0 1.0 1.0 1.0 1.0 1.0 1.0 1.0 1.0 1.0 1.0 1.0 1.0 1.0 1.0 48.333333333333336 1.6666666666666667 1.3333333333333333 1.0 1.3333333333333333 0.0
query48 4.403333333333333 70% 0.0 98309.33333333333 1.0 1.0 2.0 2.0 STAR 2080.0 21.0 1.0 1.0 1.0 1.0 1.0 1.0 1.0 1.0 1.0 1.0 1.0 1.0 1.0 1.0 1.0 1.0 1374.3333333333333 1.0 687.6666666666666 1.0 0.0 1.0 1.0 1.0 1.0 1.0 1.0 1.0 1.0 1.0 1.0 1.0 1.0 1.0 1.0 1.0 1.0 1.6666666666666667 1.0 1.3333333333333333 1.0 0.0
query80 614.71 22% 0.0 115790.66666666667 0.6666666666666666 1.0 3.0 3.0 HYBRID 256446.33333333334 382.3333333333333 1.0 1.0 1.0 1.0 1.0 1.0 1.0 1.0 1.0 1.0 1.0 1211.6666666666667 210.0 1.0 252715.66666666666 177.0 2117.0 1.0 1.0 1.0 0.0 1.0 1.0 1.0 1.0 191.0 1.0 1.0 1.0 1.0 1.0 1.0 16.333333333333332 14.333333333333334 1.0 144.0 1.3333333333333333 1.3333333333333333 1.0 1.0 1.0 0.0
query68 5.1000000000000005 40% 0.0 83132.0 1.0 1.0 3.0 3.0 HYBRID 240.66666666666666 41.333333333333336 1.0 1.0 1.0 1.0 1.0 1.0 1.0 1.0 1.0 1.0 1.0 1.0 36.666666666666664 1.0 177.0 6.333333333333333 2.6666666666666665 1.0 2.0 2.0 0.0 1.0 1.0 1.0 1.0 1.0 1.0 1.0 1.0 1.0 1.0 1.0 1.0 14.333333333333334 1.0 1.3333333333333333 2.3333333333333335 1.3333333333333333 1.0 5.0 3.0 0.0
query19 6.640000000000001 43% 0.0 87714.66666666667 1.0 1.0 4.0 4.0 STAR 191.66666666666666 62.666666666666664 1.0 2.6666666666666665 84.33333333333333 1.0 1.0 1.0 1.0 1.0 1.0 27.666666666666668 1.0 1.0 1.0 1.0 4.333333333333333 1.0 1.0 2.6666666666666665 29.333333333333332 27.666666666666668 0.0 1.0 27.666666666666668 1.3333333333333333 1.0 1.0 1.0 1.0 1.0 1.0 1.3333333333333333 1.0 1.0 1.0 1.0 8.0 1.0 1.0 4.333333333333333 5.666666666666667 1.3333333333333333 0.0
query88 6.526666666666666 40% 0.0 98770.66666666667 1.0 1.0 3.0 3.0 STAR 1176.0 61.0 1.0 1.0 1.0 1.0 4.0 1.0 1.0 1.0 1.0 268.0 1.0 196.66666666666666 268.0 1.0 1.0 1.0 1.0 212.66666666666666 1.0 212.66666666666666 0.0 1.0 1.0 1.0 1.0 1.3333333333333333 1.0 1.0 1.0 1.0 1.3333333333333333 1.0 2.3333333333333335 1.3333333333333333 1.0 1.0 1.0 1.0 20.333333333333332 1.0 20.333333333333332 0.0
query11 6.726666666666667 49% 0.0 102646.66666666667 1.0 1.0 2.0 2.0 STAR 1134.0 61.0 1.0 1.0 1.0 1.0 1.0 1.0 1.0 1.0 1.0 1.0 1.0 1.0 1.0 1.0 177.0 353.0 196.33333333333334 196.33333333333334 1.0 196.33333333333334 0.0 1.0 1.0 1.0 1.0 1.0 1.0 1.0 1.0 1.0 1.0 1.0 1.0 1.0 1.0 1.3333333333333333 1.6666666666666667 14.333333333333334 14.333333333333334 1.0 14.333333333333334 0.0
query34 4.1866666666666665 38% 0.0 77620.0 1.0 1.0 7.666666666666667 2.0 STAR 76.33333333333333 33.666666666666664 1.0 1.0 1.0 1.0 1.0 1.0 1.0 3.6666666666666665 7.666666666666667 1.0 1.0 4.666666666666667 6.666666666666667 12.666666666666666 4.333333333333333 7.0 2.0 4.333333333333333 11.333333333333334 3.0 0.0 1.0 1.0 1.0 1.0 1.0 1.0 1.0 1.3333333333333333 3.3333333333333335 1.0 1.0 1.3333333333333333 1.6666666666666667 4.0 1.6666666666666667 2.0 1.6666666666666667 1.3333333333333333 4.333333333333333 2.0 0.0
query94 7.136666666666667 70% 0.0 114840.0 1.0 1.0 2.0 2.0 STAR 2766.3333333333335 68.33333333333333 1.0 1.0 1.0 1.0 1.0 1.0 1.0 1.0 1.0 1.0 1.0 1.0 1.0 1.0 1.0 1.0 1374.3333333333333 687.6666666666666 1.0 687.3333333333334 0.0 1.0 1.0 1.0 1.0 1.0 1.0 1.0 1.0 1.0 1.0 1.0 1.0 1.0 1.0 1.0 1.0 1.6666666666666667 1.3333333333333333 1.0 48.333333333333336 0.0
query75 41.343333333333334 48% 0.0 185952.0 1.0 1.0 5.0 5.0 HYBRID 1551.3333333333333 573.3333333333334 1.0 1.0 139.0 1.0 1.0 1.0 1.0 1.0 1.0 139.0 1.0 477.3333333333333 10.0 1.0 477.3333333333333 138.66666666666666 139.0 10.0 1.0 10.0 0.0 1.0 1.0 477.3333333333333 1.0 1.0 1.0 1.0 1.0 1.0 34.333333333333336 1.0 1.3333333333333333 11.666666666666666 1.0 1.3333333333333333 11.666666666666666 1.3333333333333333 11.666666666666666 1.0 11.666666666666666 0.0
query66 138.79333333333332 9% 0.0 313054.6666666667 1.0 1.0 7.0 7.0 HYBRID 17405.0 1997.0 1.0 1.0 96.33333333333333 1.0 1.0 1.0 1.0 15.666666666666666 1.0 1.0 15.333333333333334 1.0 1.0 177.0 177.0 191.66666666666666 326.6666666666667 16197.666666666666 1.0 196.66666666666666 0.0 1.0 1.0 196.66666666666666 1.0 1.0 1.0 1.0 326.6666666666667 1.0 1.0 9.0 1.0 1.0 1.3333333333333333 1.3333333333333333 1082.6666666666667 177.0 177.0 1.0 14.333333333333334 0.0
query46 69.50333333333333 51% 0.0 216582.66666666666 1.0 1.0 7.0 7.0 HYBRID 5370.0 996.0 1.0 1.0 1.0 1.0 1.0 1.0 1.0 1.0 141.66666666666666 1.0 1.0 5.666666666666667 1.0 152.66666666666666 5.666666666666667 1.0 4089.6666666666665 1.0 157.33333333333334 804.3333333333334 0.0 1.0 1.0 1.0 1.0 1.0 1.0 1.0 1.0 12.666666666666666 1.0 1.0 3.0 1.0 1.3333333333333333 265.3333333333333 1.0 523.6666666666666 1.0 12.333333333333334 164.66666666666666 0.0
query3 4.47 38% 0.0 76768.0 1.0 1.0 3.0 3.0 HYBRID 69.66666666666667 27.333333333333332 1.0 1.0 1.0 1.0 1.0 1.0 1.0 7.666666666666667 1.0 1.0 15.0 1.0 1.0 1.0 1.0 15.333333333333334 1.0 8.333333333333334 1.0 8.333333333333334 0.0 1.0 1.0 1.0 1.0 1.0 1.0 1.0 1.3333333333333333 1.0 1.0 1.3333333333333333 1.0 1.0 1.0 1.0 3.6666666666666665 1.0 3.0 1.0 3.0 0.0
query23 4.523333333333333 36% 0.0 77393.33333333333 1.0 1.0 2.0 2.0 STAR 175.0 29.666666666666668 1.0 1.0 1.0 1.0 25.333333333333332 1.0 1.0 1.0 1.0 42.0 42.0 1.0 25.333333333333332 1.0 1.0 1.0 1.0 25.333333333333332 1.0 1.0 0.0 1.0 1.0 1.0 1.0 1.3333333333333333 1.0 1.0 1.0 1.0 1.3333333333333333 1.3333333333333333 1.0 5.333333333333333 1.0 1.0 1.0 1.0 5.333333333333333 1.0 1.0 0.0
query12 7.216666666666666 51% 0.0 110814.66666666667 1.0 1.0 5.0 5.0 HYBRID 909.0 91.0 1.0 1.0 1.0 1.0 1.0 1.0 339.3333333333333 139.0 1.0 100.33333333333333 1.0 1.0 7.666666666666667 1.0 23.0 116.33333333333333 139.0 25.666666666666668 1.0 7.666666666666667 0.0 1.0 1.0 1.0 1.0 1.0 1.0 4.0 11.666666666666666 1.0 24.666666666666668 1.0 1.0 9.0 1.0 4.333333333333333 14.666666666666666 1.3333333333333333 1.3333333333333333 1.0 9.0 0.0
query41 17.186666666666664 35% 0.0 152997.33333333334 1.0 1.0 3.0 3.0 STAR 3214.6666666666665 210.33333333333334 1.0 1.0 1.0 1.0 1.0 1.0 1.0 1.0 1.0 1.0 1.0 1.0 1.0 1.0 150.33333333333334 1.0 1374.3333333333333 837.0 1.0 837.0 0.0 1.0 1.0 1.0 1.0 1.0 1.0 1.0 1.0 1.0 1.0 1.0 1.0 1.0 1.0 48.333333333333336 1.0 1.6666666666666667 48.666666666666664 1.0 95.66666666666667 0.0
query9 24.223333333333333 20% 0.0 150864.0 1.0 1.0 6.0 6.0 HYBRID 988.6666666666666 321.6666666666667 1.0 1.0 1.0 113.66666666666667 1.0 1.0 1.0 1.0 109.0 1.0 1.0 131.66666666666666 1.0 225.0 1.0 1.0 281.0 114.33333333333333 1.0 1.0 0.0 1.0 1.0 1.0 1.3333333333333333 1.0 1.0 1.0 1.0 1.3333333333333333 1.0 1.0 1.3333333333333333 1.0 113.66666666666667 1.0 1.0 135.66666666666666 54.333333333333336 1.0 1.0 0.0
query57 6.1066666666666665 38% 0.0 89218.66666666667 1.0 1.0 3.0 3.0 HYBRID 413.6666666666667 50.0 1.0 1.0 9.666666666666666 9.666666666666666 1.0 1.0 1.0 1.0 1.0 1.0 1.0 1.0 1.0 1.0 9.666666666666666 1.0 9.333333333333334 352.0 1.0 9.333333333333334 0.0 1.0 1.0 1.3333333333333333 1.3333333333333333 1.0 1.0 1.0 1.0 1.0 1.0 1.0 1.0 1.0 1.0 26.0 1.0 3.0 1.3333333333333333 1.0 3.0 0.0
query96 18.963333333333335 15% 0.0 117902.66666666667 1.0 1.0 4.0 4.0 HYBRID 250.0 236.33333333333334 212.0 1.0 1.0 1.0 15.333333333333334 1.0 1.0 1.0 1.6666666666666667 1.0 1.0 1.6666666666666667 1.0 1.0 1.0 1.0 1.6666666666666667 1.6666666666666667 1.6666666666666667 2.3333333333333335 0.0 1.3333333333333333 1.0 1.0 1.0 1.3333333333333333 1.0 1.0 1.0 1.6666666666666667 1.0 1.0 1.6666666666666667 1.0 1.0 1.0 1.0 3.3333333333333335 1.6666666666666667 212.0 1.3333333333333333 0.0
query53 4.52 46% 0.0 80825.33333333333 1.0 1.0 4.0 4.0 STAR 101.33333333333333 30.333333333333332 1.0 1.0 1.0 3.3333333333333335 1.0 1.0 1.0 3.6666666666666665 1.0 1.0 1.0 1.0 67.66666666666667 1.0 1.0 1.0 1.0 1.0 4.666666666666667 7.0 0.0 1.0 1.0 1.0 2.6666666666666665 1.0 1.0 1.0 1.3333333333333333 1.0 1.0 1.0 1.0 1.3333333333333333 1.0 1.0 1.0 1.0 1.0 7.0 3.0 0.0
query38 9.883333333333335 45% 0.0 104641.33333333333 1.0 1.0 6.0 6.0 HYBRID 515.3333333333334 119.0 1.0 1.0 1.0 1.0 1.0 13.666666666666666 1.0 1.0 67.0 13.666666666666666 148.66666666666666 1.0 1.0 63.333333333333336 1.0 1.0 1.0 67.0 63.0 67.0 0.0 1.0 1.0 1.0 1.0 1.0 1.3333333333333333 1.0 1.0 13.666666666666666 1.3333333333333333 1.3333333333333333 1.0 1.0 6.666666666666667 1.0 1.0 1.0 12.333333333333334 3.3333333333333335 67.0 0.0
query43 11.660000000000002 43% 0.0 132013.33333333334 1.0 1.0 3.0 3.0 PATH 3019.6666666666665 126.0 1.0 1.0 1.0 1.0 1.0 1.0 1.0 1.0 1.0 1.0 501.0 1.0 1.0 1.0 500.6666666666667 1.0 501.0 501.0 501.0 501.0 0.0 1.0 1.0 1.0 1.0 1.0 1.0 1.0 1.0 1.0 1.0 1.3333333333333333 1.0 1.0 1.0 36.0 1.0 36.0 36.0 1.3333333333333333 1.3333333333333333 0.0
query59 153.45666666666665 20% 0.0 364328.0 1.0 1.0 3.0 3.0 STAR 1567554.3333333333 2082.0 1.0 1.0 1.0 1.0 81.0 1.0 1.0 1691.0 1.0 1.0 510219.6666666667 1.0 81.0 1.0 1.0 1.0 14473.666666666666 516302.6666666667 510219.6666666667 14473.666666666666 0.0 1.0 1.0 1.0 1.0 1.3333333333333333 1.0 1.0 1.3333333333333333 1.0 1.0 967.3333333333334 1.0 1.3333333333333333 1.0 1.0 1.0 8.0 115.33333333333333 967.3333333333334 8.0 0.0
query77 12.49 47% 0.0 136385.33333333334 1.0 1.0 3.0 3.0 HYBRID 2794.0 146.0 1.0 1.0 1.0 1.0 477.3333333333333 1.0 1.0 1.0 1.0 1.0 1.0 477.3333333333333 1.0 1.0 477.3333333333333 1014.6666666666666 332.3333333333333 1.0 1.0 1.0 0.0 1.0 1.0 1.0 1.0 34.333333333333336 1.0 1.0 1.0 1.0 1.0 1.0 1.3333333333333333 1.0 1.0 1.3333333333333333 68.0 26.0 1.0 1.0 1.0 0.0
query28 3.983333333333333 36% 0.0 75849.33333333333 1.0 1.0 3.0 3.0 STAR 34.666666666666664 25.0 1.0 4.333333333333333 1.0 1.0 1.0 1.0 1.0 1.0 1.0 1.0 1.0 1.0 1.0 1.0 1.3333333333333333 1.0 1.0 11.666666666666666 1.0 1.3333333333333333 0.0 1.0 1.3333333333333333 1.0 1.0 1.0 1.0 1.0 1.0 1.0 1.0 1.0 1.0 1.0 1.0 3.3333333333333335 1.0 1.0 1.6666666666666667 1.0 2.6666666666666665 0.0
query81 3.9166666666666665 39% 0.0 78398.66666666667 1.0 1.0 2.0 2.0 PATH 482.0 23.666666666666668 1.0 1.0 1.0 1.0 1.0 17.666666666666668 1.0 1.0 17.666666666666668 1.0 1.0 1.0 1.0 1.0 1.0 1.0 1.0 413.0 1.0 17.666666666666668 0.0 1.0 1.0 1.0 1.0 1.0 1.3333333333333333 1.0 1.0 1.3333333333333333 1.0 1.0 1.0 1.0 1.0 1.0 1.0 1.0 3.6666666666666665 1.0 1.3333333333333333 0.0
query98 26.27666666666667 44% 0.0 160484.0 1.0 1.0 4.0 4.0 HYBRID 1819.6666666666667 364.3333333333333 1.0 1.0 1.0 1.0 1.0 301.0 1.0 301.0 1.0 1.0 1.0 1.0 1.0 1.0 1.0 1.0 301.0 600.6666666666666 301.0 1.0 0.0 1.0 1.0 1.0 1.0 1.0 301.0 1.0 1.3333333333333333 1.0 1.0 1.0 1.0 1.0 1.0 1.0 1.0 1.3333333333333333 23.0 22.666666666666668 1.0 0.0
query42 296.63000000000005 9% 0.0 429008.0 1.0 1.0 7.0 7.0 HYBRID 54778.0 4271.0 297.6666666666667 1.0 1.0 1.0 1.0 1.0 297.6666666666667 1.0 25174.333333333332 1.0 1.0 1.0 1.0 36.333333333333336 1.0 1.0 14455.0 14455.0 49.0 1.0 0.0 1.3333333333333333 1.0 1.0 1.0 1.0 1.0 1.3333333333333333 1.0 966.3333333333334 1.0 1.0 1.0 1.0 1014.0 1.0 1.0 297.6666666666667 297.6666666666667 1679.6666666666667 1.0 0.0
query69 120.03333333333332 11% 0.0 310148.0 1.0 1.0 7.0 7.0 HYBRID 2063.3333333333335 1732.3333333333333 1.0 1.0 3.0 1.0 3.0 1.0 332.6666666666667 1.0 1.0 1.0 1.0 1.0 3.0 1.0 332.6666666666667 701.6666666666666 332.6666666666667 341.0 1.0 2.6666666666666665 0.0 1.0 1.0 341.0 1.0 332.6666666666667 1.0 1.3333333333333333 1.0 1.0 1.0 1.0 1.0 332.6666666666667 1.0 26.0 1.6666666666666667 332.6666666666667 351.3333333333333 1.0 2.0 0.0
query16 155.65333333333334 23% 0.0 403285.3333333333 1.0 1.0 3.0 3.0 STAR 1580330.3333333333 2098.6666666666665 1.0 1.0 1.0 1.0 81.0 1.0 1.0 1691.0 1.0 1.0 516424.6666666667 1.0 81.0 1.0 1.0 1.0 14595.666666666666 516424.6666666667 516424.6666666667 14595.666666666666 0.0 1.0 1.0 1.0 1.0 1.3333333333333333 1.0 1.0 1.3333333333333333 1.0 1.0 975.6666666666666 1.0 1.3333333333333333 1.0 1.0 1.0 8.0 115.33333333333333 975.6666666666666 8.0 0.0
query20 123.04 15% 0.0 342624.0 1.0 1.0 6.0 6.0 HYBRID 26894.0 1715.6666666666667 1.0 1.0 1.0 1.0 1.0 1.0 1.0 1.0 1.0 514.6666666666666 1.0 1.0 1.0 1.0 1.0 1.0 12667.666666666666 6848.0 1.0 6847.666666666667 0.0 1.0 1.0 1.0 1.0 1.0 1.0 1.0 1.0 1.0 424.6666666666667 1.0 1.0 1.0 1.0 1.0 1.0 1.6666666666666667 425.0 1.0 848.3333333333334 0.0
query54 67.50666666666666 15% 0.0 269888.0 1.0 1.0 6.0 6.0 HYBRID 2119.0 951.6666666666666 1.0 1.0 1.0 109.0 1.0 1.0 1.0 301.0 109.0 1.0 109.0 1.0 1.0 268.0 301.0 1.0 1.0 109.0 1.0 801.0 0.0 1.0 1.0 1.0 268.0 1.0 1.0 1.0 1.3333333333333333 301.0 1.0 301.0 1.0 1.0 56.0 1.3333333333333333 1.0 1.0 9.666666666666666 1.0 1.3333333333333333 0.0
query18 5.133333333333333 36% 0.0 79426.66666666667 1.0 1.0 2.0 2.0 PATH 182.0 35.0 1.0 1.0 1.0 1.0 81.0 1.0 1.0 1.0 1.0 1.0 1.0 1.0 81.0 1.6666666666666667 1.0 1.0 1.0 1.0 1.6666666666666667 1.6666666666666667 0.0 1.0 1.0 1.0 1.0 1.3333333333333333 1.0 1.0 1.0 1.0 1.0 1.0 1.0 1.3333333333333333 8.0 1.0 1.0 1.0 1.0 1.3333333333333333 8.0 0.0
query92 3.9499999999999997 39% 0.0 75364.0 1.0 1.0 2.0 2.0 STAR 65.0 25.333333333333332 1.0 1.0 1.0 1.0 2.3333333333333335 2.3333333333333335 1.0 1.0 1.0 1.0 42.0 1.0 1.0 1.0 1.0 1.0 1.0 1.0 1.0 2.3333333333333335 0.0 1.0 1.0 1.0 1.0 1.3333333333333333 1.3333333333333333 1.0 1.0 1.0 1.0 1.3333333333333333 1.0 1.0 1.0 1.0 1.0 1.0 1.0 1.0 5.333333333333333 0.0
query85 5.636666666666666 44% 0.0 95448.0 1.0 1.0 3.0 3.0 STAR 542.0 54.0 1.0 1.0 1.0 42.666666666666664 1.0 1.0 1.0 1.0 1.0 1.0 1.0 143.66666666666666 1.0 1.0 180.66666666666666 75.66666666666667 1.0 1.0 84.33333333333333 1.0 0.0 1.0 1.0 1.0 7.666666666666667 1.0 1.0 1.0 1.0 1.0 1.0 1.0 1.3333333333333333 1.0 1.0 1.6666666666666667 12.0 1.0 1.0 16.333333333333332 1.0 0.0
