query94 5.046666666666667 71% 0.0 113617.33333333333 1.0 1.0 2.3333333333333335 2.0 STAR 2766.6666666666665 68.33333333333333 1.0 1.0 1.0 1.0 1.0 229.66666666666666 1.0 1.0 1.0 1.0 1.0 1.0 1.0 232.0 1.0 1.0 1374.3333333333333 687.6666666666666 1.0 228.0 0.0 1.0 1.0 1.0 1.0 1.0 17.0 1.0 1.0 1.0 1.0 1.0 1.0 1.0 16.666666666666668 1.0 1.0 1.6666666666666667 1.3333333333333333 1.0 16.666666666666668 0.0
query91 4.836666666666666 65% 0.0 103956.0 1.0 1.0 3.0 2.0 STAR 1175.0 61.0 150.0 1.0 142.66666666666666 69.0 66.66666666666667 1.0 1.0 1.0 1.0 1.0 1.0 1.0 68.66666666666667 1.0 177.0 353.0 73.33333333333333 63.666666666666664 1.0 1.0 0.0 9.666666666666666 1.0 10.0 5.666666666666667 5.333333333333333 1.0 1.0 1.0 1.0 1.0 1.0 1.0 5.333333333333333 1.0 1.3333333333333333 1.6666666666666667 5.666666666666667 5.333333333333333 1.0 1.0 0.0
query7 5.256666666666667 51% 0.0 102658.66666666667 1.0 1.0 3.6666666666666665 3.0 STAR 1126.6666666666667 67.66666666666667 1.0 1.0 53.666666666666664 1.0 106.66666666666667 1.0 1.0 1.0 1.0 1.0 1.0 1.0 1.0 152.66666666666666 52.0 1.0 45.333333333333336 1.0 152.66666666666666 550.6666666666666 0.0 1.0 1.0 12.333333333333334 1.0 16.333333333333332 1.0 1.0 1.0 1.0 1.0 1.0 1.0 1.0 1.3333333333333333 4.666666666666667 1.0 13.0 1.0 1.3333333333333333 5.666666666666667 0.0
query4 112.88 13% 0.0 328585.3333333333 1.0 1.0 6.0 5.0 HYBRID 16590.0 1730.0 1.0 155.0 1.0 1715.6666666666667 1.0 1.0 1845.3333333333333 1.0 971.3333333333334 4515.333333333333 1498.6666666666667 1.0 550.3333333333334 2379.0 1.0 1.0 1929.3333333333333 1.0 1.0 1020.0 0.0 1.0 44.0 1.0 10.666666666666666 1.0 1.0 54.333333333333336 1.0 550.6666666666666 971.3333333333334 54.0 1.0 1.3333333333333333 21.0 1.0 1.0 1.3333333333333333 1.0 1.0 11.333333333333334 0.0
query34 4.243333333333333 38% 0.0 77737.33333333333 1.0 1.0 8.666666666666666 2.0 STAR 76.33333333333333 33.666666666666664 1.0 1.0 1.0 1.0 1.0 1.0 1.0 3.6666666666666665 7.666666666666667 4.333333333333333 1.0 4.666666666666667 6.666666666666667 12.666666666666666 4.333333333333333 7.0 2.0 4.333333333333333 8.0 3.0 0.0 1.0 1.0 1.0 1.0 1.0 1.0 1.0 1.3333333333333333 3.3333333333333335 2.3333333333333335 1.0 1.3333333333333333 1.6666666666666667 4.0 1.6666666666666667 2.0 1.6666666666666667 1.3333333333333333 3.0 2.0 0.0
query21 4.28 43% 0.0 79218.66666666667 1.0 1.0 3.0 2.0 STAR 217.0 34.0 8.666666666666666 1.0 19.666666666666668 10.333333333333334 1.0 1.0 1.0 9.333333333333334 10.666666666666666 90.0 42.0 1.0 7.666666666666667 1.0 1.0 1.0 1.0 1.0 7.666666666666667 1.0 0.0 2.3333333333333335 1.0 4.0 2.3333333333333335 1.0 1.0 1.0 2.3333333333333335 2.3333333333333335 3.3333333333333335 1.3333333333333333 1.0 2.3333333333333335 1.0 1.0 1.0 1.0 1.0 2.6666666666666665 1.0 0.0
query10 5.13 59% 0.0 94498.66666666667 1.0 1.0 6.333333333333333 5.0 HYBRID 266.3333333333333 52.333333333333336 1.0 18.333333333333332 17.333333333333332 23.0 17.0 72.0 1.0 3.6666666666666665 1.0 49.666666666666664 1.0 1.0 1.0 1.0 4.333333333333333 1.0 1.0 17.333333333333332 1.0 33.666666666666664 0.0 1.0 2.6666666666666665 2.6666666666666665 16.333333333333332 2.3333333333333335 3.6666666666666665 1.0 2.3333333333333335 1.0 1.3333333333333333 1.0 1.0 1.0 1.0 3.0 1.0 1.0 2.6666666666666665 1.0 5.333333333333333 0.0
query82 5.503333333333333 62% 0.0 106772.0 1.0 1.0 2.6666666666666665 2.0 STAR 1244.0 91.0 22.333333333333332 67.66666666666667 1.0 1.0 1.0 1.0 1.0 22.666666666666668 1.0 52.0 1.0 1.0 29.333333333333332 1.0 1.0 1.0 29.333333333333332 504.3333333333333 1.0 504.3333333333333 0.0 12.333333333333334 1.3333333333333333 1.0 1.0 1.0 1.0 1.0 12.333333333333334 1.0 25.0 1.0 1.0 12.666666666666666 1.0 1.0 1.0 12.666666666666666 1.3333333333333333 1.0 1.3333333333333333 0.0
query53 4.1066666666666665 55% 0.0 82574.66666666667 1.0 1.0 5.0 4.0 STAR 102.0 30.333333333333332 1.6666666666666667 1.0 1.0 4.0 1.0 2.0 1.0 4.666666666666667 1.0 1.0 1.0 1.0 67.66666666666667 1.0 1.3333333333333333 1.0 1.0 1.0 2.6666666666666665 6.0 0.0 1.6666666666666667 1.0 1.0 3.6666666666666665 1.0 3.0 1.0 1.6666666666666667 1.0 1.0 1.0 1.0 1.3333333333333333 1.0 1.3333333333333333 1.0 1.0 1.0 3.3333333333333335 2.3333333333333335 0.0
query73 4.703333333333334 39% 0.0 84477.33333333333 1.0 1.0 4.0 3.0 STAR 249.33333333333334 36.0 1.0 1.0 1.0 1.0 1.0 1.0 1.0 8.666666666666666 1.0 8.0 1.0 10.333333333333334 25.0 1.0 49.0 1.0 67.66666666666667 1.0 1.0 67.66666666666667 0.0 1.0 1.0 1.0 1.0 1.0 1.0 1.0 2.6666666666666665 1.0 3.0 1.0 3.3333333333333335 1.3333333333333333 1.0 10.0 1.0 1.3333333333333333 1.0 1.0 1.3333333333333333 0.0
query63 6.516666666666666 60% 0.0 122989.33333333333 1.0 1.0 3.0 2.0 STAR 1603.0 126.0 1.0 11.0 1.0 28.666666666666668 1.0 1.0 1.0 15.0 1.0 1.0 1.0 1.0 1.0 1.0 7.333333333333333 1.0 504.3333333333333 512.3333333333334 1.0 511.3333333333333 0.0 1.0 12.333333333333334 1.0 36.0 1.0 1.0 1.0 24.333333333333332 1.0 1.0 1.0 1.0 1.0 1.0 12.666666666666666 1.0 1.3333333333333333 13.333333333333334 1.0 13.0 0.0
query61 3.9899999999999998 37% 0.0 80714.66666666667 1.0 1.0 4.0 3.0 STAR 108.33333333333333 30.333333333333332 1.0 2.0 1.6666666666666667 1.0 1.0 14.666666666666666 1.0 1.0 1.0 43.0 1.0 1.0 1.0 18.0 1.0 1.0 1.0 2.3333333333333335 1.0 13.666666666666666 0.0 1.0 3.0 2.6666666666666665 1.0 1.0 2.3333333333333335 1.0 1.0 1.0 1.6666666666666667 1.0 1.0 1.0 2.6666666666666665 1.0 1.0 1.0 2.6666666666666665 1.0 2.3333333333333335 0.0
query93 5.61 39% 0.0 118466.66666666667 1.0 1.0 4.0 3.0 HYBRID 3326.0 102.0 1.0 353.6666666666667 357.3333333333333 14.0 1.0 42.0 1.0 1.0 353.0 1062.0 42.0 1.0 17.0 330.6666666666667 427.6666666666667 1.0 1.0 305.6666666666667 1.0 13.0 0.0 1.0 25.0 25.333333333333332 2.6666666666666665 1.0 1.3333333333333333 1.0 1.0 25.0 1.3333333333333333 1.3333333333333333 1.0 2.3333333333333335 2.6666666666666665 2.3333333333333335 1.0 1.0 2.3333333333333335 1.0 2.3333333333333335 0.0
query44 4.6033333333333335 61% 0.0 90260.0 1.0 1.0 3.6666666666666665 3.0 HYBRID 733.3333333333334 43.0 47.0 1.0 47.333333333333336 50.333333333333336 48.0 1.0 1.0 143.66666666666666 50.666666666666664 1.0 1.0 1.0 48.0 1.0 143.66666666666666 1.0 1.0 1.0 143.66666666666666 1.0 0.0 4.333333333333333 1.0 4.666666666666667 4.666666666666667 4.666666666666667 1.0 1.0 1.3333333333333333 5.0 1.0 1.0 1.0 4.666666666666667 1.0 1.3333333333333333 1.0 1.0 1.0 1.3333333333333333 1.0 0.0
query66 138.45000000000002 9% 0.0 313510.6666666667 1.0 1.0 7.666666666666667 7.0 HYBRID 17405.333333333332 1997.0 1.0 5.0 96.33333333333333 1.0 1.0 64.66666666666667 1.0 15.666666666666666 1.0 8.666666666666666 4.0 1.0 1.0 243.0 177.0 191.66666666666666 326.6666666666667 16197.666666666666 1.0 67.0 0.0 1.0 3.3333333333333335 196.66666666666666 1.0 1.0 5.666666666666667 1.0 326.6666666666667 1.0 4.0 3.6666666666666665 1.0 1.0 5.666666666666667 1.3333333333333333 1082.6666666666667 177.0 177.0 1.0 5.333333333333333 0.0
query17 6.1933333333333325 49% 0.0 91118.66666666667 1.0 1.0 6.0 5.0 STAR 190.33333333333334 59.333333333333336 1.0 22.0 12.333333333333334 1.0 12.666666666666666 1.0 1.0 36.666666666666664 1.0 19.666666666666668 1.0 1.0 1.0 9.666666666666666 8.333333333333334 1.0 1.0 9.333333333333334 29.666666666666668 20.0 0.0 1.0 29.666666666666668 2.0 1.0 2.3333333333333335 1.0 1.0 2.3333333333333335 1.0 1.3333333333333333 1.0 1.0 1.0 2.0 2.0 1.0 1.0 2.0 1.3333333333333333 4.333333333333333 0.0
query72 370.55333333333334 64% 0.0 261680.0 1.0 1.0 7.0 5.0 HYBRID 81367.33333333333 5462.666666666667 1.0 20.333333333333332 1.0 12.0 24.666666666666668 83.0 1.0 39.0 25.666666666666668 1.0 80.66666666666667 1.0 118.0 189.33333333333334 58.333333333333336 1.0 80148.66666666667 97.33333333333333 218.33333333333334 246.0 0.0 1.0 7.0 1.0 5.0 2.0 3.3333333333333335 1.0 6.333333333333333 2.3333333333333335 1.0 3.0 1.0 5.333333333333333 3.3333333333333335 1.3333333333333333 1.0 60.333333333333336 7.0 3.3333333333333335 5347.0 0.0
query78 4.566666666666666 39% 0.0 85902.66666666667 1.0 1.0 4.0 3.0 STAR 290.0 42.0 1.0 221.66666666666666 1.0 1.0 8.666666666666666 2.6666666666666665 1.0 1.0 1.0 10.666666666666666 1.0 1.0 6.0 7.333333333333333 1.0 1.0 1.0 8.333333333333334 1.0 12.666666666666666 0.0 1.0 1.3333333333333333 1.0 1.0 10.333333333333334 2.0 1.0 1.0 1.0 1.3333333333333333 1.0 1.0 9.333333333333334 1.6666666666666667 1.0 1.0 1.0 2.0 1.0 2.0 0.0
query76 5.086666666666667 60% 0.0 105325.33333333333 1.0 1.0 2.6666666666666665 2.0 STAR 1172.6666666666667 64.33333333333333 58.666666666666664 59.333333333333336 1.0 66.33333333333333 1.0 1.0 1.0 59.0 305.3333333333333 182.33333333333334 1.0 1.0 1.0 1.0 60.0 1.0 305.3333333333333 1.0 1.0 65.33333333333333 0.0 8.0 8.0 1.0 8.666666666666666 1.0 1.0 1.0 8.0 1.3333333333333333 1.3333333333333333 1.0 1.0 1.0 1.0 8.0 1.0 1.3333333333333333 1.0 1.0 8.666666666666666 0.0
query45 5.13 52% 0.0 96229.33333333333 1.0 1.0 4.0 3.0 HYBRID 549.0 59.0 1.0 1.0 1.0 1.0 1.0 1.0 1.0 4.0 1.0 15.333333333333334 2.3333333333333335 248.66666666666666 1.0 2.6666666666666665 248.66666666666666 7.666666666666667 1.0 1.0 3.0 5.666666666666667 0.0 1.0 1.0 1.0 1.0 1.0 1.0 1.0 7.0 1.0 11.0 7.0 1.3333333333333333 1.0 2.0 1.3333333333333333 1.3333333333333333 1.0 1.0 10.0 7.0 0.0
query60 21.926666666666666 16% 0.0 150981.33333333334 1.0 1.0 3.6666666666666665 3.0 HYBRID 3789.3333333333335 275.6666666666667 4.0 1.0 3601.0 1.0 3.6666666666666665 1.0 1.0 143.66666666666666 4.333333333333333 7.666666666666667 1.0 1.0 5.333333333333333 1.0 1.0 1.0 1.0 1.0 7.666666666666667 1.0 0.0 4.666666666666667 1.0 1.3333333333333333 1.0 5.0 1.0 1.0 1.3333333333333333 1.6666666666666667 1.3333333333333333 1.0 1.0 5.666666666666667 1.0 1.0 1.0 1.0 1.0 242.66666666666666 1.0 0.0
query81 3.6733333333333333 39% 0.0 79210.66666666667 1.0 1.0 2.3333333333333335 2.0 PATH 490.6666666666667 23.666666666666668 1.0 1.0 1.0 1.0 1.0 17.666666666666668 1.0 1.0 17.666666666666668 1.0 1.0 1.0 1.0 166.66666666666666 146.33333333333334 1.0 1.0 110.66666666666667 1.0 17.666666666666668 0.0 1.0 1.0 1.0 1.0 1.0 1.3333333333333333 1.0 1.0 1.3333333333333333 1.0 1.0 1.0 1.0 2.0 1.6666666666666667 1.0 1.0 2.0 1.0 1.3333333333333333 0.0
query43 6.633333333333333 71% 0.0 136606.66666666666 1.0 1.0 4.0 3.0 PATH 3020.0 126.0 1.0 333.6666666666667 167.33333333333334 1.0 334.3333333333333 1.0 1.0 1.0 1.0 1.0 667.6666666666666 1.0 1.0 1.0 168.0 1.0 168.0 168.0 501.0 501.0 0.0 1.0 24.333333333333332 12.666666666666666 1.0 24.333333333333332 1.0 1.0 1.0 1.0 1.0 13.0 1.0 1.0 1.0 12.666666666666666 1.0 12.666666666666666 12.666666666666666 1.3333333333333333 1.3333333333333333 0.0
query89 6.283333333333334 38% 0.0 86093.33333333333 1.0 1.0 5.0 4.0 HYBRID 72.33333333333333 64.33333333333333 1.0 1.0 1.0 1.0 40.0 1.0 2.3333333333333335 1.0 3.6666666666666665 1.0 1.6666666666666667 1.0 1.0 7.0 1.0 1.3333333333333333 1.0 1.3333333333333333 3.0 1.0 0.0 1.0 1.0 1.0 1.0 1.3333333333333333 1.0 1.6666666666666667 1.0 1.6666666666666667 2.0 41.0 1.0 1.0 1.3333333333333333 1.0 1.3333333333333333 1.0 1.3333333333333333 1.6666666666666667 1.0 0.0
query57 4.6466666666666665 63% 0.0 88202.66666666667 1.0 1.0 4.0 3.0 HYBRID 414.3333333333333 50.0 1.0 1.0 9.666666666666666 9.666666666666666 1.0 5.333333333333333 1.0 1.0 1.0 4.333333333333333 3.3333333333333335 1.0 1.0 6.333333333333333 3.3333333333333335 1.0 7.333333333333333 352.0 1.0 3.0 0.0 1.0 1.0 1.3333333333333333 1.3333333333333333 1.0 9.666666666666666 1.0 1.0 1.0 9.666666666666666 2.0 1.0 1.0 1.6666666666666667 9.333333333333334 1.0 2.0 1.3333333333333333 1.0 1.6666666666666667 0.0
query86 5.516666666666666 73% 0.0 124493.33333333333 1.0 1.0 2.6666666666666665 2.0 STAR 3618.3333333333335 87.66666666666667 1.0 1.0 1.0 1.0 365.3333333333333 1.0 1.0 366.0 356.3333333333333 365.0 1.0 477.3333333333333 366.0 356.6666666666667 477.3333333333333 1.0 477.3333333333333 1.0 1.0 1.0 0.0 1.0 1.0 1.0 1.0 12.333333333333334 1.0 1.0 12.0 12.0 12.0 1.0 1.3333333333333333 12.333333333333334 12.0 1.3333333333333333 1.0 1.3333333333333333 1.0 1.0 1.0 0.0
query2 9.376666666666667 56% 0.0 153606.66666666666 1.0 1.0 4.333333333333333 3.0 HYBRID 4494.666666666667 210.33333333333334 1.0 1.0 1.0 1.0 1.0 229.66666666666666 1.0 283.3333333333333 294.6666666666667 368.3333333333333 1.0 1.0 204.0 430.6666666666667 199.33333333333334 1.0 1374.3333333333333 687.6666666666666 185.66666666666666 228.0 0.0 1.0 1.0 1.0 1.0 1.0 17.0 1.0 24.666666666666668 24.666666666666668 32.666666666666664 1.0 1.0 17.0 32.333333333333336 16.666666666666668 1.0 1.6666666666666667 1.3333333333333333 16.666666666666668 16.666666666666668 0.0
query25 5.953333333333333 71% 0.0 120270.66666666667 1.0 1.0 2.6666666666666665 2.0 PATH 2401.6666666666665 87.66666666666667 159.0 159.0 162.33333333333334 1.0 158.0 1.0 162.0 1.0 1.0 1.0 1.0 477.3333333333333 1.0 1.0 477.3333333333333 158.33333333333334 477.3333333333333 1.0 1.0 1.0 0.0 12.0 12.0 12.333333333333334 1.0 12.0 1.0 12.0 1.0 1.0 1.0 1.0 1.3333333333333333 1.0 1.0 1.3333333333333333 12.333333333333334 1.3333333333333333 1.0 1.0 1.0 0.0
query28 3.936666666666666 40% 0.0 75518.66666666667 1.0 1.0 4.0 3.0 STAR 35.0 25.0 1.0 4.333333333333333 1.0 1.0 1.0 1.6666666666666667 1.0 1.0 1.0 1.3333333333333333 1.0 1.0 1.0 1.0 1.0 1.0 1.0 11.666666666666666 1.0 1.0 0.0 1.0 1.3333333333333333 1.0 1.0 1.0 2.3333333333333335 1.0 1.6666666666666667 1.0 2.0 1.0 1.0 1.0 1.0 1.6666666666666667 1.0 1.0 1.6666666666666667 1.0 1.3333333333333333 0.0
query18 4.3566666666666665 44% 0.0 79912.0 1.0 1.0 2.6666666666666665 2.0 PATH 182.0 35.0 1.0 1.0 1.6666666666666667 1.0 81.0 1.6666666666666667 1.0 1.0 1.0 1.0 1.0 1.0 81.0 1.0 1.0 1.0 1.0 1.0 1.6666666666666667 1.0 0.0 1.0 1.0 3.3333333333333335 1.0 1.3333333333333333 3.3333333333333335 1.0 3.3333333333333335 3.3333333333333335 1.0 1.0 1.0 1.3333333333333333 3.3333333333333335 1.0 1.0 1.0 1.0 1.3333333333333333 3.3333333333333335 0.0
query36 7.623333333333334 68% 0.0 146060.0 1.0 1.0 3.0 2.0 PATH 3808.0 163.0 1.0 1.0 1.0 1.0 173.66666666666666 1.0 1.0 209.0 196.33333333333334 354.3333333333333 1.0 1.0 204.0 199.66666666666666 204.0 1.0 1374.3333333333333 1.0 881.6666666666666 1.0 0.0 1.0 1.0 1.0 1.0 16.666666666666668 1.0 1.0 17.0 16.666666666666668 32.666666666666664 1.0 1.0 17.0 16.666666666666668 16.666666666666668 1.0 1.6666666666666667 1.0 17.0 1.0 0.0
query33 4.7700000000000005 77% 0.0 104193.33333333333 1.0 1.0 2.6666666666666665 2.0 PATH 2843.6666666666665 50.333333333333336 1.0 1.0 1.0 405.0 1.0 1.0 409.6666666666667 1.0 198.33333333333334 170.0 399.0 1.0 1.0 739.3333333333334 1.0 1.0 1.0 1.0 198.33333333333334 312.0 0.0 1.0 1.0 1.0 6.0 1.0 1.0 5.666666666666667 1.0 1.3333333333333333 1.3333333333333333 5.666666666666667 1.0 1.0 11.0 1.0 1.0 1.0 1.0 1.3333333333333333 6.0 0.0
query100 23.513333333333332 27% 0.0 147073.33333333334 1.0 1.0 7.333333333333333 6.0 HYBRID 691.3333333333334 340.3333333333333 8.333333333333334 1.0 1.0 26.333333333333332 12.0 1.0 90.33333333333333 1.0 18.333333333333332 1.0 6.666666666666667 134.66666666666666 5.333333333333333 48.666666666666664 15.333333333333334 1.0 68.66666666666667 1.0 1.0 248.66666666666666 0.0 2.0 1.0 1.0 1.3333333333333333 2.0 1.0 9.666666666666666 1.0 51.333333333333336 1.0 2.3333333333333335 11.0 2.6666666666666665 27.666666666666668 2.3333333333333335 1.0 217.0 1.0 1.0 3.0 0.0
query90 6.653333333333333 66% 0.0 107914.66666666667 1.0 1.0 5.333333333333333 4.0 HYBRID 691.6666666666666 90.33333333333333 1.0 1.0 27.333333333333332 1.0 30.333333333333332 1.0 43.0 1.0 83.66666666666667 51.333333333333336 56.666666666666664 1.0 1.0 1.0 15.333333333333334 1.0 301.0 28.0 18.333333333333332 27.666666666666668 0.0 1.0 1.0 3.3333333333333335 1.0 3.3333333333333335 1.0 12.0 1.0 1.3333333333333333 31.333333333333332 15.0 1.0 1.0 1.0 4.333333333333333 1.0 1.3333333333333333 3.3333333333333335 4.666666666666667 1.3333333333333333 0.0
query8 5.526666666666667 63% 0.0 108680.0 1.0 1.0 4.0 3.0 HYBRID 1278.3333333333333 79.33333333333333 1.0 52.333333333333336 105.66666666666667 1.0 103.33333333333333 1.0 1.0 1.0 1.0 1.0 52.0 1.0 1.0 152.66666666666666 1.0 1.0 97.33333333333333 50.333333333333336 152.66666666666666 501.0 0.0 1.0 5.0 16.666666666666668 1.0 16.333333333333332 1.0 1.0 1.0 1.0 1.0 4.666666666666667 1.0 1.0 1.3333333333333333 1.0 1.0 16.666666666666668 5.0 1.3333333333333333 1.3333333333333333 0.0
query64 34.56666666666667 28% 0.0 177508.0 1.0 1.0 8.0 7.0 HYBRID 6408.666666666667 479.3333333333333 1.0 1.0 1.3333333333333333 1.0 23.666666666666668 1.3333333333333333 1.0 1.0 1.0 1.0 1.0 1.0 1.0 19.666666666666668 9.0 1.0 6335.333333333333 2.0 1.6666666666666667 3.6666666666666665 0.0 1.0 1.0 1.3333333333333333 1.0 2.3333333333333335 1.3333333333333333 1.0 1.0 1.0 1.0 1.0 1.0 1.0 424.6666666666667 1.3333333333333333 1.3333333333333333 9.333333333333334 23.0 1.6666666666666667 3.0 0.0
query5 9.796666666666667 37% 0.0 106640.0 0.6666666666666666 1.0 2.3333333333333335 3.0 HYBRID 1569.0 104.66666666666667 0.6666666666666666 0.6666666666666666 0.6666666666666666 0.6666666666666666 0.6666666666666666 0.6666666666666666 0.6666666666666666 0.6666666666666666 0.6666666666666666 1.0 1.0 1.0 140.33333333333334 18.333333333333332 1.0 1.0 1.0 123.0 1.6666666666666667 1273.6666666666667 0.0 0.6666666666666666 0.6666666666666666 0.6666666666666666 0.6666666666666666 0.6666666666666666 0.6666666666666666 0.6666666666666666 0.6666666666666666 0.6666666666666666 1.0 1.0 1.0 87.33333333333333 1.3333333333333333 1.0 1.0 1.0 1.3333333333333333 1.3333333333333333 1.3333333333333333 0.0
query84 5.0200000000000005 65% 0.0 98005.33333333333 1.0 1.0 3.6666666666666665 3.0 STAR 717.0 68.66666666666667 1.0 1.0 1.0 1.0 1.0 2.0 1.0 1.3333333333333333 1.0 1.0 1.0 4.333333333333333 1.0 1.0 1.0 3.0 4.333333333333333 687.6666666666666 1.0 1.3333333333333333 0.0 1.0 1.0 1.0 1.0 1.0 16.666666666666668 1.0 16.666666666666668 1.0 1.0 1.0 1.3333333333333333 1.0 1.0 1.0 17.0 1.3333333333333333 1.3333333333333333 1.0 1.3333333333333333 0.0
query23 4.113333333333333 43% 0.0 77504.0 1.0 1.0 2.6666666666666665 2.0 STAR 175.0 29.666666666666668 2.0 1.0 2.0 12.0 25.333333333333332 1.0 1.0 1.0 1.0 42.0 42.0 1.0 13.333333333333334 1.0 1.0 1.0 12.0 13.333333333333334 1.0 1.0 0.0 2.3333333333333335 1.0 2.3333333333333335 2.6666666666666665 1.3333333333333333 1.0 1.0 1.0 1.0 1.3333333333333333 1.3333333333333333 1.0 2.3333333333333335 1.0 1.0 1.0 2.3333333333333335 2.6666666666666665 1.0 1.0 0.0
query75 39.333333333333336 61% 0.0 187441.33333333334 1.0 1.0 6.666666666666667 5.0 HYBRID 1551.6666666666667 573.3333333333334 1.0 50.333333333333336 139.0 1.0 1.0 1.0 47.0 1.0 72.66666666666667 74.0 4.0 477.3333333333333 6.333333333333333 1.0 477.3333333333333 46.666666666666664 139.0 7.0 1.0 4.0 0.0 1.0 8.333333333333334 477.3333333333333 1.0 1.0 1.0 4.333333333333333 1.0 17.666666666666668 28.333333333333332 4.333333333333333 1.3333333333333333 6.333333333333333 1.0 1.3333333333333333 4.666666666666667 1.3333333333333333 6.333333333333333 1.0 4.666666666666667 0.0
query20 53.656666666666666 29% 0.0 347377.3333333333 1.0 1.0 7.333333333333333 6.0 HYBRID 26894.333333333332 1715.6666666666667 1.0 254.33333333333334 1.0 1.0 259.6666666666667 2112.3333333333335 1.0 1.0 1.0 426.3333333333333 1.0 1.0 1.0 2112.0 184.0 1.0 12667.666666666666 6500.0 1.0 2367.0 0.0 1.0 212.66666666666666 1.0 1.0 212.66666666666666 142.33333333333334 1.0 1.0 1.0 354.3333333333333 1.0 1.0 1.0 142.0 142.0 1.0 1.6666666666666667 142.66666666666666 1.0 354.3333333333333 0.0
query80 606.7700000000001 50% 0.0 114570.66666666667 0.6666666666666666 1.0 4.0 3.0 HYBRID 256446.33333333334 350.0 1.0 1.0 74.66666666666667 68.66666666666667 1.0 1.0 371.0 869.0 1.0 1.0 1.0 789.6666666666666 68.66666666666667 1.0 251899.66666666666 177.0 2117.0 1.0 1.0 1.0 0.0 1.0 1.0 5.666666666666667 5.333333333333333 158.66666666666666 1.0 6.0 53.333333333333336 1.0 1.0 1.0 54.0 5.333333333333333 1.0 49.0 1.3333333333333333 1.3333333333333333 1.0 1.0 1.0 0.0
query11 4.986666666666667 65% 0.0 100984.0 1.0 1.0 3.0 2.0 STAR 1135.0 61.0 1.0 64.66666666666667 64.33333333333333 1.0 67.0 64.66666666666667 1.0 1.0 1.0 1.0 67.0 1.0 1.0 67.0 177.0 353.0 67.0 67.33333333333333 1.0 67.0 0.0 1.0 5.666666666666667 5.666666666666667 1.0 5.333333333333333 5.666666666666667 1.0 1.0 1.0 1.0 5.333333333333333 1.0 1.0 5.333333333333333 1.3333333333333333 1.6666666666666667 5.333333333333333 5.333333333333333 1.0 5.333333333333333 0.0
query19 6.226666666666667 57% 0.0 90522.66666666667 1.0 1.0 5.333333333333333 4.0 STAR 191.66666666666666 62.666666666666664 1.0 3.6666666666666665 84.33333333333333 1.0 1.0 2.3333333333333335 1.0 10.0 12.0 28.666666666666668 1.6666666666666667 1.0 1.0 1.0 2.0 1.0 1.0 1.6666666666666667 8.666666666666666 27.666666666666668 0.0 1.0 29.333333333333332 1.3333333333333333 1.0 1.0 3.3333333333333335 1.0 2.3333333333333335 2.0 3.6666666666666665 1.3333333333333333 1.0 1.0 1.0 3.3333333333333335 1.0 1.0 2.6666666666666665 3.0 1.3333333333333333 0.0
query92 3.6666666666666665 39% 0.0 75276.0 1.0 1.0 2.3333333333333335 2.0 STAR 65.0 25.333333333333332 1.0 1.0 1.0 1.0 2.3333333333333335 3.0 1.0 1.0 1.0 1.0 42.0 1.0 1.0 1.0 1.0 1.0 1.0 1.0 1.0 1.6666666666666667 0.0 1.0 1.0 1.0 1.0 1.3333333333333333 3.0 1.0 1.0 1.0 1.0 1.3333333333333333 1.0 1.0 1.0 2.3333333333333335 1.0 1.0 1.0 1.0 2.3333333333333335 0.0
query9 23.326666666666668 20% 0.0 149929.33333333334 1.0 1.0 6.666666666666667 6.0 HYBRID 988.6666666666666 321.6666666666667 1.0 1.0 1.0 113.66666666666667 42.666666666666664 1.0 1.0 1.0 109.0 26.0 1.0 131.66666666666666 1.0 225.0 1.0 36.333333333333336 179.0 114.33333333333333 1.0 1.0 0.0 1.0 1.0 1.0 1.3333333333333333 6.333333333333333 1.0 1.0 1.0 1.3333333333333333 6.333333333333333 1.0 1.3333333333333333 1.0 113.66666666666667 1.0 6.666666666666667 119.33333333333333 54.333333333333336 1.0 1.0 0.0
query46 67.51333333333334 70% 0.0 213790.66666666666 1.0 1.0 9.0 7.0 HYBRID 5370.0 996.0 49.0 48.333333333333336 1.0 1.0 1.0 1.0 69.0 1.0 73.66666666666667 2.0 3.3333333333333335 3.3333333333333335 1.0 152.66666666666666 80.0 5.0 3990.6666666666665 3.6666666666666665 153.33333333333334 730.0 0.0 4.666666666666667 5.0 1.0 1.0 1.0 1.0 7.0 1.0 6.666666666666667 1.3333333333333333 5.0 2.0 1.0 1.3333333333333333 271.0 8.666666666666666 508.6666666666667 4.666666666666667 5.0 159.0 0.0
query70 5.6933333333333325 50% 0.0 112606.66666666667 1.0 1.0 2.6666666666666665 2.0 PATH 1618.6666666666667 91.0 1.0 1.0 1.0 1.0 198.33333333333334 1.0 1.0 1.0 1.0 124.33333333333333 1.0 1.0 70.66666666666667 67.0 70.66666666666667 1.0 504.3333333333333 1.0 67.0 504.3333333333333 0.0 1.0 1.0 1.0 1.0 1.3333333333333333 1.0 1.0 1.0 1.0 24.0 1.0 1.0 13.0 12.666666666666666 12.666666666666666 1.0 1.3333333333333333 1.0 12.666666666666666 1.3333333333333333 0.0
query29 67.16 18% 0.0 243802.66666666666 1.0 1.0 6.0 5.0 HYBRID 2056.6666666666665 954.0 1.0 88.0 477.3333333333333 1.0 47.333333333333336 97.0 1.0 124.0 20.0 100.33333333333333 44.333333333333336 73.33333333333333 1.0 194.33333333333334 88.33333333333333 1.0 1.0 1.0 194.33333333333334 501.0 0.0 1.0 2.6666666666666665 1.3333333333333333 1.0 501.0 17.333333333333332 1.0 3.0 2.3333333333333335 18.0 1.3333333333333333 3.3333333333333335 1.0 196.33333333333334 2.6666666666666665 1.0 1.0 1.0 196.33333333333334 1.3333333333333333 0.0
query77 7.29 72% 0.0 133568.0 1.0 1.0 4.333333333333333 3.0 HYBRID 2794.3333333333335 146.0 270.6666666666667 1.0 270.6666666666667 1.0 158.0 110.33333333333333 1.0 1.0 1.0 116.0 169.33333333333334 477.3333333333333 1.0 1.0 477.3333333333333 622.0 112.66666666666667 1.0 1.0 1.0 0.0 20.333333333333332 1.0 20.333333333333332 1.0 12.0 12.0 1.0 1.0 1.0 12.0 17.333333333333332 1.3333333333333333 1.0 1.0 1.3333333333333333 29.666666666666668 9.666666666666666 1.0 1.0 1.0 0.0
query6 8.773333333333333 37% 0.0 92078.66666666667 1.0 1.0 5.666666666666667 5.0 HYBRID 110.33333333333333 93.33333333333333 1.0 1.0 1.0 1.0 1.0 4.0 2.6666666666666665 1.0 6.333333333333333 67.66666666666667 1.0 4.0 8.666666666666666 1.0 1.0 4.0 1.0 1.0 1.0 1.0 0.0 1.0 1.0 1.0 1.0 1.0 3.0 1.3333333333333333 1.0 1.3333333333333333 1.3333333333333333 1.0 67.66666666666667 2.6666666666666665 1.0 1.0 3.0 1.0 1.0 1.0 1.0 0.0
query69 117.55333333333333 11% 0.0 302106.6666666667 1.0 1.0 7.666666666666667 7.0 HYBRID 2063.6666666666665 1732.3333333333333 1.0 111.33333333333333 3.0 1.0 3.0 1.0 332.6666666666667 1.0 111.66666666666667 1.0 1.0 1.0 3.0 2.0 111.66666666666667 701.6666666666666 332.6666666666667 341.0 1.0 2.0 0.0 1.0 9.333333333333334 341.0 1.0 332.6666666666667 1.0 1.3333333333333333 1.0 9.333333333333334 1.0 1.0 1.0 332.6666666666667 1.6666666666666667 9.333333333333334 1.6666666666666667 332.6666666666667 351.3333333333333 1.0 1.3333333333333333 0.0
query85 4.3999999999999995 51% 0.0 95726.66666666667 1.0 1.0 4.333333333333333 3.0 STAR 542.3333333333334 54.0 16.333333333333332 15.0 1.0 13.333333333333334 1.0 1.0 1.0 19.666666666666668 14.666666666666666 1.0 1.0 143.66666666666666 16.0 22.0 208.33333333333334 27.333333333333332 1.0 1.0 37.0 1.0 0.0 3.0 3.3333333333333335 1.0 3.3333333333333335 1.0 1.0 1.0 4.0 3.6666666666666665 1.0 1.0 1.3333333333333333 4.0 4.333333333333333 5.333333333333333 5.0 1.0 1.0 7.666666666666667 1.0 0.0
query96 18.816666666666666 15% 0.0 118062.66666666667 1.0 1.0 5.333333333333333 4.0 HYBRID 250.0 236.33333333333334 212.0 1.0 1.0 1.0 15.333333333333334 1.0 1.3333333333333333 1.0 1.3333333333333333 1.0 1.0 1.6666666666666667 1.0 1.0 1.0 1.3333333333333333 1.3333333333333333 1.6666666666666667 1.6666666666666667 2.3333333333333335 0.0 1.3333333333333333 1.0 1.0 1.0 1.3333333333333333 1.0 1.3333333333333333 1.0 1.3333333333333333 1.0 1.0 1.6666666666666667 1.0 1.3333333333333333 1.0 2.3333333333333335 2.0 1.3333333333333333 212.0 1.3333333333333333 0.0
query65 3.8800000000000003 39% 0.0 74409.33333333333 1.0 1.0 2.3333333333333335 2.0 PATH 54.666666666666664 23.0 2.0 1.0 1.0 1.0 1.0 1.0 1.0 1.0 6.666666666666667 1.0 9.666666666666666 1.0 1.0 1.0 3.0 1.0 9.666666666666666 1.0 9.666666666666666 1.0 0.0 1.3333333333333333 1.0 1.0 1.0 1.0 1.0 1.0 1.0 2.0 1.0 1.3333333333333333 1.0 1.0 1.0 1.6666666666666667 1.0 1.3333333333333333 1.0 1.3333333333333333 1.0 0.0
query14 469.06 8% 0.0 562313.3333333334 1.0 1.0 8.333333333333334 7.0 HYBRID 76815.33333333333 6923.333333333333 1178.0 1.0 222.33333333333334 110.33333333333333 1.0 192.0 1.0 100.66666666666667 909.0 1183.0 1.0 1.0 2472.0 193.66666666666666 1.0 1.0 687.6666666666666 68667.66666666667 577.0 315.0 0.0 80.0 1.0 577.0 9.333333333333334 1.0 14.0 1.0 80.0 4580.666666666667 80.66666666666667 1.0 1.0 695.6666666666666 14.333333333333334 1.0 1.0 1.3333333333333333 1.3333333333333333 687.6666666666666 94.33333333333333 0.0
query83 3.723333333333333 41% 0.0 79954.66666666667 1.0 1.0 2.3333333333333335 2.0 PATH 381.3333333333333 25.666666666666668 46.666666666666664 1.0 60.0 89.66666666666667 46.666666666666664 1.0 1.0 1.0 1.0 1.0 1.0 1.0 75.66666666666667 1.0 1.0 1.0 1.0 48.666666666666664 1.0 1.0 0.0 1.3333333333333333 1.0 2.3333333333333335 2.6666666666666665 1.3333333333333333 1.0 1.0 1.0 1.0 1.0 1.0 1.0 2.6666666666666665 1.0 1.0 1.0 1.0 1.3333333333333333 1.0 1.0 0.0
query27 12.783333333333333 39% 0.0 181837.33333333334 1.0 1.0 5.666666666666667 4.0 HYBRID 8439.333333333334 280.6666666666667 540.3333333333334 1.0 1235.0 537.6666666666666 345.3333333333333 787.3333333333334 157.33333333333334 1.0 112.66666666666667 1.0 1.0 113.66666666666667 436.6666666666667 48.666666666666664 1.0 759.6666666666666 772.6666666666666 2585.3333333333335 1.0 1.0 0.0 8.333333333333334 1.0 15.333333333333334 8.666666666666666 8.333333333333334 82.66666666666667 24.666666666666668 1.0 2.3333333333333335 1.0 1.0 2.6666666666666665 8.333333333333334 1.3333333333333333 1.0 83.0 3.0 25.0 1.0 1.0 0.0
query16 55.833333333333336 63% 0.0 410962.6666666667 1.0 1.0 4.666666666666667 3.0 STAR 1580330.3333333333 2098.6666666666665 1.0 172358.0 176870.0 1.0 81.0 1.0 1.0 6441.0 172527.33333333334 172279.66666666666 171789.0 1.0 4995.333333333333 172398.33333333334 1.0 1.0 4931.333333333333 348993.0 171606.0 5053.333333333333 0.0 1.0 325.6666666666667 41.0 1.0 1.3333333333333333 1.0 1.0 3.3333333333333335 325.6666666666667 326.0 326.0 1.0 4.0 39.333333333333336 1.0 1.0 3.3333333333333335 366.0 326.3333333333333 3.6666666666666665 0.0
query26 39.99666666666667 14% 0.0 181677.33333333334 1.0 1.0 6.0 5.0 HYBRID 804.3333333333334 548.3333333333334 1.0 45.333333333333336 144.33333333333334 1.0 1.0 1.0 1.0 1.0 52.333333333333336 14.666666666666666 18.333333333333332 17.0 4.333333333333333 1.0 46.333333333333336 351.3333333333333 100.33333333333333 1.0 1.0 1.0 0.0 1.0 4.666666666666667 1.3333333333333333 1.0 1.0 1.0 1.0 1.0 5.666666666666667 144.66666666666666 1.3333333333333333 18.333333333333332 5.0 1.0 4.666666666666667 1.3333333333333333 351.3333333333333 1.0 1.0 1.0 0.0
query56 9.006666666666666 56% 0.0 138684.0 1.0 1.0 4.0 3.0 STAR 3838.0 153.0 1.0 318.0 1.0 1.0 1.0 1.0 1.0 318.3333333333333 1.0 1.0 318.0 1.0 637.3333333333334 1.0 639.3333333333334 1.0 1.0 1273.6666666666667 320.3333333333333 1.0 0.0 1.0 22.666666666666668 1.0 1.0 1.0 1.0 1.0 23.0 1.0 1.0 22.666666666666668 1.0 1.3333333333333333 1.0 45.333333333333336 1.0 1.0 1.6666666666666667 23.333333333333332 1.0 0.0
query88 4.673333333333333 62% 0.0 100516.0 1.0 1.0 4.0 3.0 STAR 1192.0 61.0 1.0 74.66666666666667 75.33333333333333 1.0 4.0 74.33333333333333 61.666666666666664 1.0 1.0 268.0 66.66666666666667 86.33333333333333 268.0 1.0 1.0 75.66666666666667 1.0 64.66666666666667 1.0 64.66666666666667 0.0 1.0 7.666666666666667 7.333333333333333 1.0 1.3333333333333333 7.333333333333333 1.6666666666666667 1.0 1.0 1.3333333333333333 1.3333333333333333 1.3333333333333333 1.3333333333333333 1.0 1.0 7.666666666666667 1.0 7.333333333333333 1.0 7.333333333333333 0.0
query32 5.03 64% 0.0 109752.0 1.0 1.0 2.3333333333333335 2.0 PATH 2020.0 56.0 1.0 1.0 1.0 167.0 1.0 1.0 1.0 1.0 1.0 1.0 501.0 1.0 1.0 167.66666666666666 501.0 1.0 1.0 1.0 501.0 168.33333333333334 0.0 1.0 1.0 1.0 12.333333333333334 1.0 1.0 1.0 1.0 1.0 1.0 1.3333333333333333 1.0 1.0 12.666666666666666 1.3333333333333333 1.0 1.0 1.0 1.3333333333333333 13.0 0.0
query42 296.2266666666667 9% 0.0 431538.6666666667 1.0 1.0 7.0 7.0 HYBRID 54778.0 4271.0 297.6666666666667 1.0 1.0 1.0 1.0 1.0 297.6666666666667 1.0 25174.333333333332 1.0 1.0 1.0 1.0 36.333333333333336 1.0 1.0 14455.0 14455.0 49.0 1.0 0.0 1.3333333333333333 1.0 1.0 1.0 1.0 1.0 1.3333333333333333 1.0 966.3333333333334 1.0 1.0 1.0 1.0 1014.0 1.0 1.0 297.6666666666667 297.6666666666667 1679.6666666666667 1.0 0.0
query87 5.903333333333333 80% 0.0 154393.33333333334 0.9899999999999999 1.0 17.0 4.0 HYBRID 785.3333333333334 251.66666666666666 13.666666666666666 27.333333333333332 27.333333333333332 41.666666666666664 5.333333333333333 145.0 19.333333333333332 14.666666666666666 31.666666666666668 136.0 136.0 37.0 13.333333333333334 21.333333333333332 22.333333333333332 26.0 6.666666666666667 8.333333333333334 16.666666666666668 35.666666666666664 0.0 11.666666666666666 10.0 6.333333333333333 11.333333333333334 11.0 11.666666666666666 11.333333333333334 11.333333333333334 13.666666666666666 4.666666666666667 8.333333333333334 18.0 12.0 18.333333333333332 14.666666666666666 18.333333333333332 15.333333333333334 14.666666666666666 14.666666666666666 14.333333333333334 0.0
query95 13.336666666666666 45% 0.0 160540.0 1.0 1.0 4.333333333333333 4.0 HYBRID 7248.666666666667 444.6666666666667 1.0 1.0 228.0 1.0 1.0 81.0 254.0 1.0 1.0 1.0 1.0 1.0 1.0 1.0 1.0 1.0 6334.333333333333 336.3333333333333 1.0 1.0 0.0 1.0 1.0 142.0 1.0 1.0 1.3333333333333333 142.33333333333334 1.0 1.0 1.0 1.0 1.0 1.0 1.0 1.0 1.0 1.3333333333333333 142.66666666666666 1.0 1.0 0.0
query62 3.9166666666666665 43% 0.0 77884.0 1.0 1.0 2.6666666666666665 2.0 STAR 232.0 29.666666666666668 1.0 1.0 15.0 1.0 17.666666666666668 15.0 1.0 1.0 1.0 83.0 44.333333333333336 1.0 1.0 17.666666666666668 1.0 1.0 1.0 13.666666666666666 1.0 13.666666666666666 0.0 1.0 1.0 2.6666666666666665 1.0 2.3333333333333335 2.6666666666666665 1.0 1.0 1.0 1.6666666666666667 1.3333333333333333 1.0 1.0 2.3333333333333335 1.0 1.0 1.0 2.3333333333333335 1.0 2.3333333333333335 0.0
query41 8.563333333333333 63% 0.0 152073.33333333334 1.0 1.0 4.333333333333333 3.0 STAR 3214.6666666666665 210.33333333333334 1.0 51.666666666666664 1.0 154.0 1.0 229.66666666666666 1.0 101.0 1.0 1.0 1.0 1.0 1.0 232.0 49.333333333333336 1.0 1374.3333333333333 735.0 1.0 276.6666666666667 0.0 1.0 16.666666666666668 1.0 49.0 1.0 17.0 1.0 32.333333333333336 1.0 1.0 1.0 1.0 1.0 16.666666666666668 16.666666666666668 1.0 1.6666666666666667 17.0 1.0 32.333333333333336 0.0
query40 5.086666666666667 46% 0.0 103136.0 1.0 1.0 6.333333333333333 4.0 HYBRID 742.0 77.33333333333333 1.0 54.333333333333336 9.666666666666666 11.333333333333334 1.3333333333333333 1.3333333333333333 55.0 2.0 1.0 542.0 45.0 1.0 7.666666666666667 2.0 1.0 1.0 1.0 1.0 1.6666666666666667 1.6666666666666667 0.0 1.0 12.666666666666666 2.6666666666666665 2.6666666666666665 2.0 4.666666666666667 13.333333333333334 4.666666666666667 1.0 1.6666666666666667 12.666666666666666 1.0 2.3333333333333335 1.3333333333333333 1.0 1.0 1.0 2.0 1.6666666666666667 7.0 0.0
query48 4.3 73% 0.0 97544.0 1.0 1.0 2.0 2.0 STAR 2080.0 21.0 1.0 1.0 1.0 1.0 1.0 1.0 1.0 1.0 1.0 1.0 1.0 1.0 1.0 1.0 1.0 1.0 1374.3333333333333 1.0 687.6666666666666 1.0 0.0 1.0 1.0 1.0 1.0 1.0 1.0 1.0 1.0 1.0 1.0 1.0 1.0 1.0 1.0 1.0 1.0 1.6666666666666667 1.0 1.3333333333333333 1.0 0.0
query52 5.673333333333335 39% 0.0 109461.33333333333 1.0 1.0 2.6666666666666665 2.0 PATH 1458.3333333333333 91.0 1.0 1.0 1.0 1.0 38.0 1.0 1.0 1.0 1.0 124.33333333333333 1.0 1.0 70.66666666666667 67.0 70.66666666666667 1.0 504.3333333333333 1.0 67.0 504.3333333333333 0.0 1.0 1.0 1.0 1.0 1.3333333333333333 1.0 1.0 1.0 1.0 24.0 1.0 1.0 13.0 12.666666666666666 12.666666666666666 1.0 1.3333333333333333 1.0 12.666666666666666 1.3333333333333333 0.0
query22 4.616666666666666 47% 0.0 91637.33333333333 1.0 1.0 2.3333333333333335 2.0 PATH 883.0 42.666666666666664 1.0 1.0 1.0 1.0 1.0 1.0 97.0 1.0 149.0 1.0 87.33333333333333 85.66666666666667 149.0 1.0 1.0 1.0 1.0 301.0 1.0 1.0 0.0 1.0 1.0 1.0 1.0 1.0 1.0 8.333333333333334 1.0 1.3333333333333333 1.0 8.0 8.333333333333334 1.3333333333333333 1.0 1.0 1.0 1.0 1.3333333333333333 1.0 1.0 0.0
query67 941.0033333333334 20% 0.0 695230.6666666666 1.0 0.0 5.666666666666667 4.0 HYBRID 2014561.0 31050.666666666668 4771.333333333333 1.0 344374.3333333333 299888.0 172055.33333333334 1.0 1.0 1691.0 58511.333333333336 1.0 516424.6666666667 1.0 132881.0 172398.33333333334 1.0 1.0 138927.66666666666 172629.0 1.0 1.0 0.0 15.333333333333334 1.0 285.6666666666667 8772.333333333334 247.33333333333334 1.0 1.0 1.3333333333333333 16.0 1.0 975.6666666666666 1.0 8541.333333333334 39.333333333333336 1.0 1.0 12108.0 39.333333333333336 1.0 1.0 0.0
query68 4.3133333333333335 56% 0.0 83186.66666666667 1.0 1.0 4.333333333333333 3.0 HYBRID 241.0 41.333333333333336 13.0 1.0 1.0 1.3333333333333333 1.0 1.0 1.0 1.0 1.0 12.333333333333334 1.0 1.0 13.333333333333334 1.0 177.33333333333334 6.333333333333333 2.6666666666666665 1.3333333333333333 1.6666666666666667 1.6666666666666667 0.0 5.333333333333333 1.3333333333333333 1.0 1.6666666666666667 1.0 1.0 1.0 1.0 1.0 5.333333333333333 1.0 1.0 5.666666666666667 1.0 1.6666666666666667 3.3333333333333335 1.3333333333333333 2.3333333333333335 2.3333333333333335 2.0 0.0
query3 4.046666666666667 38% 0.0 76298.66666666667 1.0 1.0 4.0 3.0 HYBRID 70.33333333333333 27.333333333333332 1.0 1.0 2.6666666666666665 1.0 4.666666666666667 2.6666666666666665 1.0 7.666666666666667 1.0 1.0 15.0 1.0 1.0 8.0 4.0 9.0 1.0 3.3333333333333335 1.0 3.3333333333333335 0.0 1.0 1.0 1.6666666666666667 1.0 1.6666666666666667 1.6666666666666667 1.0 1.3333333333333333 1.0 1.0 1.3333333333333333 1.0 1.0 2.3333333333333335 1.6666666666666667 2.3333333333333335 1.0 1.6666666666666667 1.0 1.6666666666666667 0.0
query1 20.246666666666666 15% 0.0 124516.0 1.0 1.0 7.0 5.0 HYBRID 368.3333333333333 247.33333333333334 212.0 1.3333333333333333 1.3333333333333333 1.0 1.6666666666666667 2.3333333333333335 2.0 1.0 2.3333333333333335 1.6666666666666667 2.3333333333333335 2.3333333333333335 1.0 120.66666666666667 3.6666666666666665 2.0 2.0 2.0 1.0 4.666666666666667 0.0 1.3333333333333333 1.3333333333333333 1.3333333333333333 1.0 1.3333333333333333 4.0 1.6666666666666667 4.0 1.6666666666666667 4.666666666666667 1.6666666666666667 1.6666666666666667 1.0 1.3333333333333333 212.33333333333334 2.0 1.3333333333333333 1.3333333333333333 1.0 1.3333333333333333 0.0
query71 9.049999999999999 53% 0.0 153446.66666666666 1.0 1.0 4.333333333333333 3.0 HYBRID 4494.666666666667 210.33333333333334 1.0 1.0 1.0 1.0 1.0 229.33333333333334 1.0 283.3333333333333 294.6666666666667 357.3333333333333 1.0 1.0 204.0 430.6666666666667 196.33333333333334 1.0 1374.3333333333333 687.6666666666666 199.66666666666666 228.33333333333334 0.0 1.0 1.0 1.0 1.0 1.0 16.666666666666668 1.0 24.333333333333332 25.0 32.333333333333336 1.0 1.0 17.0 32.333333333333336 16.666666666666668 1.0 1.6666666666666667 1.3333333333333333 17.0 17.0 0.0
query35 4.426666666666667 40% 0.0 85041.33333333333 1.0 1.0 4.0 3.0 STAR 328.0 44.333333333333336 5.0 5.333333333333333 1.0 3.0 3.0 13.666666666666666 1.0 9.666666666666666 1.0 258.6666666666667 1.0 1.0 1.0 1.0 15.666666666666666 1.0 1.0 1.0 1.0 3.0 0.0 1.6666666666666667 8.333333333333334 1.0 1.6666666666666667 7.0 1.3333333333333333 1.0 8.333333333333334 1.0 1.3333333333333333 1.0 1.0 1.0 1.0 2.0 1.0 1.0 1.0 1.0 1.6666666666666667 0.0
query98 25.363333333333333 71% 0.0 159090.66666666666 1.0 1.0 4.666666666666667 4.0 HYBRID 1820.0 364.3333333333333 1.0 1.0 102.33333333333333 1.0 102.0 301.0 1.0 301.0 1.0 1.0 1.0 1.0 1.0 1.0 1.0 1.0 301.0 398.6666666666667 301.0 1.0 0.0 1.0 1.0 8.333333333333334 1.0 8.0 301.0 1.0 1.3333333333333333 1.0 1.0 1.0 1.0 1.0 1.0 1.0 1.0 1.3333333333333333 8.666666666666666 22.666666666666668 1.0 0.0
query13 5.16 44% 0.0 100133.33333333333 1.0 1.0 2.3333333333333335 2.0 STAR 1589.3333333333333 68.33333333333333 1.0 1.0 1.0 1.0 1.0 229.66666666666666 1.0 1.0 1.0 1.0 1.0 1.0 1.0 232.0 1.0 1.0 785.6666666666666 99.0 1.0 228.0 0.0 1.0 1.0 1.0 1.0 1.0 17.0 1.0 1.0 1.0 1.0 1.0 1.0 1.0 16.666666666666668 1.0 1.0 1.6666666666666667 1.3333333333333333 1.0 16.666666666666668 0.0
query49 7.173333333333333 62% 0.0 141308.0 1.0 1.0 5.0 4.0 HYBRID 3020.0 126.0 1.0 167.33333333333334 1.0 1.0 167.66666666666666 1.0 1.0 1.0 167.0 167.66666666666666 1.0 1.0 1.0 501.0 415.6666666666667 1.0 1.0 1.0 168.33333333333334 1253.3333333333333 0.0 1.0 12.666666666666666 1.0 1.0 12.666666666666666 1.0 1.0 1.0 12.333333333333334 12.666666666666666 1.0 1.0 1.0 1.3333333333333333 30.0 1.0 1.0 1.0 13.0 19.333333333333332 0.0
query30 22.133333333333336 68% 0.0 148090.66666666666 1.0 1.0 5.333333333333333 4.0 STAR 983.0 327.0 15.333333333333334 34.333333333333336 1.0 1.0 1.0 52.333333333333336 1.0 13.333333333333334 1.0 19.666666666666668 260.6666666666667 1.0 17.0 52.666666666666664 10.333333333333334 1.0 34.333333333333336 260.6666666666667 141.33333333333334 64.0 0.0 7.0 260.6666666666667 1.0 1.0 1.0 4.666666666666667 1.0 2.6666666666666665 1.0 7.333333333333333 1.3333333333333333 1.0 7.666666666666667 4.666666666666667 2.3333333333333335 1.0 12.666666666666666 1.3333333333333333 1.3333333333333333 6.333333333333333 0.0
query99 1213.3999999999999 0% 0.0 66729.33333333333 0.3333333333333333 1.0 6.666666666666667 6.0 HYBRID 91301.0 18882.333333333332 439.6666666666667 1.0 1.0 44641.0 1.0 1.0 57.0 1.0 621.6666666666666 268.0 68.33333333333333 63.666666666666664 435.6666666666667 4.0 1.0 1.0 1.0 1.0 44641.0 52.0 0.0 2.3333333333333335 1.0 1.0 268.0 1.0 1.0 1.6666666666666667 8838.666666666666 3.0 1.3333333333333333 1.3333333333333333 1.3333333333333333 3.0 1.3333333333333333 1.0 1.0 1.0 9298.333333333334 268.0 187.0 0.0
query38 9.826666666666666 52% 0.0 106409.33333333333 1.0 1.0 7.0 6.0 HYBRID 523.0 119.33333333333333 1.0 1.0 1.0 33.333333333333336 1.0 13.666666666666666 1.0 1.0 67.0 13.666666666666666 148.66666666666666 1.0 19.666666666666668 34.666666666666664 1.0 1.0 1.0 101.0 14.333333333333334 67.0 0.0 1.0 1.0 1.0 4.0 1.0 1.3333333333333333 1.0 1.0 13.666666666666666 1.3333333333333333 1.3333333333333333 1.0 1.6666666666666667 4.0 1.0 1.0 1.0 13.0 2.0 67.0 0.0
query59 55.553333333333335 65% 0.0 387777.3333333333 1.0 1.0 4.666666666666667 3.0 STAR 1580330.3333333333 2098.6666666666665 1.0 172278.0 176992.0 1.0 81.0 1.0 1.0 6441.0 172290.0 172168.66666666666 171980.0 1.0 4995.333333333333 172276.33333333334 1.0 1.0 4931.333333333333 348551.0 172285.33333333334 5053.333333333333 0.0 1.0 325.6666666666667 41.333333333333336 1.0 1.3333333333333333 1.0 1.0 3.3333333333333335 325.6666666666667 326.0 326.0 1.0 4.0 39.0 1.0 1.0 3.3333333333333335 366.0 326.3333333333333 3.6666666666666665 0.0
query15 4.583333333333333 58% 0.0 84278.66666666667 1.0 1.0 2.3333333333333335 2.0 STAR 663.6666666666666 38.0 1.0 1.0 1.0 1.0 73.0 1.0 1.0 1.0 1.0 1.0 107.0 1.0 1.0 1.0 105.33333333333333 234.0 1.0 1.0 1.0 129.33333333333334 0.0 1.0 1.0 1.0 1.0 1.6666666666666667 1.0 1.0 1.0 1.0 1.0 6.333333333333333 1.0 1.0 1.0 7.0 1.3333333333333333 1.0 1.0 1.0 6.666666666666667 0.0
query37 10.393333333333333 26% 0.0 114037.33333333333 1.0 1.0 6.0 5.0 HYBRID 569.3333333333334 131.66666666666666 1.0 28.0 1.0 1.0 26.0 1.0 40.666666666666664 1.0 60.0 1.0 43.0 1.0 247.33333333333334 1.0 21.666666666666668 14.666666666666666 1.0 54.0 24.0 1.0 0.0 1.0 6.666666666666667 1.0 1.0 21.666666666666668 1.0 7.333333333333333 1.0 1.3333333333333333 1.0 9.333333333333334 1.0 1.3333333333333333 1.0 1.3333333333333333 5.0 1.0 60.0 7.666666666666667 1.0 0.0
query55 5.4433333333333325 36% 0.0 100285.33333333333 1.0 1.0 4.666666666666667 4.0 HYBRID 995.0 88.33333333333333 1.0 65.0 1.0 1.0 7.333333333333333 7.666666666666667 67.0 1.0 25.666666666666668 17.0 71.33333333333333 1.0 710.3333333333334 1.0 1.0 1.0 1.0 1.0 1.0 12.666666666666666 0.0 1.0 17.333333333333332 1.0 1.0 5.666666666666667 6.0 17.0 1.0 4.666666666666667 1.6666666666666667 17.333333333333332 1.0 1.3333333333333333 1.0 1.0 1.0 1.0 1.0 1.0 6.333333333333333 0.0
query51 4.63 56% 0.0 95432.0 1.0 1.0 3.0 2.0 STAR 891.0 54.0 111.33333333333333 1.0 111.0 54.0 38.666666666666664 1.0 1.0 1.0 1.0 1.0 1.0 143.66666666666666 38.666666666666664 1.0 143.66666666666666 1.0 54.0 42.333333333333336 143.66666666666666 1.0 0.0 8.0 1.0 8.333333333333334 4.666666666666667 4.666666666666667 1.0 1.0 1.0 1.0 1.0 1.0 1.3333333333333333 4.666666666666667 1.0 1.3333333333333333 1.0 4.666666666666667 5.0 1.3333333333333333 1.0 0.0
query58 177.67666666666665 24% 0.0 234310.66666666666 1.0 1.0 7.0 6.0 HYBRID 38424.666666666664 2693.0 1.0 13.333333333333334 1.3333333333333333 26.333333333333332 1.3333333333333333 1.0 1.0 65.33333333333333 2.6666666666666665 3.3333333333333335 1.0 1.0 1.0 1.0 2.0 1.0 38279.666666666664 15.666666666666666 1.0 4.666666666666667 0.0 1.0 2.6666666666666665 1.3333333333333333 1.3333333333333333 1.3333333333333333 1.0 1.0 1.3333333333333333 65.33333333333333 2552.6666666666665 1.0 1.0 1.0 1.0 1.3333333333333333 1.0 26.666666666666668 3.0 1.0 27.0 0.0
query74 98.13333333333333 10% 0.0 265486.6666666667 1.0 1.0 7.333333333333333 7.0 HYBRID 1724.0 1404.0 1.0 1.0 352.0 83.0 122.66666666666667 27.333333333333332 1.0 1.0 1.0 1.0 83.0 1.0 1.0 29.666666666666668 1.0 1.0 1.0 282.6666666666667 204.66666666666666 528.0 0.0 1.0 1.0 1.3333333333333333 282.6666666666667 1.3333333333333333 3.3333333333333335 1.0 1.0 1.0 1.0 122.66666666666667 1.0 1.0 3.3333333333333335 1.0 1.0 1.0 501.0 473.6666666666667 3.6666666666666665 0.0
query12 5.656666666666666 68% 0.0 114574.66666666667 1.0 1.0 7.666666666666667 5.0 HYBRID 909.6666666666666 91.0 1.0 10.666666666666666 4.666666666666667 1.0 68.33333333333333 8.0 335.6666666666667 71.66666666666667 60.333333333333336 54.333333333333336 1.0 1.0 5.0 1.0 53.666666666666664 62.333333333333336 139.0 25.666666666666668 1.0 4.333333333333333 0.0 1.0 6.333333333333333 2.0 1.0 6.333333333333333 2.3333333333333335 3.0 6.333333333333333 13.666666666666666 17.0 1.0 1.0 5.0 1.0 7.0 8.333333333333334 1.3333333333333333 1.3333333333333333 1.0 5.0 0.0
query97 4.47 41% 0.0 94672.0 1.0 1.0 4.0 3.0 STAR 514.6666666666666 53.666666666666664 1.0 1.0 18.0 12.333333333333334 26.0 10.333333333333334 7.0 8.0 1.0 198.33333333333334 1.0 1.0 8.0 1.0 1.0 1.0 1.0 9.666666666666666 198.33333333333334 9.666666666666666 0.0 1.0 1.0 7.0 2.3333333333333335 1.3333333333333333 5.666666666666667 5.666666666666667 6.0 1.0 1.3333333333333333 1.0 1.0 2.0 1.0 1.0 1.0 1.0 6.0 1.3333333333333333 6.0 0.0
query47 14.823333333333332 74% 0.0 181084.0 1.0 1.0 3.3333333333333335 3.0 HYBRID 14060.0 444.6666666666667 1.0 1.0 1.0 1.0 1.0 2112.3333333333335 1.0 1.0 1.0 1.0 1.0 1.0 1.0 2112.0 1.0 1.0 7021.0 687.6666666666666 1.0 2112.0 0.0 1.0 1.0 1.0 1.0 1.0 142.33333333333334 1.0 1.0 1.0 1.0 1.0 1.0 1.0 142.0 1.0 1.0 1.6666666666666667 1.3333333333333333 1.0 142.33333333333334 0.0
query54 64.58333333333333 15% 0.0 266725.3333333333 1.0 1.0 6.666666666666667 6.0 HYBRID 2119.0 951.6666666666666 53.333333333333336 1.0 1.0 109.0 1.0 1.0 1.0 301.0 109.0 1.0 109.0 1.0 132.33333333333334 136.66666666666666 301.0 1.0 1.0 56.666666666666664 1.0 801.0 0.0 5.333333333333333 1.0 1.0 268.0 1.0 1.0 1.0 1.3333333333333333 301.0 1.0 301.0 1.0 28.666666666666668 28.333333333333332 1.3333333333333333 1.0 1.0 5.333333333333333 1.0 1.3333333333333333 0.0
