query4116 2.66 67% 0 71532 1.00 1.00 11 2 STAR 12 12 1 1 1 2 1 1 2 1 1 1 0 1 1 1 2 1 1 2 1 1 1 0
query874 2.44 70% 0 71568 1.00 1.00 11 2 PATH 12 12 1 1 2 1 1 1 1 1 2 1 0 1 1 2 1 1 1 1 1 2 1 0
query13704 2.80 70% 0 73060 1.00 1.00 5 5 STAR 26 19 1 1 1 1 9 1 1 1 9 1 0 1 1 1 1 2 1 1 1 9 1 0
query2043 2.64 64% 0 71148 1.00 1.00 2 2 STAR 11 11 2 1 1 1 1 1 1 1 1 1 0 2 1 1 1 1 1 1 1 1 1 0
query6739 2.51 68% 0 72168 1.00 1.00 12 3 STAR 12 12 1 1 1 1 1 2 1 1 2 1 0 1 1 1 1 1 2 1 1 2 1 0
query3156 2.56 65% 0 71584 1.00 1.00 2 2 STAR 11 11 2 1 1 1 1 1 1 1 1 1 0 2 1 1 1 1 1 1 1 1 1 0
query4038 2.66 65% 0 70596 1.00 1.00 2 2 STAR 12 11 3 1 1 1 1 1 1 1 1 1 0 2 1 1 1 1 1 1 1 1 1 0
query14504 2.74 69% 0 73080 1.00 1.00 15 5 STAR 15 14 1 1 1 1 3 1 1 1 1 4 0 1 1 1 1 3 1 1 1 1 3 0
query3079 2.81 65% 0 70512 1.00 1.00 2 2 STAR 11 11 1 1 1 1 1 2 1 1 1 1 0 1 1 1 1 1 2 1 1 1 1 0
query12295 1.47 92% 0 72596 1.00 1.00 4 4 STAR 12 12 2 1 1 1 1 1 1 1 2 1 0 2 1 1 1 1 1 1 1 2 1 0
query18247 2.54 70% 0 72992 1.00 1.00 15 6 STAR 21 15 2 1 1 1 2 5 1 1 6 1 0 2 1 1 1 2 3 1 1 2 1 0
query3826 2.31 93% 0 71012 1.00 1.00 2 2 STAR 11 11 2 1 1 1 1 1 1 1 1 1 0 2 1 1 1 1 1 1 1 1 1 0
query3722 1.97 82% 0 72360 1.00 1.00 11 2 STAR 14 12 1 1 1 1 4 1 1 1 2 1 0 1 1 1 1 2 1 1 1 2 1 0
query1312 2.31 96% 0 72524 1.00 1.00 11 2 STAR 12 12 1 1 1 1 1 2 1 1 2 1 0 1 1 1 1 1 2 1 1 2 1 0
query7880 1.91 86% 0 72972 1.00 1.00 12 3 STAR 14 13 1 1 1 1 1 3 1 1 3 1 0 1 1 1 1 1 3 1 1 2 1 0
query9993 2.90 70% 0 72260 1.00 1.00 13 4 STAR 16 13 1 1 1 1 1 4 1 1 4 1 0 1 1 1 1 1 3 1 1 2 1 0
query1599 2.79 67% 0 71264 1.00 1.00 11 2 STAR 12 12 1 1 2 1 1 1 1 1 2 1 0 1 1 2 1 1 1 1 1 2 1 0
query11044 2.78 68% 0 72680 1.00 1.00 13 4 STAR 13 13 1 1 2 1 1 2 1 1 1 2 0 1 1 2 1 1 2 1 1 1 2 0
query19654 2.42 71% 0 72844 1.00 1.00 7 7 STAR 14 13 3 1 1 1 1 1 1 1 3 1 0 3 1 1 1 1 1 1 1 2 1 0
query4983 1.89 84% 0 72156 1.00 1.00 11 2 STAR 12 12 1 1 2 1 1 1 1 1 2 1 0 1 1 2 1 1 1 1 1 2 1 0
query16149 2.80 66% 0 72088 1.00 1.00 14 5 STAR 12 12 1 1 1 1 2 2 1 1 1 1 0 1 1 1 1 2 2 1 1 1 1 0
query3343 2.71 69% 0 71596 1.00 1.00 2 2 STAR 11 11 2 1 1 1 1 1 1 1 1 1 0 2 1 1 1 1 1 1 1 1 1 0
query21022 2.88 70% 0 72700 1.00 1.00 8 8 STAR 15 12 5 1 1 1 2 1 1 1 1 1 0 2 1 1 1 2 1 1 1 1 1 0
query7047 3.22 74% 0 70244 1.00 1.00 3 3 STAR 12 11 3 1 1 1 1 1 1 1 1 1 0 2 1 1 1 1 1 1 1 1 1 0
query19870 2.58 67% 0 72220 1.00 1.00 7 7 STAR 16 14 4 1 1 1 1 4 1 1 1 1 0 2 1 1 1 1 4 1 1 1 1 0
query5666 2.49 64% 0 71548 1.00 1.00 2 2 STAR 11 11 1 1 1 1 1 2 1 1 1 1 0 1 1 1 1 1 2 1 1 1 1 0
query1234 2.50 65% 0 71132 1.00 1.00 2 2 STAR 11 11 1 1 1 1 2 1 1 1 1 1 0 1 1 1 1 2 1 1 1 1 1 0
query13851 2.79 67% 0 71920 1.00 1.00 5 5 STAR 14 12 4 1 1 1 1 1 1 1 2 1 0 2 1 1 1 1 1 1 1 2 1 0
query1998 2.40 67% 0 70988 1.00 1.00 2 2 STAR 11 11 2 1 1 1 1 1 1 1 1 1 0 2 1 1 1 1 1 1 1 1 1 0
query10473 1.28 77% 0 70656 1.00 1.00 4 4 STAR 16 11 1 1 1 1 1 1 1 1 7 1 0 1 1 1 1 1 1 1 1 2 1 0
query4639 2.69 68% 0 71396 1.00 1.00 11 2 STAR 12 12 1 1 1 1 2 1 1 1 2 1 0 1 1 1 1 2 1 1 1 2 1 0
query13347 2.83 66% 0 71444 1.00 1.00 5 5 STAR 12 12 2 1 1 1 1 2 1 1 1 1 0 2 1 1 1 1 2 1 1 1 1 0
query18333 2.53 66% 0 72740 1.00 1.00 6 6 STAR 12 12 2 1 1 1 1 2 1 1 1 1 0 2 1 1 1 1 2 1 1 1 1 0
query12522 2.50 71% 0 72904 1.00 1.00 22 4 STAR 13 13 1 1 1 2 2 1 2 1 1 1 0 1 1 1 2 2 1 2 1 1 1 0
query15940 2.89 74% 0 72648 1.00 1.00 14 5 STAR 26 15 4 1 6 1 9 1 1 1 1 1 0 2 1 4 1 2 1 1 1 1 1 0
query6915 2.92 66% 0 71480 1.00 1.00 12 3 STAR 12 12 1 1 2 1 1 2 1 1 1 1 0 1 1 2 1 1 2 1 1 1 1 0
query14306 2.94 71% 0 72180 1.00 1.00 5 5 STAR 14 13 3 1 1 1 1 1 1 1 3 1 0 3 1 1 1 1 1 1 1 2 1 0
query16448 2.51 72% 0 73516 1.00 1.00 6 6 STAR 15 16 6 1 1 1 1 1 1 1 1 1 0 2 1 1 1 1 6 1 1 1 1 0
query4172 2.60 65% 0 71060 1.00 1.00 2 2 STAR 11 11 1 1 1 1 2 1 1 1 1 1 0 1 1 1 1 2 1 1 1 1 1 0
query16150 2.37 72% 0 71840 1.00 1.00 14 5 STAR 12 12 1 1 1 1 2 2 1 1 1 1 0 1 1 1 1 2 2 1 1 1 1 0
query72 2.64 66% 0 70644 1.00 1.00 2 2 PATH 19 11 1 1 1 1 1 1 1 1 10 1 0 1 1 1 1 1 1 1 1 2 1 0
query11892 2.60 68% 0 71448 1.00 1.00 4 4 STAR 11 12 1 1 1 1 2 1 1 1 1 1 0 1 1 1 1 2 1 1 1 2 1 0
query7711 2.64 69% 0 72360 1.00 1.00 12 3 STAR 12 12 1 1 1 1 2 2 1 1 1 1 0 1 1 1 1 2 2 1 1 1 1 0
query4095 2.65 66% 0 71568 1.00 1.00 2 2 STAR 11 11 1 1 1 1 2 1 1 1 1 1 0 1 1 1 1 2 1 1 1 1 1 0
query19116 2.48 72% 0 73012 1.00 1.00 16 7 STAR 19 16 1 1 4 1 4 1 1 1 4 1 0 1 1 3 1 4 1 1 1 2 1 0
query17425 2.77 67% 0 72112 1.00 1.00 6 6 STAR 14 14 4 1 1 1 1 2 1 1 1 1 0 2 1 1 1 1 4 1 1 1 1 0
query21338 3.32 86% 0 82000 1.00 1.00 17 8 STAR 150 47 29 1 1 1 29 1 1 1 57 29 0 2 1 1 1 7 1 1 1 29 3 0
query3944 2.61 67% 0 71124 1.00 1.00 2 2 STAR 11 11 1 1 1 1 2 1 1 1 1 1 0 1 1 1 1 2 1 1 1 1 1 0
query19291 2.95 71% 0 72544 1.00 1.00 7 7 STAR 15 12 2 1 1 1 1 1 1 1 5 1 0 2 1 1 1 1 1 1 1 2 1 0
query18788 3.00 76% 0 72572 1.00 1.00 15 6 STAR 13 13 1 1 1 1 2 2 1 1 2 1 0 1 1 1 1 2 2 1 1 2 1 0
query5171 2.50 66% 0 71556 1.00 1.00 2 2 STAR 11 11 2 1 1 1 1 1 1 1 1 1 0 2 1 1 1 1 1 1 1 1 1 0
query18648 2.53 69% 0 72108 1.00 1.00 6 6 STAR 15 12 1 1 2 1 5 1 1 1 1 1 0 1 1 2 1 2 1 1 1 1 1 0
query19914 2.43 73% 0 72720 1.00 1.00 16 7 STAR 15 14 1 1 3 1 3 2 1 1 1 1 0 1 1 3 1 2 2 1 1 1 1 0
query2560 2.61 68% 0 71144 1.00 1.00 2 2 STAR 11 11 1 1 1 1 1 2 1 1 1 1 0 1 1 1 1 1 2 1 1 1 1 0
query7776 2.42 70% 0 72100 1.00 1.00 12 3 STAR 12 12 1 1 1 1 2 2 1 1 1 1 0 1 1 1 1 2 2 1 1 1 1 0
query15304 2.59 64% 0 71904 1.00 1.00 5 5 STAR 12 11 3 1 1 1 1 1 1 1 1 1 0 2 1 1 1 1 1 1 1 1 1 0
query5449 2.81 68% 0 72876 1.00 1.00 11 2 STAR 16 13 1 1 1 1 2 1 1 1 4 3 0 1 1 1 1 2 1 1 1 2 2 0
query14979 2.58 69% 0 72332 1.00 1.00 23 5 STAR 13 14 1 1 2 2 2 1 1 1 1 1 0 1 1 2 2 2 2 1 1 1 1 0
query3149 2.72 64% 0 70644 1.00 1.00 2 2 STAR 11 11 2 1 1 1 1 1 1 1 1 1 0 2 1 1 1 1 1 1 1 1 1 0
query9291 2.54 68% 0 72736 1.00 1.00 21 3 STAR 13 13 1 1 1 2 1 1 2 1 2 1 0 1 1 1 2 1 1 2 1 2 1 0
query19719 3.01 76% 0 72004 1.00 1.00 7 7 STAR 80 11 71 1 1 1 1 1 1 1 1 1 0 2 1 1 1 1 1 1 1 1 1 0
query2319 2.35 69% 0 70408 1.00 1.00 2 2 STAR 19 11 10 1 1 1 1 1 1 1 1 1 0 2 1 1 1 1 1 1 1 1 1 0
query14875 2.80 72% 0 73756 1.00 1.00 23 5 STAR 28 17 3 1 1 1 4 5 1 1 7 4 0 2 1 1 1 3 3 1 1 2 2 0
query1504 2.60 66% 0 71612 1.00 1.00 2 2 STAR 11 11 2 1 1 1 1 1 1 1 1 1 0 2 1 1 1 1 1 1 1 1 1 0
query9623 2.31 73% 0 71496 1.00 1.00 12 3 STAR 12 12 1 1 1 1 2 2 1 1 1 1 0 1 1 1 1 2 2 1 1 1 1 0
query9928 2.35 77% 0 72628 1.00 1.00 13 4 STAR 15 15 1 1 1 1 1 3 1 1 2 3 0 1 1 1 1 1 3 1 1 3 2 0
query17844 2.43 73% 0 71800 1.00 1.00 6 6 STAR 18 13 3 1 1 1 1 1 1 1 7 1 0 2 1 1 1 1 1 1 1 3 1 0
query20504 2.40 71% 0 72864 1.00 1.00 7 7 STAR 11 12 1 1 1 1 2 1 1 1 1 1 0 1 1 1 1 2 1 1 1 2 1 0
query11406 2.47 70% 0 71900 1.00 1.00 4 4 STAR 17 14 1 1 1 1 5 1 1 1 4 1 0 1 1 1 1 4 1 1 1 2 1 0
query9768 2.61 68% 0 70268 1.00 1.00 3 3 STAR 11 11 2 1 1 1 1 1 1 1 1 1 0 2 1 1 1 1 1 1 1 1 1 0
query2243 2.73 66% 0 72516 1.00 1.00 11 2 STAR 11 12 1 1 1 2 1 1 1 1 1 1 0 1 1 1 2 1 2 1 1 1 1 0
query17880 2.76 66% 0 72292 1.00 1.00 6 6 STAR 12 12 2 1 1 1 2 1 1 1 1 1 0 2 1 1 1 2 1 1 1 1 1 0
query5933 2.63 65% 0 71188 1.00 1.00 3 3 PATH 11 11 2 1 1 1 1 1 1 1 1 1 0 2 1 1 1 1 1 1 1 1 1 0
query1557 2.75 65% 0 71456 1.00 1.00 2 2 STAR 11 11 1 1 1 1 1 2 1 1 1 1 0 1 1 1 1 1 2 1 1 1 1 0
query22059 2.83 70% 0 73128 1.00 1.00 8 8 STAR 14 13 3 1 1 1 1 3 1 1 1 1 0 2 1 1 1 1 3 1 1 1 1 0
query695 2.51 65% 0 71060 1.00 1.00 2 2 PATH 12 11 1 1 1 1 1 1 1 1 3 1 0 1 1 1 1 1 1 1 1 2 1 0
query364 2.72 65% 0 70220 1.00 1.00 2 2 PATH 11 11 1 1 1 1 1 1 1 1 2 1 0 1 1 1 1 1 1 1 1 2 1 0
query2114 2.89 69% 0 71104 1.00 1.00 2 2 STAR 11 11 2 1 1 1 1 1 1 1 1 1 0 2 1 1 1 1 1 1 1 1 1 0
query19478 2.76 67% 0 72024 1.00 1.00 7 7 STAR 12 12 1 1 1 1 2 2 1 1 1 1 0 1 1 1 1 2 2 1 1 1 1 0
query20761 3.30 76% 0 72804 1.00 1.00 8 8 STAR 14 14 4 1 1 1 2 1 1 1 1 1 0 2 1 1 1 4 1 1 1 1 1 0
query19064 2.78 68% 0 72596 1.00 1.00 7 7 STAR 13 12 1 1 1 1 3 2 1 1 1 1 0 1 1 1 1 2 2 1 1 1 1 0
query15334 2.43 70% 0 71908 1.00 1.00 5 5 STAR 13 12 1 1 1 1 3 2 1 1 1 1 0 1 1 1 1 2 2 1 1 1 1 0
query3318 2.70 67% 0 72136 1.00 1.00 11 2 STAR 12 12 1 1 1 1 2 1 1 1 2 1 0 1 1 1 1 2 1 1 1 2 1 0
query2580 2.28 94% 0 71416 1.00 1.00 2 2 STAR 11 11 1 1 1 1 1 2 1 1 1 1 0 1 1 1 1 1 2 1 1 1 1 0
query6688 2.64 68% 0 71484 1.00 1.00 12 3 STAR 12 12 1 1 1 1 2 1 2 1 1 1 0 1 1 1 1 2 1 2 1 1 1 0
query17678 2.74 70% 0 73156 1.00 1.00 6 6 STAR 25 14 13 1 1 1 1 1 1 1 4 1 0 4 1 1 1 1 1 1 1 2 1 0
query15891 2.94 70% 0 70720 1.00 1.00 5 5 STAR 11 11 2 1 1 1 1 1 1 1 1 1 0 2 1 1 1 1 1 1 1 1 1 0
query3631 2.32 70% 0 70876 1.00 1.00 2 2 STAR 11 11 2 1 1 1 1 1 1 1 1 1 0 2 1 1 1 1 1 1 1 1 1 0
query19644 2.39 72% 0 72584 1.00 1.00 7 7 STAR 16 14 4 1 1 1 1 1 1 1 4 1 0 4 1 1 1 1 1 1 1 2 1 0
query5177 2.65 65% 0 71052 1.00 1.00 2 2 STAR 11 11 2 1 1 1 1 1 1 1 1 1 0 2 1 1 1 1 1 1 1 1 1 0
query11785 2.75 67% 0 72420 1.00 1.00 4 4 STAR 13 13 3 1 1 1 1 1 1 1 2 1 0 2 1 1 1 1 1 1 1 3 1 0
query11571 2.66 69% 0 71560 1.00 1.00 13 4 STAR 12 12 1 1 1 1 1 2 1 1 2 1 0 1 1 1 1 1 2 1 1 2 1 0
query18456 2.52 68% 0 71956 1.00 1.00 6 6 STAR 12 13 3 1 1 1 1 1 1 1 1 1 0 2 1 1 1 1 3 1 1 1 1 0
query3054 2.62 65% 0 71284 1.00 1.00 2 2 STAR 11 11 1 1 1 1 1 2 1 1 1 1 0 1 1 1 1 1 2 1 1 1 1 0
query18359 2.71 66% 0 72628 1.00 1.00 6 6 STAR 12 12 2 1 1 1 1 2 1 1 1 1 0 2 1 1 1 1 2 1 1 1 1 0
query16869 2.45 68% 0 71536 1.00 1.00 6 6 STAR 12 11 3 1 1 1 1 1 1 1 1 1 0 2 1 1 1 1 1 1 1 1 1 0
query4469 2.55 67% 0 70640 1.00 1.00 2 2 STAR 11 11 2 1 1 1 1 1 1 1 1 1 0 2 1 1 1 1 1 1 1 1 1 0
query12773 2.79 69% 0 72320 1.00 1.00 4 4 STAR 16 15 5 1 1 1 1 1 1 1 3 1 0 2 1 1 1 1 1 1 1 5 1 0
query9994 3.12 78% 0 72444 1.00 1.00 13 4 STAR 11 12 1 1 1 1 1 2 1 1 1 1 0 1 1 1 1 1 2 1 1 2 1 0
query20413 2.66 68% 0 72444 1.00 1.00 16 7 STAR 12 13 2 1 1 1 2 1 1 1 1 1 0 2 1 1 1 2 1 1 1 2 1 0
