query4116 5.80 31% 0 73224 1.00 1.00 11 2 STAR 12 12 1 1 1 2 1 2 1 1 1 1 0 1 1 1 2 1 2 1 1 1 1 0
query874 2.44 69% 0 72080 1.00 1.00 11 2 PATH 12 12 2 1 1 1 1 1 1 1 2 1 0 2 1 1 1 1 1 1 1 2 1 0
query13704 3.08 63% 0 73716 1.00 1.00 5 5 STAR 26 19 1 1 1 1 9 1 1 1 9 1 0 1 1 1 1 2 1 1 1 9 1 0
query2043 2.24 67% 0 70832 1.00 1.00 2 2 STAR 11 11 2 1 1 1 1 1 1 1 1 1 0 2 1 1 1 1 1 1 1 1 1 0
query6739 3.09 67% 0 71448 1.00 1.00 8 3 STAR 12 12 1 1 1 1 1 2 1 1 2 1 0 1 1 1 1 1 2 1 1 2 1 0
query3156 2.38 68% 0 70628 1.00 1.00 2 2 STAR 11 11 2 1 1 1 1 1 1 1 1 1 0 2 1 1 1 1 1 1 1 1 1 0
query4038 2.74 63% 0 70856 1.00 1.00 2 2 STAR 12 11 3 1 1 1 1 1 1 1 1 1 0 2 1 1 1 1 1 1 1 1 1 0
query14504 3.01 70% 0 72304 1.00 1.00 10 5 STAR 14 13 1 1 1 1 3 1 1 1 1 3 0 1 1 1 1 3 1 1 1 1 2 0
query3079 2.37 68% 0 70356 1.00 1.00 2 2 STAR 11 11 1 1 1 1 1 2 1 1 1 1 0 1 1 1 1 1 2 1 1 1 1 0
query12295 2.39 71% 0 72324 1.00 1.00 4 4 STAR 12 12 2 1 1 1 1 1 1 1 2 1 0 2 1 1 1 1 1 1 1 2 1 0
query18247 2.92 66% 0 72940 1.00 1.00 11 6 STAR 21 15 1 1 1 1 2 6 1 1 6 1 0 1 1 1 1 2 4 1 1 2 1 0
query3826 2.97 63% 0 70128 1.00 1.00 2 2 STAR 11 11 2 1 1 1 1 1 1 1 1 1 0 2 1 1 1 1 1 1 1 1 1 0
query3722 1.90 81% 0 72388 1.00 1.00 11 2 STAR 14 12 4 1 1 1 1 1 1 1 2 1 0 2 1 1 1 1 1 1 1 2 1 0
query1312 2.57 66% 0 72256 1.00 1.00 11 2 STAR 12 12 2 1 1 1 1 1 1 1 2 1 0 2 1 1 1 1 1 1 1 2 1 0
query7880 2.60 68% 0 72308 1.00 1.00 8 3 STAR 14 13 1 1 1 1 1 3 1 1 3 1 0 1 1 1 1 1 3 1 1 2 1 0
query9993 2.69 67% 0 72500 1.00 1.00 9 4 STAR 16 13 1 1 1 1 1 4 1 1 4 1 0 1 1 1 1 1 3 1 1 2 1 0
query1599 2.40 70% 0 71812 1.00 1.00 11 2 STAR 12 12 2 1 1 1 1 1 1 1 2 1 0 2 1 1 1 1 1 1 1 2 1 0
query11044 2.80 66% 0 72472 1.00 1.00 13 4 STAR 13 13 1 1 2 1 2 2 1 1 1 1 0 1 1 2 1 2 2 1 1 1 1 0
query19654 2.42 70% 0 72740 1.00 1.00 7 7 STAR 14 13 3 1 1 1 1 1 1 1 3 1 0 3 1 1 1 1 1 1 1 2 1 0
query4983 2.38 71% 0 71680 1.00 1.00 11 2 STAR 12 12 2 1 1 1 1 1 1 1 2 1 0 2 1 1 1 1 1 1 1 2 1 0
query16149 2.90 68% 0 71784 1.00 1.00 10 5 STAR 12 12 1 1 1 1 2 2 1 1 1 1 0 1 1 1 1 2 2 1 1 1 1 0
query3343 2.60 65% 0 70260 1.00 1.00 2 2 STAR 11 11 2 1 1 1 1 1 1 1 1 1 0 2 1 1 1 1 1 1 1 1 1 0
query21022 2.97 69% 0 72808 1.00 1.00 8 8 STAR 15 12 5 1 1 1 2 1 1 1 1 1 0 2 1 1 1 2 1 1 1 1 1 0
query7047 1.98 76% 0 70524 1.00 1.00 3 3 STAR 12 11 3 1 1 1 1 1 1 1 1 1 0 2 1 1 1 1 1 1 1 1 1 0
query19870 2.81 65% 0 72132 1.00 1.00 7 7 STAR 16 14 4 1 1 1 1 4 1 1 1 1 0 2 1 1 1 1 4 1 1 1 1 0
query5666 2.40 68% 0 71516 1.00 1.00 2 2 STAR 11 11 1 1 1 1 1 2 1 1 1 1 0 1 1 1 1 1 2 1 1 1 1 0
query1234 2.37 69% 0 70392 1.00 1.00 2 2 STAR 11 11 1 1 1 1 2 1 1 1 1 1 0 1 1 1 1 2 1 1 1 1 1 0
query13851 2.42 71% 0 71544 1.00 1.00 5 5 STAR 14 12 4 1 1 1 1 1 1 1 2 1 0 2 1 1 1 1 1 1 1 2 1 0
query1998 2.45 66% 0 70252 1.00 1.00 2 2 STAR 11 11 2 1 1 1 1 1 1 1 1 1 0 2 1 1 1 1 1 1 1 1 1 0
query10473 2.49 65% 0 71252 1.00 1.00 4 4 STAR 16 11 1 1 1 1 1 1 1 1 7 1 0 1 1 1 1 1 1 1 1 2 1 0
query4639 2.49 67% 0 72068 1.00 1.00 11 2 STAR 12 12 1 1 1 1 2 1 1 1 2 1 0 1 1 1 1 2 1 1 1 2 1 0
query13347 2.97 66% 0 71360 1.00 1.00 5 5 STAR 12 12 2 1 1 1 1 2 1 1 1 1 0 2 1 1 1 1 2 1 1 1 1 0
query18333 2.93 69% 0 72072 1.00 1.00 6 6 STAR 12 12 2 1 1 1 1 2 1 1 1 1 0 2 1 1 1 1 2 1 1 1 1 0
query12522 3.51 70% 0 72132 1.00 1.00 22 4 STAR 13 13 1 2 1 1 2 1 2 1 1 1 0 1 2 1 1 2 1 2 1 1 1 0
query15940 2.98 71% 0 72820 1.00 1.00 10 5 STAR 26 15 1 1 9 1 9 1 1 1 1 1 0 1 1 5 1 2 1 1 1 1 1 0
query6915 2.13 77% 0 71976 1.00 1.00 8 3 STAR 12 12 1 1 2 1 1 2 1 1 1 1 0 1 1 2 1 1 2 1 1 1 1 0
query14306 2.80 67% 0 72824 1.00 1.00 5 5 STAR 14 13 3 1 1 1 1 1 1 1 3 1 0 3 1 1 1 1 1 1 1 2 1 0
query16448 1.41 76% 0 72800 1.00 1.00 6 6 STAR 15 16 6 1 1 1 1 1 1 1 1 1 0 2 1 1 1 1 6 1 1 1 1 0
query4172 1.32 76% 0 70744 1.00 1.00 2 2 STAR 11 11 1 1 1 1 2 1 1 1 1 1 0 1 1 1 1 2 1 1 1 1 1 0
query16150 1.38 77% 0 72260 1.00 1.00 10 5 STAR 12 12 1 1 1 1 2 2 1 1 1 1 0 1 1 1 1 2 2 1 1 1 1 0
query72 1.21 75% 0 70440 1.00 1.00 2 2 PATH 19 11 1 1 1 1 1 1 1 1 10 1 0 1 1 1 1 1 1 1 1 2 1 0
query11892 1.34 77% 0 72332 1.00 1.00 4 4 STAR 11 12 1 1 1 1 2 1 1 1 1 1 0 1 1 1 1 2 1 1 1 2 1 0
query7711 1.90 82% 0 72200 1.00 1.00 8 3 STAR 12 12 1 1 1 1 2 2 1 1 1 1 0 1 1 1 1 2 2 1 1 1 1 0
query4095 2.95 64% 0 70696 1.00 1.00 2 2 STAR 11 11 1 1 1 1 2 1 1 1 1 1 0 1 1 1 1 2 1 1 1 1 1 0
query19116 1.40 74% 0 73236 1.00 1.00 12 7 STAR 19 16 1 1 4 1 4 1 1 1 4 1 0 1 1 3 1 4 1 1 1 2 1 0
query17425 1.83 77% 0 72624 1.00 1.00 6 6 STAR 14 14 4 1 1 1 1 2 1 1 1 1 0 2 1 1 1 1 4 1 1 1 1 0
query21338 3.81 75% 0 83756 1.00 1.00 13 8 STAR 150 47 29 1 1 1 1 1 1 1 57 57 0 2 1 1 1 1 1 1 1 29 9 0
query3944 1.44 71% 0 71584 1.00 1.00 2 2 STAR 11 11 1 1 1 1 2 1 1 1 1 1 0 1 1 1 1 2 1 1 1 1 1 0
query19291 2.48 69% 0 72652 1.00 1.00 7 7 STAR 15 12 2 1 1 1 1 1 1 1 5 1 0 2 1 1 1 1 1 1 1 2 1 0
query18788 1.68 77% 0 72916 1.00 1.00 11 6 STAR 13 13 1 1 1 1 1 2 1 1 2 2 0 1 1 1 1 1 2 1 1 2 2 0
query5171 2.46 67% 0 71244 1.00 1.00 2 2 STAR 11 11 2 1 1 1 1 1 1 1 1 1 0 2 1 1 1 1 1 1 1 1 1 0
query18648 2.41 71% 0 72544 1.00 1.00 6 6 STAR 15 12 1 1 2 1 5 1 1 1 1 1 0 1 1 2 1 2 1 1 1 1 1 0
query19914 2.96 71% 0 73244 1.00 1.00 12 7 STAR 15 14 1 1 3 1 3 2 1 1 1 1 0 1 1 3 1 2 2 1 1 1 1 0
query2560 2.60 66% 0 70576 1.00 1.00 2 2 STAR 11 11 1 1 1 1 1 2 1 1 1 1 0 1 1 1 1 1 2 1 1 1 1 0
query7776 2.68 66% 0 72584 1.00 1.00 12 3 STAR 12 12 2 1 1 1 2 1 1 1 1 1 0 2 1 1 1 2 1 1 1 1 1 0
query15304 2.86 63% 0 70456 1.00 1.00 5 5 STAR 12 11 3 1 1 1 1 1 1 1 1 1 0 2 1 1 1 1 1 1 1 1 1 0
query5449 1.31 79% 0 72180 1.00 1.00 11 2 STAR 16 13 1 1 1 1 1 1 1 1 4 4 0 1 1 1 1 1 1 1 1 2 3 0
query14979 1.39 81% 0 73268 1.00 1.00 23 5 STAR 13 14 1 2 2 1 1 1 1 1 2 1 0 1 2 2 1 1 2 1 1 2 1 0
query3149 2.50 64% 0 71404 1.00 1.00 2 2 STAR 11 11 2 1 1 1 1 1 1 1 1 1 0 2 1 1 1 1 1 1 1 1 1 0
query9291 2.34 72% 0 72856 1.00 1.00 21 3 STAR 13 13 1 2 1 1 1 1 2 1 2 1 0 1 2 1 1 1 1 2 1 2 1 0
query19719 2.49 77% 0 71464 1.00 1.00 7 7 STAR 80 11 71 1 1 1 1 1 1 1 1 1 0 2 1 1 1 1 1 1 1 1 1 0
query2319 2.44 67% 0 70264 1.00 1.00 2 2 STAR 19 11 10 1 1 1 1 1 1 1 1 1 0 2 1 1 1 1 1 1 1 1 1 0
query14875 2.13 84% 0 73176 1.00 1.00 19 5 STAR 28 17 4 1 1 1 1 4 1 1 7 7 0 3 1 1 1 1 2 1 1 2 4 0
query1504 1.90 80% 0 70592 1.00 1.00 2 2 STAR 11 11 2 1 1 1 1 1 1 1 1 1 0 2 1 1 1 1 1 1 1 1 1 0
query9623 2.42 70% 0 72244 1.00 1.00 12 3 STAR 12 12 1 1 1 1 2 2 1 1 1 1 0 1 1 1 1 2 2 1 1 1 1 0
query9928 2.48 76% 0 72280 1.00 1.00 9 4 STAR 15 15 1 1 1 1 1 3 1 1 2 3 0 1 1 1 1 1 3 1 1 3 2 0
query17844 2.75 70% 0 72796 1.00 1.00 6 6 STAR 18 13 3 1 1 1 1 1 1 1 7 1 0 2 1 1 1 1 1 1 1 3 1 0
query20504 1.39 75% 0 71920 1.00 1.00 7 7 STAR 11 12 1 1 1 1 2 1 1 1 1 1 0 1 1 1 1 2 1 1 1 2 1 0
query11406 2.68 69% 0 71916 1.00 1.00 4 4 STAR 17 14 1 1 1 1 5 1 1 1 4 1 0 1 1 1 1 4 1 1 1 2 1 0
query9768 1.86 80% 0 71320 1.00 1.00 3 3 STAR 11 11 2 1 1 1 1 1 1 1 1 1 0 2 1 1 1 1 1 1 1 1 1 0
query2243 2.44 68% 0 72036 1.00 1.00 11 2 STAR 11 12 1 2 1 1 1 1 1 1 1 1 0 1 2 1 1 1 2 1 1 1 1 0
query17880 2.44 69% 0 72352 1.00 1.00 6 6 STAR 12 12 2 1 1 1 2 1 1 1 1 1 0 2 1 1 1 2 1 1 1 1 1 0
query5933 2.35 69% 0 70904 1.00 1.00 3 3 PATH 11 11 2 1 1 1 1 1 1 1 1 1 0 2 1 1 1 1 1 1 1 1 1 0
query1557 1.34 76% 0 71672 1.00 1.00 2 2 STAR 11 11 1 1 1 1 1 2 1 1 1 1 0 1 1 1 1 1 2 1 1 1 1 0
query22059 2.79 67% 0 72872 1.00 1.00 8 8 STAR 14 13 3 1 1 1 1 3 1 1 1 1 0 2 1 1 1 1 3 1 1 1 1 0
query695 2.34 69% 0 71388 1.00 1.00 2 2 PATH 12 11 1 1 1 1 1 1 1 1 3 1 0 1 1 1 1 1 1 1 1 2 1 0
query364 1.29 75% 0 70396 1.00 1.00 2 2 PATH 11 11 1 1 1 1 1 1 1 1 2 1 0 1 1 1 1 1 1 1 1 2 1 0
query2114 2.64 65% 0 70792 1.00 1.00 2 2 STAR 11 11 2 1 1 1 1 1 1 1 1 1 0 2 1 1 1 1 1 1 1 1 1 0
query19478 2.68 67% 0 71764 1.00 1.00 7 7 STAR 12 12 1 1 1 1 2 2 1 1 1 1 0 1 1 1 1 2 2 1 1 1 1 0
query20761 1.41 76% 0 72980 1.00 1.00 8 8 STAR 14 14 4 1 1 1 2 1 1 1 1 1 0 2 1 1 1 4 1 1 1 1 1 0
query19064 2.66 65% 0 72116 1.00 1.00 7 7 STAR 13 12 1 1 1 1 3 2 1 1 1 1 0 1 1 1 1 2 2 1 1 1 1 0
query15334 2.58 73% 0 72104 1.00 1.00 5 5 STAR 13 12 1 1 1 1 3 2 1 1 1 1 0 1 1 1 1 2 2 1 1 1 1 0
query3318 1.41 81% 0 71664 1.00 1.00 11 2 STAR 12 12 1 1 1 1 2 1 1 1 2 1 0 1 1 1 1 2 1 1 1 2 1 0
query2580 1.37 74% 0 71116 1.00 1.00 2 2 STAR 11 11 1 1 1 1 1 2 1 1 1 1 0 1 1 1 1 1 2 1 1 1 1 0
query6688 2.06 81% 0 71972 1.00 1.00 12 3 STAR 12 12 1 1 1 1 1 1 2 1 2 1 0 1 1 1 1 1 1 2 1 2 1 0
query17678 1.32 77% 0 73156 1.00 1.00 6 6 STAR 25 14 13 1 1 1 1 1 1 1 4 1 0 4 1 1 1 1 1 1 1 2 1 0
query15891 1.42 73% 0 71540 1.00 1.00 5 5 STAR 11 11 2 1 1 1 1 1 1 1 1 1 0 2 1 1 1 1 1 1 1 1 1 0
query3631 1.78 56% 0 70644 1.00 1.00 2 2 STAR 11 11 2 1 1 1 1 1 1 1 1 1 0 2 1 1 1 1 1 1 1 1 1 0
query19644 2.75 66% 0 72996 1.00 1.00 7 7 STAR 16 14 4 1 1 1 1 1 1 1 4 1 0 4 1 1 1 1 1 1 1 2 1 0
query5177 2.15 70% 0 71572 1.00 1.00 2 2 STAR 11 11 2 1 1 1 1 1 1 1 1 1 0 2 1 1 1 1 1 1 1 1 1 0
query11785 1.36 76% 0 72344 1.00 1.00 4 4 STAR 13 13 3 1 1 1 1 1 1 1 2 1 0 2 1 1 1 1 1 1 1 3 1 0
query11571 1.49 75% 0 72516 1.00 1.00 9 4 STAR 12 12 1 1 1 1 1 2 1 1 2 1 0 1 1 1 1 1 2 1 1 2 1 0
query18456 1.33 77% 0 73220 1.00 1.00 6 6 STAR 12 13 3 1 1 1 1 1 1 1 1 1 0 2 1 1 1 1 3 1 1 1 1 0
query3054 2.84 67% 0 71180 1.00 1.00 2 2 STAR 11 11 1 1 1 1 1 2 1 1 1 1 0 1 1 1 1 1 2 1 1 1 1 0
query18359 1.36 75% 0 72868 1.00 1.00 6 6 STAR 12 12 2 1 1 1 1 2 1 1 1 1 0 2 1 1 1 1 2 1 1 1 1 0
query16869 2.61 66% 0 71552 1.00 1.00 6 6 STAR 12 11 3 1 1 1 1 1 1 1 1 1 0 2 1 1 1 1 1 1 1 1 1 0
query4469 1.35 74% 0 70312 1.00 1.00 2 2 STAR 11 11 2 1 1 1 1 1 1 1 1 1 0 2 1 1 1 1 1 1 1 1 1 0
query12773 1.38 76% 0 72324 1.00 1.00 4 4 STAR 16 15 5 1 1 1 1 1 1 1 3 1 0 2 1 1 1 1 1 1 1 5 1 0
query9994 2.70 66% 0 72440 1.00 1.00 9 4 STAR 11 12 1 1 1 1 1 2 1 1 1 1 0 1 1 1 1 1 2 1 1 2 1 0
query20413 1.38 74% 0 73084 1.00 1.00 12 7 STAR 12 13 2 1 1 1 1 1 1 1 1 2 0 2 1 1 1 1 1 1 1 2 2 0
