query4116 2.79 65% 0 71416 1.00 1.00 2 2 STAR 12 12 1 1 1 2 1 1 2 1 1 1 0 1 1 1 2 1 1 2 1 1 1 0
query874 2.77 65% 0 72056 1.00 1.00 2 2 PATH 12 12 1 1 2 1 1 1 1 1 2 1 0 1 1 2 1 1 1 1 1 2 1 0
query13704 3.31 68% 0 74144 1.00 1.00 5 5 STAR 26 19 1 1 1 1 9 1 1 1 9 1 0 1 1 1 1 2 1 1 1 9 1 0
query2043 3.11 55% 0 70548 1.00 1.00 2 2 STAR 11 11 2 1 1 1 1 1 1 1 1 1 0 2 1 1 1 1 1 1 1 1 1 0
query6739 2.75 65% 0 72072 1.00 1.00 3 3 STAR 11 12 1 1 1 1 1 2 1 1 1 1 0 1 1 1 1 1 2 1 1 2 1 0
query3156 2.72 64% 0 70436 1.00 1.00 2 2 STAR 11 11 2 1 1 1 1 1 1 1 1 1 0 2 1 1 1 1 1 1 1 1 1 0
query4038 2.32 71% 0 70932 1.00 1.00 2 2 STAR 12 11 3 1 1 1 1 1 1 1 1 1 0 2 1 1 1 1 1 1 1 1 1 0
query14504 2.55 67% 0 72024 1.00 1.00 5 5 STAR 14 13 1 1 1 1 3 1 1 1 1 3 0 1 1 1 1 3 1 1 1 1 2 0
query3079 2.65 65% 0 71648 1.00 1.00 2 2 STAR 11 11 1 1 1 1 1 2 1 1 1 1 0 1 1 1 1 1 2 1 1 1 1 0
query12295 2.46 69% 0 72844 1.00 1.00 4 4 STAR 12 12 2 1 1 1 1 1 1 1 2 1 0 2 1 1 1 1 1 1 1 2 1 0
query18247 2.82 66% 0 72844 1.00 1.00 6 6 STAR 21 15 1 1 1 1 2 6 1 1 6 1 0 1 1 1 1 2 4 1 1 2 1 0
query3826 2.73 64% 0 71724 1.00 1.00 2 2 STAR 11 11 2 1 1 1 1 1 1 1 1 1 0 2 1 1 1 1 1 1 1 1 1 0
query3722 2.27 94% 0 72052 1.00 1.00 2 2 STAR 11 12 1 1 1 1 1 1 1 1 2 1 0 1 1 1 1 2 1 1 1 2 1 0
query1312 2.39 63% 0 72740 1.00 1.00 2 2 STAR 11 12 1 1 1 1 1 1 1 1 2 1 0 1 1 1 1 1 2 1 1 2 1 0
query7880 2.65 69% 0 72348 1.00 1.00 3 3 STAR 12 13 1 1 1 1 1 1 1 1 3 1 0 1 1 1 1 1 3 1 1 2 1 0
query9993 1.96 85% 0 71700 1.00 1.00 4 4 STAR 16 13 1 1 1 1 1 4 1 1 4 1 0 1 1 1 1 1 3 1 1 2 1 0
query1599 2.41 70% 0 72488 1.00 1.00 2 2 STAR 12 12 1 1 2 1 1 1 1 1 2 1 0 1 1 2 1 1 1 1 1 2 1 0
query11044 2.40 71% 0 71820 1.00 1.00 4 4 STAR 13 13 1 1 2 1 1 2 1 1 1 2 0 1 1 2 1 1 2 1 1 1 2 0
query19654 2.40 71% 0 71964 1.00 1.00 7 7 STAR 14 13 3 1 1 1 1 1 1 1 3 1 0 3 1 1 1 1 1 1 1 2 1 0
query4983 2.54 66% 0 71876 1.00 1.00 2 2 STAR 11 12 1 1 1 1 1 1 1 1 2 1 0 1 1 2 1 1 1 1 1 2 1 0
query16149 3.09 77% 0 72880 1.00 1.00 5 5 STAR 11 12 1 1 1 1 2 1 1 1 1 1 0 1 1 1 1 2 2 1 1 1 1 0
query3343 2.43 67% 0 70908 1.00 1.00 2 2 STAR 11 11 2 1 1 1 1 1 1 1 1 1 0 2 1 1 1 1 1 1 1 1 1 0
query21022 2.43 70% 0 73416 1.00 1.00 8 8 STAR 15 12 5 1 1 1 2 1 1 1 1 1 0 2 1 1 1 2 1 1 1 1 1 0
query7047 2.67 64% 0 71256 1.00 1.00 3 3 STAR 12 11 3 1 1 1 1 1 1 1 1 1 0 2 1 1 1 1 1 1 1 1 1 0
query19870 2.82 66% 0 72600 1.00 1.00 7 7 STAR 16 14 4 1 1 1 1 4 1 1 1 1 0 2 1 1 1 1 4 1 1 1 1 0
query5666 1.88 81% 0 70652 1.00 1.00 2 2 STAR 11 11 1 1 1 1 1 2 1 1 1 1 0 1 1 1 1 1 2 1 1 1 1 0
query1234 1.85 80% 0 70868 1.00 1.00 2 2 STAR 11 11 1 1 1 1 2 1 1 1 1 1 0 1 1 1 1 2 1 1 1 1 1 0
query13851 2.70 67% 0 72772 1.00 1.00 5 5 STAR 14 12 4 1 1 1 1 1 1 1 2 1 0 2 1 1 1 1 1 1 1 2 1 0
query1998 2.83 65% 0 70196 1.00 1.00 2 2 STAR 11 11 2 1 1 1 1 1 1 1 1 1 0 2 1 1 1 1 1 1 1 1 1 0
query10473 3.22 75% 0 71540 1.00 1.00 4 4 STAR 16 11 1 1 1 1 1 1 1 1 7 1 0 1 1 1 1 1 1 1 1 2 1 0
query4639 2.50 69% 0 71940 1.00 1.00 2 2 STAR 12 12 1 1 1 1 1 1 1 1 2 2 0 1 1 1 1 1 1 1 1 2 2 0
query13347 2.66 67% 0 71520 1.00 1.00 5 5 STAR 12 12 2 1 1 1 1 2 1 1 1 1 0 2 1 1 1 1 2 1 1 1 1 0
query18333 1.64 81% 0 72580 1.00 1.00 6 6 STAR 12 12 2 1 1 1 1 2 1 1 1 1 0 2 1 1 1 1 2 1 1 1 1 0
query12522 2.63 66% 0 72144 1.00 1.00 4 4 STAR 12 13 1 1 1 2 1 1 2 1 1 1 0 1 1 1 2 1 1 2 1 2 1 0
query15940 2.30 77% 0 72880 1.00 1.00 5 5 STAR 24 15 1 1 7 1 9 1 1 1 1 1 0 1 1 5 1 2 1 1 1 1 1 0
query6915 2.02 82% 0 72244 1.00 1.00 3 3 STAR 11 12 1 1 1 1 1 2 1 1 1 1 0 1 1 2 1 1 2 1 1 1 1 0
query14306 2.44 71% 0 72156 1.00 1.00 5 5 STAR 14 13 3 1 1 1 1 1 1 1 3 1 0 3 1 1 1 1 1 1 1 2 1 0
query16448 2.49 95% 0 73212 1.00 1.00 6 6 STAR 15 16 6 1 1 1 1 1 1 1 1 1 0 2 1 1 1 1 6 1 1 1 1 0
query4172 2.70 63% 0 70472 1.00 1.00 2 2 STAR 11 11 1 1 1 1 2 1 1 1 1 1 0 1 1 1 1 2 1 1 1 1 1 0
query16150 2.56 68% 0 72148 1.00 1.00 5 5 STAR 11 12 1 1 1 1 2 1 1 1 1 1 0 1 1 1 1 2 2 1 1 1 1 0
query72 2.53 65% 0 70836 1.00 1.00 2 2 PATH 19 11 1 1 1 1 1 1 1 1 10 1 0 1 1 1 1 1 1 1 1 2 1 0
query11892 2.71 66% 0 71464 1.00 1.00 4 4 STAR 11 12 1 1 1 1 2 1 1 1 1 1 0 1 1 1 1 2 1 1 1 2 1 0
query7711 2.11 61% 0 71452 1.00 1.00 3 3 STAR 12 12 1 1 1 1 2 2 1 1 1 1 0 1 1 1 1 2 2 1 1 1 1 0
query4095 2.90 67% 0 70880 1.00 1.00 2 2 STAR 11 11 1 1 1 1 2 1 1 1 1 1 0 1 1 1 1 2 1 1 1 1 1 0
query19116 2.45 73% 0 73484 1.00 1.00 7 7 STAR 18 16 1 1 3 1 4 1 1 1 4 1 0 1 1 3 1 4 1 1 1 2 1 0
query17425 2.49 71% 0 72204 1.00 1.00 6 6 STAR 14 14 4 1 1 1 1 2 1 1 1 1 0 2 1 1 1 1 4 1 1 1 1 0
query21338 4.23 65% 0 83616 1.00 1.00 8 8 STAR 149 47 29 1 1 1 1 1 1 1 57 56 0 2 1 1 1 1 1 1 1 29 9 0
query3944 2.78 65% 0 71192 1.00 1.00 2 2 STAR 11 11 1 1 1 1 2 1 1 1 1 1 0 1 1 1 1 2 1 1 1 1 1 0
query19291 2.71 66% 0 72744 1.00 1.00 7 7 STAR 15 12 2 1 1 1 1 1 1 1 5 1 0 2 1 1 1 1 1 1 1 2 1 0
query18788 2.95 73% 0 73032 1.00 1.00 6 6 STAR 12 13 1 1 1 1 1 2 1 1 2 1 0 1 1 1 1 1 2 1 1 2 2 0
query5171 1.83 82% 0 71120 1.00 1.00 2 2 STAR 11 11 2 1 1 1 1 1 1 1 1 1 0 2 1 1 1 1 1 1 1 1 1 0
query18648 2.70 67% 0 71592 1.00 1.00 6 6 STAR 15 12 1 1 2 1 5 1 1 1 1 1 0 1 1 2 1 2 1 1 1 1 1 0
query19914 2.41 73% 0 73344 1.00 1.00 7 7 STAR 13 14 1 1 1 1 3 2 1 1 1 1 0 1 1 3 1 2 2 1 1 1 1 0
query2560 2.67 67% 0 71448 1.00 1.00 2 2 STAR 11 11 1 1 1 1 1 2 1 1 1 1 0 1 1 1 1 1 2 1 1 1 1 0
query7776 2.43 69% 0 72148 1.00 1.00 3 3 STAR 12 12 1 1 1 1 2 2 1 1 1 1 0 1 1 1 1 2 2 1 1 1 1 0
query15304 1.99 79% 0 70964 1.00 1.00 5 5 STAR 12 11 3 1 1 1 1 1 1 1 1 1 0 2 1 1 1 1 1 1 1 1 1 0
query5449 2.44 72% 0 71880 1.00 1.00 2 2 STAR 16 13 1 1 1 1 1 1 1 1 4 4 0 1 1 1 1 1 1 1 1 2 3 0
query14979 2.43 73% 0 72164 1.00 1.00 5 5 STAR 12 14 1 1 2 2 1 1 1 1 1 1 0 1 1 2 2 1 2 1 1 2 1 0
query3149 2.95 70% 0 70552 1.00 1.00 2 2 STAR 11 11 2 1 1 1 1 1 1 1 1 1 0 2 1 1 1 1 1 1 1 1 1 0
query9291 2.51 68% 0 72032 1.00 1.00 3 3 STAR 11 13 1 1 1 1 1 1 1 1 2 1 0 1 1 1 2 1 1 2 1 2 1 0
query19719 2.73 74% 0 72244 1.00 1.00 7 7 STAR 80 11 71 1 1 1 1 1 1 1 1 1 0 2 1 1 1 1 1 1 1 1 1 0
query2319 2.74 65% 0 71596 1.00 1.00 2 2 STAR 19 11 10 1 1 1 1 1 1 1 1 1 0 2 1 1 1 1 1 1 1 1 1 0
query14875 2.75 72% 0 74192 1.00 1.00 5 5 STAR 27 17 1 1 1 1 1 6 1 1 7 7 0 1 1 1 1 1 4 1 1 2 4 0
query1504 2.84 67% 0 71340 1.00 1.00 2 2 STAR 11 11 2 1 1 1 1 1 1 1 1 1 0 2 1 1 1 1 1 1 1 1 1 0
query9623 2.38 72% 0 72644 1.00 1.00 3 3 STAR 12 12 1 1 1 1 1 2 1 1 1 2 0 1 1 1 1 1 2 1 1 1 2 0
query9928 2.32 78% 0 72300 1.00 1.00 4 4 STAR 13 15 1 1 1 1 1 1 1 1 2 3 0 1 1 1 1 1 3 1 1 3 2 0
query17844 2.06 82% 0 71852 1.00 1.00 6 6 STAR 18 13 3 1 1 1 1 1 1 1 7 1 0 2 1 1 1 1 1 1 1 3 1 0
query20504 2.76 66% 0 72932 1.00 1.00 7 7 STAR 11 12 1 1 1 1 2 1 1 1 1 1 0 1 1 1 1 2 1 1 1 2 1 0
query11406 2.89 72% 0 72848 1.00 1.00 4 4 STAR 17 14 1 1 1 1 5 1 1 1 4 1 0 1 1 1 1 4 1 1 1 2 1 0
query9768 2.65 64% 0 71048 1.00 1.00 3 3 STAR 11 11 2 1 1 1 1 1 1 1 1 1 0 2 1 1 1 1 1 1 1 1 1 0
query2243 1.85 84% 0 71336 1.00 1.00 2 2 STAR 11 12 1 1 1 2 1 1 1 1 1 1 0 1 1 1 2 1 2 1 1 1 1 0
query17880 2.63 67% 0 72896 1.00 1.00 6 6 STAR 12 12 2 1 1 1 2 1 1 1 1 1 0 2 1 1 1 2 1 1 1 1 1 0
query5933 2.53 65% 0 70300 1.00 1.00 3 3 PATH 11 11 2 1 1 1 1 1 1 1 1 1 0 2 1 1 1 1 1 1 1 1 1 0
query1557 2.92 69% 0 70364 1.00 1.00 2 2 STAR 11 11 1 1 1 1 1 2 1 1 1 1 0 1 1 1 1 1 2 1 1 1 1 0
query22059 2.63 69% 0 73276 1.00 1.00 8 8 STAR 14 13 3 1 1 1 1 3 1 1 1 1 0 2 1 1 1 1 3 1 1 1 1 0
query695 2.40 69% 0 70196 1.00 1.00 2 2 PATH 12 11 1 1 1 1 1 1 1 1 3 1 0 1 1 1 1 1 1 1 1 2 1 0
query364 2.36 68% 0 71680 1.00 1.00 2 2 PATH 11 11 1 1 1 1 1 1 1 1 2 1 0 1 1 1 1 1 1 1 1 2 1 0
query2114 2.38 69% 0 70996 1.00 1.00 2 2 STAR 11 11 2 1 1 1 1 1 1 1 1 1 0 2 1 1 1 1 1 1 1 1 1 0
query19478 2.27 75% 0 72380 1.00 1.00 7 7 STAR 12 12 1 1 1 1 2 2 1 1 1 1 0 1 1 1 1 2 2 1 1 1 1 0
query20761 2.95 69% 0 73048 1.00 1.00 8 8 STAR 14 14 4 1 1 1 2 1 1 1 1 1 0 2 1 1 1 4 1 1 1 1 1 0
query19064 2.67 68% 0 71692 1.00 1.00 7 7 STAR 13 12 1 1 1 1 3 2 1 1 1 1 0 1 1 1 1 2 2 1 1 1 1 0
query15334 2.38 71% 0 72072 1.00 1.00 5 5 STAR 13 12 1 1 1 1 3 2 1 1 1 1 0 1 1 1 1 2 2 1 1 1 1 0
query3318 2.77 67% 0 71756 1.00 1.00 2 2 STAR 12 12 1 1 1 1 1 2 1 1 2 1 0 1 1 1 1 1 2 1 1 2 1 0
query2580 2.57 66% 0 71040 1.00 1.00 2 2 STAR 11 11 1 1 1 1 1 2 1 1 1 1 0 1 1 1 1 1 2 1 1 1 1 0
query6688 2.59 68% 0 72040 1.00 1.00 3 3 STAR 11 12 1 1 1 1 1 1 2 1 1 1 0 1 1 1 1 1 1 2 1 2 1 0
query17678 2.58 69% 0 72760 1.00 1.00 6 6 STAR 25 14 13 1 1 1 1 1 1 1 4 1 0 4 1 1 1 1 1 1 1 2 1 0
query15891 1.88 82% 0 71368 1.00 1.00 5 5 STAR 11 11 2 1 1 1 1 1 1 1 1 1 0 2 1 1 1 1 1 1 1 1 1 0
query3631 2.65 64% 0 70396 1.00 1.00 2 2 STAR 11 11 2 1 1 1 1 1 1 1 1 1 0 2 1 1 1 1 1 1 1 1 1 0
query19644 2.71 70% 0 71944 1.00 1.00 7 7 STAR 16 14 4 1 1 1 1 1 1 1 4 1 0 4 1 1 1 1 1 1 1 2 1 0
query5177 2.40 57% 0 70300 1.00 1.00 2 2 STAR 11 11 2 1 1 1 1 1 1 1 1 1 0 2 1 1 1 1 1 1 1 1 1 0
query11785 2.47 72% 0 72560 1.00 1.00 4 4 STAR 13 13 3 1 1 1 1 1 1 1 2 1 0 2 1 1 1 1 1 1 1 3 1 0
query11571 1.90 81% 0 72548 1.00 1.00 4 4 STAR 11 12 1 1 1 1 1 2 1 1 1 1 0 1 1 1 1 1 2 1 1 2 1 0
query18456 2.71 67% 0 73044 1.00 1.00 6 6 STAR 12 13 3 1 1 1 1 1 1 1 1 1 0 2 1 1 1 1 3 1 1 1 1 0
query3054 2.40 68% 0 70536 1.00 1.00 2 2 STAR 11 11 1 1 1 1 1 2 1 1 1 1 0 1 1 1 1 1 2 1 1 1 1 0
query18359 2.87 70% 0 72032 1.00 1.00 6 6 STAR 12 12 2 1 1 1 1 2 1 1 1 1 0 2 1 1 1 1 2 1 1 1 1 0
query16869 2.66 64% 0 70784 1.00 1.00 6 6 STAR 12 11 3 1 1 1 1 1 1 1 1 1 0 2 1 1 1 1 1 1 1 1 1 0
query4469 2.65 65% 0 70276 1.00 1.00 2 2 STAR 11 11 2 1 1 1 1 1 1 1 1 1 0 2 1 1 1 1 1 1 1 1 1 0
query12773 2.91 73% 0 72060 1.00 1.00 4 4 STAR 16 15 5 1 1 1 1 1 1 1 3 1 0 2 1 1 1 1 1 1 1 5 1 0
query9994 3.08 78% 0 72120 1.00 1.00 4 4 STAR 11 12 1 1 1 1 1 2 1 1 1 1 0 1 1 1 1 1 2 1 1 2 1 0
query20413 2.78 67% 0 72592 1.00 1.00 7 7 STAR 11 13 2 1 1 1 1 1 1 1 1 1 0 2 1 1 1 1 1 1 1 2 2 0
