query4116 4.41 42% 0 66872 1.00 1.00 5 2 STAR 16 38 0 1 1 1 3 3 1 2 1 2 1 0 3 3 3 5 5 3 4 3 4 5
query874 2.46 76% 0 66408 1.00 1.00 4 2 PATH 16 36 0 1 2 1 1 2 1 1 3 1 3 0 3 4 3 3 4 3 3 5 3 5
query13704 4.37 190% 0 138616 1.00 1.00 28 5 STAR 500 296 0 62 139 1 1 124 123 1 1 1 47 0 42 40 19 6 33 42 41 27 19 27
query2043 2.39 85% 0 67796 1.00 1.00 9 2 STAR 12 44 0 1 1 1 1 1 1 1 2 1 2 0 5 5 5 3 3 3 5 4 5 6
query6739 2.57 104% 0 77728 1.00 1.00 13 3 STAR 22 60 0 1 4 1 1 4 3 1 1 1 5 0 6 7 5 4 8 8 4 6 5 7
query3156 2.66 77% 0 66548 1.00 1.00 4 2 STAR 16 36 0 2 1 1 1 3 1 1 1 1 4 0 4 3 3 3 5 3 3 3 3 6
query4038 2.34 83% 0 66116 1.00 1.00 4 2 STAR 20 36 0 1 5 1 1 1 1 1 2 1 6 0 3 5 3 3 3 3 3 4 3 6
query14504 3.01 129% 0 90952 1.00 1.00 14 5 STAR 328 107 0 114 91 1 1 10 23 1 1 1 85 0 24 16 6 6 11 13 6 6 6 13
query3079 2.48 76% 0 65540 1.00 1.00 4 2 STAR 12 34 0 1 1 1 1 2 1 1 1 1 2 0 3 3 3 3 4 3 3 3 3 6
query12295 2.95 118% 0 83320 1.00 1.00 19 4 STAR 36 90 0 1 6 1 1 9 5 1 1 1 10 0 9 12 9 5 13 11 9 5 7 10
query18247 3.65 118% 0 88192 1.00 1.00 12 6 STAR 232 105 0 2 38 1 1 73 5 1 1 1 109 0 8 14 7 7 18 9 7 7 7 21
query3826 2.20 86% 0 66000 1.00 1.00 4 2 STAR 16 36 0 1 3 1 1 2 1 1 1 1 4 0 3 5 3 3 4 3 3 3 3 6
query3722 1.32 85% 0 65396 1.00 1.00 4 2 STAR 12 34 0 1 2 1 1 2 1 1 1 1 1 0 3 4 3 3 4 5 3 3 3 3
query1312 2.23 84% 0 65948 1.00 1.00 4 2 STAR 12 34 0 1 2 1 1 1 2 1 1 1 1 0 3 4 3 3 5 4 3 3 3 3
query7880 2.19 97% 0 67576 1.00 1.00 6 3 STAR 14 44 0 1 3 1 1 1 1 1 1 1 3 0 4 6 4 4 5 4 4 4 4 5
query9993 1.57 107% 0 82344 1.00 1.00 8 4 STAR 96 78 0 1 32 1 1 37 2 1 1 1 19 0 5 14 5 5 16 6 5 5 5 12
query1599 2.83 82% 0 66540 1.00 1.00 4 2 STAR 16 36 0 1 2 1 1 1 2 1 3 1 3 0 3 4 3 3 3 4 3 5 3 5
query11044 2.73 123% 0 83544 1.00 1.00 23 4 STAR 36 96 0 8 3 1 1 6 8 1 2 1 5 0 11 12 6 5 12 10 12 11 8 9
query19654 3.08 115% 0 86828 1.00 1.00 14 7 STAR 98 109 0 1 19 1 1 29 5 1 1 1 39 0 8 16 8 8 16 11 8 9 8 17
query4983 2.63 73% 0 65340 1.00 1.00 4 2 STAR 12 34 0 1 2 1 1 2 1 1 1 1 1 0 3 4 3 3 4 3 3 5 3 3
query16149 2.40 133% 0 74620 1.00 1.00 10 5 STAR 22 73 0 1 3 1 1 4 4 1 1 1 5 0 6 8 6 6 7 13 6 6 6 9
query3343 2.20 86% 0 65344 1.00 1.00 4 2 STAR 12 34 0 1 1 1 1 1 2 1 1 1 2 0 3 3 3 3 5 4 3 3 3 4
query21022 3.79 172% 0 122748 1.00 1.00 16 8 STAR 994 212 0 16 13 1 1 32 334 1 125 1 470 0 14 14 9 9 16 50 9 22 9 60
query7047 2.37 112% 0 77628 1.00 1.00 10 3 STAR 38 66 0 5 1 1 1 1 11 1 1 1 15 0 10 6 6 4 4 9 8 4 4 11
query19870 3.67 184% 0 116432 1.00 1.00 30 7 STAR 618 244 0 16 91 1 1 190 192 1 1 1 124 0 27 37 21 8 38 37 14 15 16 31
query5666 2.36 79% 0 66460 1.00 1.00 4 2 STAR 16 36 0 1 2 1 1 4 1 1 1 1 3 0 3 4 3 3 6 3 3 3 3 5
query1234 2.24 82% 0 65956 1.00 1.00 4 2 STAR 12 33 0 1 2 1 1 1 2 1 1 1 1 0 3 4 3 3 3 4 3 3 3 4
query13851 2.51 104% 0 74360 1.00 1.00 10 5 STAR 16 71 0 1 2 1 1 3 2 1 1 1 3 0 6 7 6 6 9 11 6 6 6 8
query1998 2.69 80% 0 66760 1.00 1.00 9 2 STAR 12 40 0 1 1 1 1 1 1 1 2 1 2 0 5 3 3 3 3 3 5 4 5 6
query10473 2.41 138% 0 79592 1.00 1.00 8 4 STAR 106 65 0 1 49 1 1 2 6 1 1 1 43 0 5 13 5 5 6 8 5 5 5 8
query4639 2.78 89% 0 69544 1.00 1.00 8 2 STAR 16 44 0 3 2 1 1 2 3 1 1 1 1 0 5 6 3 3 6 5 5 5 3 3
query13347 2.57 123% 0 82968 1.00 1.00 22 5 STAR 22 88 0 1 4 1 1 2 3 1 1 1 7 0 9 10 9 6 11 9 8 7 7 12
query18333 3.10 118% 0 83724 1.00 1.00 12 6 STAR 64 99 0 1 5 1 1 23 3 1 2 1 26 0 7 9 7 7 18 9 7 8 7 20
query12522 2.66 118% 0 82276 1.00 1.00 17 4 STAR 36 84 0 3 7 1 4 2 7 5 1 5 1 0 7 7 5 10 10 11 9 5 11 9
query15940 1.36 109% 0 75220 1.00 1.00 10 5 STAR 34 75 0 1 5 1 1 1 7 1 7 1 9 0 6 8 6 6 6 11 6 9 6 11
query6915 1.71 108% 0 67580 1.00 1.00 6 3 STAR 12 44 0 1 1 1 1 2 1 1 1 1 2 0 4 4 4 4 6 4 4 5 4 5
query14306 2.98 110% 0 83688 1.00 1.00 10 5 STAR 132 99 0 1 34 1 1 36 17 1 9 1 31 0 6 13 6 6 15 12 6 10 6 19
query16448 3.63 126% 0 105368 1.00 1.00 23 6 STAR 454 162 0 1 35 1 1 184 67 1 1 1 162 0 11 23 13 7 30 20 9 11 9 29
query4172 2.58 72% 0 66076 1.00 1.00 4 2 STAR 16 36 0 2 1 1 1 1 4 1 1 1 3 0 4 3 3 3 3 6 3 3 3 5
query16150 3.05 96% 0 82696 1.00 1.00 10 5 STAR 60 85 0 4 10 1 1 13 14 1 1 1 14 0 7 11 6 6 10 14 6 6 6 13
query72 2.28 94% 0 69104 1.00 1.00 4 2 PATH 130 43 0 1 61 1 1 10 1 1 1 1 52 0 3 9 3 3 4 3 3 3 3 9
query11892 1.23 109% 0 73848 1.00 1.00 8 4 STAR 22 61 0 2 4 1 1 1 7 1 1 1 3 0 6 9 5 5 5 9 5 5 5 7
query7711 2.35 91% 0 68532 1.00 1.00 6 3 STAR 22 49 0 1 2 1 1 3 5 1 1 1 6 0 4 5 4 4 6 6 4 4 4 8
query4095 2.59 78% 0 67024 1.00 1.00 8 2 STAR 12 40 0 2 1 1 1 1 2 1 1 1 1 0 4 3 5 3 5 6 5 3 3 3
query19116 3.17 124% 0 91084 1.00 1.00 14 7 STAR 252 123 0 3 117 1 1 2 85 1 1 1 40 0 10 24 8 8 9 24 8 8 8 16
query17425 3.02 135% 0 105916 1.00 1.00 22 6 STAR 184 185 0 1 4 1 1 27 69 1 6 1 73 0 13 35 13 7 19 33 20 10 7 28
query21338 11.44 115% 0 330140 1.00 1.00 16 8 STAR 18188 1123 0 673 8073 1 1 5386 1013 1 3 1 3036 0 57 467 9 9 373 66 9 11 9 113
query3944 2.33 76% 0 66468 1.00 1.00 4 2 STAR 16 36 0 1 3 1 1 1 4 1 1 1 2 0 3 5 3 3 3 6 3 3 3 4
query19291 2.51 155% 0 98784 1.00 1.00 14 7 STAR 528 134 0 1 223 1 1 40 9 1 5 1 246 0 8 24 8 8 19 12 8 10 8 29
query18788 3.09 145% 0 102236 1.00 1.00 35 6 STAR 118 199 0 28 21 1 1 22 34 1 1 1 8 0 24 27 13 7 28 23 27 19 15 16
query5171 2.79 82% 0 66820 1.00 1.00 4 2 STAR 16 36 0 1 1 1 1 1 2 1 3 1 4 0 3 3 3 3 3 4 3 5 3 6
query18648 2.59 155% 0 102684 1.00 1.00 30 6 STAR 320 183 0 9 19 1 1 1 155 1 2 1 130 0 21 28 17 7 19 28 28 12 7 16
query19914 2.83 173% 0 116472 1.00 1.00 35 7 STAR 384 237 0 97 30 1 1 27 114 1 49 1 63 0 27 39 11 8 27 30 28 30 13 24
query2560 2.03 92% 0 65748 1.00 1.00 4 2 STAR 16 36 0 1 2 1 1 4 1 1 1 1 3 0 3 4 3 3 6 3 3 3 3 5
query7776 1.15 98% 0 69448 1.00 1.00 6 3 STAR 24 50 0 2 3 1 1 5 4 1 1 1 5 0 5 6 4 4 6 7 4 4 4 6
query15304 1.40 143% 0 94596 1.00 1.00 15 5 STAR 170 144 0 17 9 1 1 49 9 1 1 1 81 0 18 19 12 6 19 7 12 6 12 33
query5449 1.17 87% 0 67304 1.00 1.00 4 2 STAR 28 38 0 7 4 1 1 1 7 1 1 1 4 0 6 4 3 3 3 6 3 3 3 4
query14979 1.32 116% 0 79424 1.00 1.00 23 5 STAR 16 80 0 1 1 1 1 1 1 3 2 3 2 0 6 6 6 8 10 10 8 7 8 11
query3149 1.25 83% 0 66368 1.00 1.00 4 2 STAR 16 36 0 2 1 1 1 3 1 1 1 1 4 0 4 3 3 3 5 3 3 3 3 6
query9291 1.26 92% 0 68676 1.00 1.00 11 3 STAR 12 56 0 1 2 1 1 1 2 1 1 1 1 0 4 5 4 8 6 7 6 4 4 8
query19719 12.01 151% 0 330264 1.00 1.00 31 7 STAR 15892 2685 0 63 1110 1 1 6721 51 1 1 1 7942 0 340 335 328 8 482 38 313 21 320 500
query2319 2.84 99% 0 75520 1.00 1.00 5 2 STAR 121 48 0 1 34 1 1 1 23 2 1 1 56 0 3 11 3 3 3 4 4 3 3 11
query14875 3.28 201% 0 120732 1.00 1.00 29 5 STAR 366 253 0 47 122 1 1 35 145 1 1 1 12 0 35 36 21 6 35 32 35 20 16 17
query1504 2.26 80% 0 65236 1.00 1.00 4 2 STAR 12 34 0 1 1 1 1 1 1 1 2 1 2 0 3 3 3 3 3 3 3 4 3 6
query9623 2.53 92% 0 68436 1.00 1.00 6 3 STAR 16 47 0 2 1 1 1 3 2 1 1 1 3 0 5 5 4 4 6 5 4 4 4 6
query9928 2.75 119% 0 84304 1.00 1.00 17 4 STAR 50 91 0 3 16 1 1 4 10 1 1 1 12 0 10 15 10 5 10 9 9 5 6 12
query17844 3.44 222% 0 138080 1.00 1.00 33 6 STAR 644 312 0 1 296 1 1 85 204 1 21 1 33 0 39 44 32 7 43 42 38 23 18 26
query20504 3.07 136% 0 92344 1.00 1.00 14 7 STAR 202 129 0 2 91 1 1 13 61 1 1 1 30 0 9 30 8 8 12 22 8 8 8 16
query11406 2.91 150% 0 93892 1.00 1.00 18 4 STAR 126 138 0 32 20 1 1 4 56 1 1 1 9 0 18 22 11 5 18 20 20 11 5 8
query9768 2.63 89% 0 68472 1.00 1.00 6 3 STAR 16 48 0 1 1 1 1 1 2 1 3 1 4 0 4 6 4 4 4 5 4 6 4 7
query2243 2.35 77% 0 66080 1.00 1.00 4 2 STAR 12 33 0 1 1 1 1 1 1 2 1 2 1 0 3 3 3 3 4 3 4 3 4 3
query17880 2.10 138% 0 77252 1.00 1.00 12 6 STAR 24 84 0 1 2 1 1 1 6 1 3 1 7 0 9 9 7 7 8 10 7 9 7 11
query5933 2.52 110% 0 78864 1.00 1.00 11 3 PATH 24 60 0 1 2 1 1 7 1 1 1 1 8 0 6 7 6 4 8 4 6 4 6 9
query1557 2.27 80% 0 65888 1.00 1.00 4 2 STAR 12 33 0 1 1 1 1 2 1 1 1 1 2 0 3 3 3 3 5 3 3 3 3 4
query22059 2.51 140% 0 86840 1.00 1.00 16 8 STAR 40 115 0 2 1 1 1 11 5 1 1 1 16 0 10 9 9 9 19 11 9 11 9 19
query695 2.49 80% 0 66016 1.00 1.00 4 2 PATH 22 36 0 1 7 1 1 1 5 1 1 1 3 0 3 6 3 3 3 5 3 3 3 4
query364 2.46 80% 0 65972 1.00 1.00 4 2 PATH 12 34 0 1 2 1 1 1 1 1 1 1 2 0 3 6 3 3 3 3 3 3 3 4
query2114 2.45 75% 0 65388 1.00 1.00 6 2 STAR 12 34 0 1 2 1 1 1 1 1 1 1 2 0 3 4 3 3 3 3 3 3 3 6
query19478 3.08 162% 0 98244 1.00 1.00 36 7 STAR 110 177 0 2 42 1 1 6 46 1 1 1 9 0 22 25 20 8 23 24 21 9 9 16
query20761 3.69 205% 0 132836 1.00 1.00 41 8 STAR 424 323 0 26 72 1 1 5 183 1 7 1 127 0 42 47 39 9 35 47 37 21 14 32
query19064 2.71 160% 0 90620 1.00 1.00 39 7 STAR 40 140 0 1 9 1 1 6 11 1 1 1 8 0 16 18 16 8 17 18 16 8 10 13
query15334 2.37 141% 0 84764 1.00 1.00 26 5 STAR 24 100 0 1 7 1 1 6 3 1 1 1 2 0 12 12 8 6 13 12 10 10 8 9
query3318 2.66 80% 0 67092 1.00 1.00 5 2 STAR 16 38 0 1 2 1 1 3 3 1 1 1 2 0 3 6 3 3 5 5 3 3 3 4
query2580 2.67 81% 0 66436 1.00 1.00 4 2 STAR 16 36 0 1 2 1 1 4 1 1 1 1 3 0 3 4 3 3 6 3 3 3 3 5
query6688 2.39 101% 0 72248 1.00 1.00 10 3 STAR 22 56 0 2 4 1 4 3 4 1 1 1 1 0 5 6 4 7 6 5 6 4 5 8
query17678 3.02 164% 0 97044 1.00 1.00 12 6 STAR 914 136 0 1 60 1 1 52 376 1 24 1 397 0 7 20 7 7 17 23 7 13 7 28
query15891 2.77 101% 0 75384 1.00 1.00 10 5 STAR 34 76 0 4 1 1 1 4 7 1 1 1 13 0 7 8 6 6 9 8 6 6 6 14
query3631 2.39 78% 0 65732 1.00 1.00 6 2 STAR 12 34 0 1 1 1 1 1 1 1 2 1 2 0 3 3 3 3 5 3 3 4 3 4
query19644 3.23 150% 0 98676 1.00 1.00 14 7 STAR 510 146 0 1 95 1 1 161 14 1 3 1 232 0 8 25 8 8 26 13 8 10 8 32
query5177 2.31 81% 0 66364 1.00 1.00 4 2 STAR 16 36 0 1 1 1 1 1 2 1 3 1 4 0 3 3 3 3 3 4 3 5 3 6
query11785 2.48 163% 0 89980 1.00 1.00 23 4 STAR 62 120 0 1 19 1 1 7 7 1 1 1 23 0 15 15 15 5 15 14 13 7 9 12
query11571 2.37 104% 0 73464 1.00 1.00 9 4 STAR 22 63 0 1 1 1 1 7 3 1 1 1 5 0 5 7 5 5 9 7 5 5 5 10
query18456 3.10 148% 0 97648 1.00 1.00 24 6 STAR 152 156 0 7 50 1 1 15 14 1 1 1 61 0 17 23 14 7 19 18 8 13 15 22
query3054 2.48 78% 0 66520 1.00 1.00 4 2 STAR 12 34 0 1 1 1 1 2 1 1 1 1 2 0 3 3 3 3 4 3 3 3 3 6
query18359 3.01 123% 0 87540 1.00 1.00 12 6 STAR 110 106 0 1 8 1 1 42 4 1 3 1 48 0 7 10 7 7 22 8 7 9 7 22
query16869 3.21 164% 0 100148 1.00 1.00 25 6 STAR 246 173 0 5 18 1 1 33 3 1 64 1 119 0 15 29 13 7 18 20 9 19 11 32
query4469 2.28 85% 0 66356 1.00 1.00 4 2 STAR 16 36 0 1 2 1 1 3 1 1 1 1 4 0 3 4 3 3 5 3 3 3 3 6
query12773 2.25 169% 0 90476 1.00 1.00 19 4 STAR 74 126 0 1 13 1 1 9 9 1 17 1 21 0 13 19 9 5 13 14 13 15 9 16
query9994 2.85 99% 0 69592 1.00 1.00 8 4 STAR 12 56 0 1 1 1 1 2 1 1 1 1 2 0 5 6 5 5 8 5 5 5 5 7
query20413 1.89 154% 0 75552 1.00 1.00 14 7 STAR 12 90 0 1 1 1 1 2 1 1 1 1 2 0 10 8 8 8 12 10 8 9 8 9
