query4116 2.29 74% 0 72600 1.00 1.00 7 2 STAR 12 12 1 1 1 2 1 1 2 1 1 1 0 1 1 1 2 1 1 2 1 1 1 0
query874 2.43 70% 0 71384 1.00 1.00 7 2 PATH 12 12 1 1 2 1 1 1 1 1 2 1 0 1 1 2 1 1 1 1 1 2 1 0
query13704 2.98 70% 0 73524 1.00 1.00 5 5 STAR 26 19 1 1 1 1 9 1 1 1 9 1 0 1 1 1 1 2 1 1 1 9 1 0
query2043 2.72 62% 0 70892 1.00 1.00 2 2 STAR 11 11 2 1 1 1 1 1 1 1 1 1 0 2 1 1 1 1 1 1 1 1 1 0
query6739 2.36 93% 0 72500 1.00 1.00 8 3 STAR 12 12 1 1 1 1 1 2 1 1 2 1 0 1 1 1 1 1 2 1 1 2 1 0
query3156 2.61 65% 0 70780 1.00 1.00 2 2 STAR 11 11 2 1 1 1 1 1 1 1 1 1 0 2 1 1 1 1 1 1 1 1 1 0
query4038 2.73 64% 0 71336 1.00 1.00 2 2 STAR 12 11 3 1 1 1 1 1 1 1 1 1 0 2 1 1 1 1 1 1 1 1 1 0
query14504 2.41 71% 0 72008 1.00 1.00 10 5 STAR 14 13 1 1 1 1 3 1 1 1 1 3 0 1 1 1 1 3 1 1 1 1 2 0
query3079 2.42 67% 0 70740 1.00 1.00 2 2 STAR 11 11 1 1 1 1 1 2 1 1 1 1 0 1 1 1 1 1 2 1 1 1 1 0
query12295 2.36 72% 0 72100 1.00 1.00 4 4 STAR 12 12 2 1 1 1 1 1 1 1 2 1 0 2 1 1 1 1 1 1 1 2 1 0
query18247 2.89 69% 0 73148 1.00 1.00 11 6 STAR 21 15 1 1 1 1 2 6 1 1 6 1 0 1 1 1 1 2 4 1 1 2 1 0
query3826 2.61 67% 0 71840 1.00 1.00 2 2 STAR 11 11 2 1 1 1 1 1 1 1 1 1 0 2 1 1 1 1 1 1 1 1 1 0
query3722 2.62 68% 0 71892 1.00 1.00 7 2 STAR 14 12 1 1 1 1 4 1 1 1 2 1 0 1 1 1 1 2 1 1 1 2 1 0
query1312 2.37 72% 0 72232 1.00 1.00 7 2 STAR 12 12 1 1 1 1 1 2 1 1 2 1 0 1 1 1 1 1 2 1 1 2 1 0
query7880 2.58 67% 0 72372 1.00 1.00 8 3 STAR 14 13 1 1 1 1 1 3 1 1 3 1 0 1 1 1 1 1 3 1 1 2 1 0
query9993 1.95 83% 0 72232 1.00 1.00 9 4 STAR 16 13 1 1 1 1 1 4 1 1 4 1 0 1 1 1 1 1 3 1 1 2 1 0
query1599 2.60 67% 0 71348 1.00 1.00 7 2 STAR 12 12 1 1 2 1 1 1 1 1 2 1 0 1 1 2 1 1 1 1 1 2 1 0
query11044 2.78 67% 0 72596 1.00 1.00 9 4 STAR 13 13 1 1 2 1 1 2 1 1 1 2 0 1 1 2 1 1 2 1 1 1 2 0
query19654 2.00 83% 0 73164 1.00 1.00 7 7 STAR 14 13 3 1 1 1 1 1 1 1 3 1 0 3 1 1 1 1 1 1 1 2 1 0
query4983 2.37 71% 0 71340 1.00 1.00 7 2 STAR 12 12 1 1 2 1 1 1 1 1 2 1 0 1 1 2 1 1 1 1 1 2 1 0
query16149 2.40 72% 0 71808 1.00 1.00 10 5 STAR 12 12 1 1 1 1 2 2 1 1 1 1 0 1 1 1 1 2 2 1 1 1 1 0
query3343 2.57 65% 0 70572 1.00 1.00 2 2 STAR 11 11 2 1 1 1 1 1 1 1 1 1 0 2 1 1 1 1 1 1 1 1 1 0
query21022 2.94 71% 0 72452 1.00 1.00 8 8 STAR 15 12 5 1 1 1 2 1 1 1 1 1 0 2 1 1 1 2 1 1 1 1 1 0
query7047 1.93 80% 0 71444 1.00 1.00 3 3 STAR 12 11 3 1 1 1 1 1 1 1 1 1 0 2 1 1 1 1 1 1 1 1 1 0
query19870 2.70 68% 0 72232 1.00 1.00 7 7 STAR 16 14 4 1 1 1 1 4 1 1 1 1 0 2 1 1 1 1 4 1 1 1 1 0
query5666 2.46 66% 0 71512 1.00 1.00 2 2 STAR 11 11 1 1 1 1 1 2 1 1 1 1 0 1 1 1 1 1 2 1 1 1 1 0
query1234 2.33 69% 0 70772 1.00 1.00 2 2 STAR 11 11 1 1 1 1 2 1 1 1 1 1 0 1 1 1 1 2 1 1 1 1 1 0
query13851 2.47 69% 0 72044 1.00 1.00 5 5 STAR 14 12 4 1 1 1 1 1 1 1 2 1 0 2 1 1 1 1 1 1 1 2 1 0
query1998 2.84 65% 0 70276 1.00 1.00 2 2 STAR 11 11 2 1 1 1 1 1 1 1 1 1 0 2 1 1 1 1 1 1 1 1 1 0
query10473 1.25 76% 0 70876 1.00 1.00 4 4 STAR 16 11 1 1 1 1 1 1 1 1 7 1 0 1 1 1 1 1 1 1 1 2 1 0
query4639 2.23 75% 0 72052 1.00 1.00 7 2 STAR 12 12 1 1 1 1 1 1 1 1 2 2 0 1 1 1 1 1 1 1 1 2 2 0
query13347 2.53 67% 0 72276 1.00 1.00 5 5 STAR 12 12 2 1 1 1 1 2 1 1 1 1 0 2 1 1 1 1 2 1 1 1 1 0
query18333 2.41 70% 0 72132 1.00 1.00 6 6 STAR 12 12 2 1 1 1 1 2 1 1 1 1 0 2 1 1 1 1 2 1 1 1 1 0
query12522 2.60 69% 0 72124 1.00 1.00 14 4 STAR 13 13 1 1 1 2 1 1 2 1 2 1 0 1 1 1 2 1 1 2 1 2 1 0
query15940 2.48 75% 0 72912 1.00 1.00 10 5 STAR 26 15 1 1 9 1 9 1 1 1 1 1 0 1 1 5 1 2 1 1 1 1 1 0
query6915 2.70 67% 0 72024 1.00 1.00 8 3 STAR 12 12 1 1 2 1 1 2 1 1 1 1 0 1 1 2 1 1 2 1 1 1 1 0
query14306 2.65 68% 0 72500 1.00 1.00 5 5 STAR 14 13 3 1 1 1 1 1 1 1 3 1 0 3 1 1 1 1 1 1 1 2 1 0
query16448 2.50 72% 0 72500 1.00 1.00 6 6 STAR 15 16 6 1 1 1 1 1 1 1 1 1 0 2 1 1 1 1 6 1 1 1 1 0
query4172 2.30 94% 0 71492 1.00 1.00 2 2 STAR 11 11 1 1 1 1 2 1 1 1 1 1 0 1 1 1 1 2 1 1 1 1 1 0
query16150 2.77 66% 0 72232 1.00 1.00 10 5 STAR 12 12 1 1 1 1 2 2 1 1 1 1 0 1 1 1 1 2 2 1 1 1 1 0
query72 2.60 66% 0 71316 1.00 1.00 2 2 PATH 19 11 1 1 1 1 1 1 1 1 10 1 0 1 1 1 1 1 1 1 1 2 1 0
query11892 1.90 82% 0 71296 1.00 1.00 4 4 STAR 11 12 1 1 1 1 2 1 1 1 1 1 0 1 1 1 1 2 1 1 1 2 1 0
query7711 2.70 68% 0 72316 1.00 1.00 8 3 STAR 12 12 1 1 1 1 2 2 1 1 1 1 0 1 1 1 1 2 2 1 1 1 1 0
query4095 2.01 79% 0 71516 1.00 1.00 2 2 STAR 11 11 1 1 1 1 2 1 1 1 1 1 0 1 1 1 1 2 1 1 1 1 1 0
query19116 3.20 80% 0 73344 1.00 1.00 12 7 STAR 19 16 1 1 4 1 4 1 1 1 4 1 0 1 1 3 1 4 1 1 1 2 1 0
query17425 2.60 67% 0 72756 1.00 1.00 6 6 STAR 14 14 4 1 1 1 1 2 1 1 1 1 0 2 1 1 1 1 4 1 1 1 1 0
query21338 3.51 80% 0 84016 1.00 1.00 13 8 STAR 150 47 29 1 1 1 1 1 1 1 57 57 0 2 1 1 1 1 1 1 1 29 9 0
query3944 1.83 82% 0 70932 1.00 1.00 2 2 STAR 11 11 1 1 1 1 2 1 1 1 1 1 0 1 1 1 1 2 1 1 1 1 1 0
query19291 2.71 66% 0 72536 1.00 1.00 7 7 STAR 15 12 2 1 1 1 1 1 1 1 5 1 0 2 1 1 1 1 1 1 1 2 1 0
query18788 2.54 69% 0 71888 1.00 1.00 11 6 STAR 13 13 1 1 1 1 1 2 1 1 2 2 0 1 1 1 1 1 2 1 1 2 2 0
query5171 2.40 68% 0 70220 1.00 1.00 2 2 STAR 11 11 2 1 1 1 1 1 1 1 1 1 0 2 1 1 1 1 1 1 1 1 1 0
query18648 2.57 68% 0 71624 1.00 1.00 6 6 STAR 15 12 1 1 2 1 5 1 1 1 1 1 0 1 1 2 1 2 1 1 1 1 1 0
query19914 2.39 74% 0 72260 1.00 1.00 12 7 STAR 15 14 1 1 3 1 3 2 1 1 1 1 0 1 1 3 1 2 2 1 1 1 1 0
query2560 2.07 77% 0 70384 1.00 1.00 2 2 STAR 11 11 1 1 1 1 1 2 1 1 1 1 0 1 1 1 1 1 2 1 1 1 1 0
query7776 2.42 71% 0 71292 1.00 1.00 8 3 STAR 12 12 1 1 1 1 2 2 1 1 1 1 0 1 1 1 1 2 2 1 1 1 1 0
query15304 2.76 64% 0 71536 1.00 1.00 5 5 STAR 12 11 3 1 1 1 1 1 1 1 1 1 0 2 1 1 1 1 1 1 1 1 1 0
query5449 2.71 71% 0 71452 1.00 1.00 7 2 STAR 16 13 1 1 1 1 1 1 1 1 4 4 0 1 1 1 1 1 1 1 1 2 3 0
query14979 1.90 85% 0 72964 1.00 1.00 15 5 STAR 13 14 1 1 2 2 1 1 1 1 2 1 0 1 1 2 2 1 2 1 1 2 1 0
query3149 2.38 68% 0 71388 1.00 1.00 2 2 STAR 11 11 2 1 1 1 1 1 1 1 1 1 0 2 1 1 1 1 1 1 1 1 1 0
query9291 2.92 71% 0 71936 1.00 1.00 13 3 STAR 13 13 1 1 1 2 1 1 2 1 2 1 0 1 1 1 2 1 1 2 1 2 1 0
query19719 2.40 80% 0 72568 1.00 1.00 7 7 STAR 80 11 71 1 1 1 1 1 1 1 1 1 0 2 1 1 1 1 1 1 1 1 1 0
query2319 2.75 65% 0 71272 1.00 1.00 2 2 STAR 19 11 10 1 1 1 1 1 1 1 1 1 0 2 1 1 1 1 1 1 1 1 1 0
query14875 2.04 90% 0 73088 1.00 1.00 15 5 STAR 28 17 1 1 1 1 1 7 1 1 7 7 0 1 1 1 1 1 4 1 1 2 4 0
query1504 3.13 76% 0 71008 1.00 1.00 2 2 STAR 11 11 2 1 1 1 1 1 1 1 1 1 0 2 1 1 1 1 1 1 1 1 1 0
query9623 1.87 85% 0 72184 1.00 1.00 8 3 STAR 12 12 1 1 1 1 1 2 1 1 1 2 0 1 1 1 1 1 2 1 1 1 2 0
query9928 1.92 86% 0 72236 1.00 1.00 9 4 STAR 15 15 1 1 1 1 1 3 1 1 2 3 0 1 1 1 1 1 3 1 1 3 2 0
query17844 2.29 79% 0 71776 1.00 1.00 6 6 STAR 18 13 3 1 1 1 1 1 1 1 7 1 0 2 1 1 1 1 1 1 1 3 1 0
query20504 2.48 71% 0 71916 1.00 1.00 7 7 STAR 11 12 1 1 1 1 2 1 1 1 1 1 0 1 1 1 1 2 1 1 1 2 1 0
query11406 2.90 72% 0 71964 1.00 1.00 4 4 STAR 17 14 1 1 1 1 5 1 1 1 4 1 0 1 1 1 1 4 1 1 1 2 1 0
query9768 2.26 72% 0 71664 1.00 1.00 3 3 STAR 11 11 2 1 1 1 1 1 1 1 1 1 0 2 1 1 1 1 1 1 1 1 1 0
query2243 2.77 67% 0 71484 1.00 1.00 7 2 STAR 11 12 1 1 1 2 1 1 1 1 1 1 0 1 1 1 2 1 2 1 1 1 1 0
query17880 2.60 68% 0 72860 1.00 1.00 6 6 STAR 12 12 2 1 1 1 2 1 1 1 1 1 0 2 1 1 1 2 1 1 1 1 1 0
query5933 3.18 76% 0 70476 1.00 1.00 3 3 PATH 11 11 2 1 1 1 1 1 1 1 1 1 0 2 1 1 1 1 1 1 1 1 1 0
query1557 3.10 77% 0 70312 1.00 1.00 2 2 STAR 11 11 1 1 1 1 1 2 1 1 1 1 0 1 1 1 1 1 2 1 1 1 1 0
query22059 2.37 73% 0 72968 1.00 1.00 8 8 STAR 14 13 3 1 1 1 1 3 1 1 1 1 0 2 1 1 1 1 3 1 1 1 1 0
query695 2.55 66% 0 71008 1.00 1.00 2 2 PATH 12 11 1 1 1 1 1 1 1 1 3 1 0 1 1 1 1 1 1 1 1 2 1 0
query364 2.44 67% 0 71264 1.00 1.00 2 2 PATH 11 11 1 1 1 1 1 1 1 1 2 1 0 1 1 1 1 1 1 1 1 2 1 0
query2114 2.67 64% 0 70952 1.00 1.00 2 2 STAR 11 11 2 1 1 1 1 1 1 1 1 1 0 2 1 1 1 1 1 1 1 1 1 0
query19478 2.46 71% 0 71716 1.00 1.00 7 7 STAR 12 12 1 1 1 1 2 2 1 1 1 1 0 1 1 1 1 2 2 1 1 1 1 0
query20761 2.84 67% 0 72632 1.00 1.00 8 8 STAR 14 14 4 1 1 1 2 1 1 1 1 1 0 2 1 1 1 4 1 1 1 1 1 0
query19064 2.55 68% 0 71832 1.00 1.00 7 7 STAR 13 12 1 1 1 1 3 2 1 1 1 1 0 1 1 1 1 2 2 1 1 1 1 0
query15334 2.39 73% 0 71736 1.00 1.00 5 5 STAR 13 12 1 1 1 1 3 2 1 1 1 1 0 1 1 1 1 2 2 1 1 1 1 0
query3318 2.75 67% 0 72408 1.00 1.00 7 2 STAR 12 12 1 1 1 1 1 2 1 1 2 1 0 1 1 1 1 1 2 1 1 2 1 0
query2580 2.72 65% 0 71620 1.00 1.00 2 2 STAR 11 11 1 1 1 1 1 2 1 1 1 1 0 1 1 1 1 1 2 1 1 1 1 0
query6688 2.71 67% 0 72428 1.00 1.00 8 3 STAR 12 12 1 1 1 1 1 1 2 1 2 1 0 1 1 1 1 1 1 2 1 2 1 0
query17678 2.61 70% 0 72832 1.00 1.00 6 6 STAR 25 14 13 1 1 1 1 1 1 1 4 1 0 4 1 1 1 1 1 1 1 2 1 0
query15891 2.61 66% 0 71308 1.00 1.00 5 5 STAR 11 11 2 1 1 1 1 1 1 1 1 1 0 2 1 1 1 1 1 1 1 1 1 0
query3631 2.27 71% 0 71148 1.00 1.00 2 2 STAR 11 11 2 1 1 1 1 1 1 1 1 1 0 2 1 1 1 1 1 1 1 1 1 0
query19644 2.80 68% 0 72224 1.00 1.00 7 7 STAR 16 14 4 1 1 1 1 1 1 1 4 1 0 4 1 1 1 1 1 1 1 2 1 0
query5177 2.70 65% 0 70336 1.00 1.00 2 2 STAR 11 11 2 1 1 1 1 1 1 1 1 1 0 2 1 1 1 1 1 1 1 1 1 0
query11785 2.49 70% 0 72008 1.00 1.00 4 4 STAR 13 13 3 1 1 1 1 1 1 1 2 1 0 2 1 1 1 1 1 1 1 3 1 0
query11571 2.69 66% 0 71496 1.00 1.00 9 4 STAR 12 12 1 1 1 1 1 2 1 1 2 1 0 1 1 1 1 1 2 1 1 2 1 0
query18456 2.39 72% 0 72448 1.00 1.00 6 6 STAR 12 13 3 1 1 1 1 1 1 1 1 1 0 2 1 1 1 1 3 1 1 1 1 0
query3054 2.69 65% 0 70908 1.00 1.00 2 2 STAR 11 11 1 1 1 1 1 2 1 1 1 1 0 1 1 1 1 1 2 1 1 1 1 0
query18359 2.37 71% 0 72492 1.00 1.00 6 6 STAR 12 12 2 1 1 1 1 2 1 1 1 1 0 2 1 1 1 1 2 1 1 1 1 0
query16869 2.44 68% 0 70480 1.00 1.00 6 6 STAR 12 11 3 1 1 1 1 1 1 1 1 1 0 2 1 1 1 1 1 1 1 1 1 0
query4469 2.58 66% 0 70860 1.00 1.00 2 2 STAR 11 11 2 1 1 1 1 1 1 1 1 1 0 2 1 1 1 1 1 1 1 1 1 0
query12773 2.78 69% 0 73180 1.00 1.00 4 4 STAR 16 15 5 1 1 1 1 1 1 1 3 1 0 2 1 1 1 1 1 1 1 5 1 0
query9994 2.74 66% 0 72180 1.00 1.00 9 4 STAR 11 12 1 1 1 1 1 2 1 1 1 1 0 1 1 1 1 1 2 1 1 2 1 0
query20413 2.73 67% 0 72836 1.00 1.00 12 7 STAR 12 13 2 1 1 1 1 1 1 1 1 2 0 2 1 1 1 1 1 1 1 2 2 0
