query6 5.98 25% 0 90452 1.00 1.00 6 5 HYBRID 65 55 1 1 1 1 1 1 1 1 1 4 1 1 1 1 1 1 1 4 1 1 6 1 16 10 1 1 1 1 1 1 0 1 1 1 1 1 1 1 1 1 2 1 1 1 1 1 1 1 2 1 1 2 1 2 22 1 1 1 1 1 1 0
query8 9.09 41% 0 161876 1.00 1.00 5 3 HYBRID 3495 241 1 1 1 1 1 157 1 1 1 1 1 1 1 1 1 390 493 1 1 156 145 1 1 1 1 1 620 1 1 1511 0 1 1 1 1 1 36 1 1 1 1 1 1 1 1 1 36 36 1 1 36 36 1 1 1 1 1 36 1 1 2 0
query9 9.74 40% 0 162480 1.00 1.00 9 6 HYBRID 3107 227 1 1 347 1 1 1 1 1 1 109 123 1 1 111 1 1 1 1 1 1 1 1 170 1 1726 1 1 172 327 1 0 1 1 61 1 1 1 1 1 1 17 17 1 1 18 1 1 1 1 1 1 1 1 15 1 2 1 1 14 61 1 0
query10 13.31 20% 0 123220 1.00 1.00 6 5 HYBRID 273 171 1 1 1 11 1 1 1 1 1 1 1 1 1 1 1 22 1 75 1 1 9 1 1 1 1 1 1 1 1 131 0 1 1 1 4 1 1 1 1 1 1 1 1 1 1 1 5 1 131 1 1 4 1 1 1 1 1 1 1 1 2 0
query12 6.00 47% 0 121660 1.00 1.00 8 5 HYBRID 957 104 1 1 1 101 105 1 1 11 1 1 1 1 1 1 95 1 1 142 1 1 1 1 11 158 1 1 312 1 1 1 0 1 1 1 10 9 1 1 12 1 1 1 1 1 1 9 1 1 12 1 1 1 1 14 14 1 1 2 1 1 1 0
query15 5.86 42% 0 113464 1.00 1.00 3 2 STAR 1745 82 1 1 319 1 1 1 1 1 1 1 1 1 1 1 1 1 1 1 1 1 1 306 1 1 1 1 1 1 700 394 0 1 1 17 1 1 1 1 1 1 1 1 1 1 1 1 1 1 1 1 1 1 18 1 1 1 1 1 1 2 19 0
query17 5.16 43% 0 105940 1.00 1.00 7 5 STAR 617 75 1 1 1 26 24 1 16 1 1 251 1 1 1 87 1 1 1 1 1 1 1 1 1 1 1 1 1 1 100 90 0 1 1 1 8 8 1 10 1 1 2 1 1 1 8 1 1 1 1 1 1 1 1 1 1 1 1 1 1 8 8 0
query20 47.92 20% 0 362524 1.00 1.00 7 6 HYBRID 20571 1302 1 1 1 1 737 1 1 1 1 1 1 1 1 1 806 1 1 1 1 1 1 1 1 1 1 1 1 1 19001 1 0 1 1 1 1 637 1 1 1 1 1 1 1 1 1 636 1 1 1 1 1 1 1 1 1 1 1 1 1 2 1 0
query21 4.85 32% 0 91228 1.00 1.00 3 2 STAR 227 44 1 1 1 1 1 1 1 26 1 1 1 1 30 1 1 1 1 1 1 1 1 1 1 1 1 1 21 1 1 124 0 1 1 1 1 1 1 1 6 1 1 1 1 5 1 1 1 1 1 1 1 1 1 1 1 1 1 5 1 1 2 0
query22 6.37 47% 0 119188 1.00 1.00 3 2 PATH 1731 96 1 1 1 288 1 1 1 1 1 1 1 1 1 1 1 1 1 1 1 1 1 1 901 259 257 1 1 1 1 1 0 1 1 1 23 1 1 1 1 1 1 1 1 1 1 1 1 1 1 1 1 1 1 2 22 23 1 1 1 1 1 0
query26 9.11 24% 0 106632 1.00 1.00 6 5 HYBRID 192 109 1 1 1 1 34 1 1 75 1 1 1 1 1 1 36 1 1 1 1 1 1 1 1 1 1 1 21 1 1 1 0 1 1 1 1 6 1 1 2 1 1 1 1 1 1 6 1 1 1 1 1 1 1 1 1 1 1 69 1 1 1 0
query27 17.43 32% 0 269408 1.00 1.00 6 4 HYBRID 13012 597 1 1 1 1571 1 1 1 1 1 1 1 3768 1 1 1 1531 1 1 1 1 1536 1 1 1 1 1 1 1 3528 1054 0 1 1 1 165 1 1 1 1 1 1 1 39 1 1 1 164 1 1 1 1 165 1 1 1 1 1 1 1 38 2 0
query29 8.84 47% 0 177692 1.00 1.00 8 5 HYBRID 3960 268 1 1 1 212 247 204 1 1 1 1 1 1 1 1 130 929 1081 1 1 187 192 1 1 1 1 1 627 1 1 131 0 1 1 1 5 6 60 1 1 1 1 1 1 1 1 5 15 15 1 1 61 62 1 1 1 1 1 17 1 1 2 0
query30 5.10 38% 0 100340 1.00 1.00 6 4 STAR 411 59 1 1 1 1 1 34 1 1 1 34 1 1 1 1 1 1 1 1 1 1 1 35 1 1 1 135 1 1 76 73 0 1 1 1 1 1 5 1 1 1 6 1 1 1 1 1 1 1 1 1 1 1 6 1 1 1 2 1 1 8 8 0
query35 4.83 32% 0 89276 1.00 1.00 5 3 STAR 150 47 20 1 1 1 1 14 1 1 1 14 1 1 1 1 1 7 1 1 1 1 1 9 1 1 1 1 62 1 1 1 0 4 1 1 1 1 3 1 1 1 5 1 1 1 1 1 3 1 1 1 1 1 4 3 1 1 1 2 1 1 1 0
query37 5.21 41% 0 104824 1.00 1.00 8 5 HYBRID 520 73 1 38 1 1 13 1 1 7 1 13 1 17 1 1 1 1 19 19 45 1 1 1 1 14 1 1 1 1 1 315 0 1 9 1 1 9 1 1 3 1 5 1 4 1 1 1 1 3 11 4 1 1 1 1 3 1 1 1 1 1 2 0
query38 33.56 12% 0 185088 1.00 1.00 8 6 HYBRID 992 505 1 1 1 1 1 1 1 97 1 1 1 124 211 1 1 199 1 1 1 103 1 1 1 1 1 1 1 1 111 124 0 1 1 1 1 1 1 1 9 1 1 1 5 5 1 1 444 1 1 1 11 1 1 1 1 1 1 1 1 6 2 0
query39 272.81 5% 0 339404 1.00 1.00 8 7 HYBRID 4472 4250 1 1 1 1 1 1 33 1 1 1 1 1 1 1 1430 1 1 18 1 1 1 167 1 1 1 1 2775 1 25 1 0 1 1 1 1 1 1 6 1 1 1 1 1 1 1 2 1 1 6 1 1 1 2775 1 1 1 1 1430 1 7 1 0
query40 7.35 47% 0 144304 1.00 1.00 6 4 HYBRID 1985 171 5 1 1 1 1 1 1 1 1 1 1 1 1 1 1 1 1 1 1 1 1 1 159 1 162 1 1501 1 1 133 0 13 1 1 1 12 1 1 1 1 1 1 1 1 1 1 1 1 1 1 1 1 1 35 1 37 1 2 1 13 36 0
query44 5.36 44% 0 110012 1.00 1.00 4 3 HYBRID 886 64 1 1 1 139 149 1 1 1 1 1 1 1 429 1 1 1 1 1 1 1 1 143 1 1 1 1 1 1 1 1 0 1 1 1 11 12 1 1 1 1 1 1 1 2 1 1 1 1 1 1 1 1 13 1 1 1 1 1 1 1 1 0
query53 5.29 39% 0 101336 1.00 1.00 6 4 STAR 249 54 1 1 1 1 4 4 1 1 1 3 1 1 4 1 1 1 1 1 1 1 1 4 1 1 1 201 6 1 1 1 0 1 1 1 1 6 2 1 1 1 3 1 1 7 1 1 1 1 1 1 1 1 3 1 1 1 2 8 1 1 1 0
query55 5.79 44% 0 99552 1.00 1.00 6 4 HYBRID 389 59 1 1 1 1 9 1 1 1 1 1 1 1 12 1 19 1 27 1 37 1 1 1 249 13 1 1 1 1 1 1 0 1 1 1 1 7 1 1 1 1 1 1 1 8 1 9 1 4 1 3 1 1 1 2 3 1 1 1 1 1 1 0
query56 7.39 51% 0 140552 1.00 1.00 5 3 STAR 3739 161 1 1 1 305 1 1 1 1 1 1 1 1 1 671 591 1 1 1 1 1 1 1 304 1 650 1 901 294 1 1 0 1 1 1 23 1 1 1 1 1 1 1 1 1 22 22 1 1 1 1 1 1 1 22 1 24 1 2 23 1 1 0
query60 5.71 50% 0 117256 1.00 1.00 5 3 HYBRID 906 97 1 1 1 140 149 1 1 1 7 1 1 1 429 1 1 1 1 1 1 1 1 142 1 9 1 7 1 1 1 1 0 1 1 1 12 12 1 1 1 11 1 1 1 2 1 1 1 1 1 1 1 1 12 1 13 1 12 1 1 1 1 0
query65 4.66 27% 0 78480 1.00 1.00 3 2 PATH 82 37 1 4 1 1 17 1 1 1 1 1 1 1 1 1 1 1 1 1 1 8 1 1 1 27 1 1 1 1 1 1 0 1 2 1 1 3 1 1 1 1 1 1 1 1 1 1 1 1 1 1 4 1 1 1 2 1 1 1 1 1 1 0
query67 1800.00 0% 0 1428 1.00 0.00 6 4 HYBRID 2713254 77643 1 1 1 1 5071 1 1 1 1 386300 1 1 1 517245 514942 1 1 386299 1 1 1 1 386287 1 517087 1 1 1 1 1 0 1 1 1 1 2 1 1 1 1 25758 1 1 1 116 115 1 1 25757 1 1 1 1 25757 1 115 1 1 1 1 1 0
query68 5.64 40% 0 105588 1.00 1.00 5 3 HYBRID 668 83 1 37 1 1 1 1 1 1 1 1 1 1 1 1 1 1 529 1 1 1 1 1 35 4 1 38 1 1 1 1 0 1 14 5 1 1 1 1 1 1 1 1 1 1 1 1 1 2 1 1 1 1 5 14 5 1 15 1 1 1 1 0
query72 223.93 5% 0 333392 1.00 1.00 6 5 HYBRID 6566 3589 1 1 1 1 1 202 1 1 1 1 1 1 1 1 1 1 3391 1 1 233 256 1 1 1 1 1 1 1 2459 1 0 1 1 1 1 1 56 1 1 1 1 1 1 1 1 1 1 2 1 1 58 57 1 1 1 1 1 1 1 3391 1 0
query73 5.02 38% 0 98080 1.00 1.00 4 3 STAR 302 49 1 201 1 1 1 1 1 1 1 24 1 23 28 1 1 1 1 1 1 1 1 1 1 1 1 1 1 1 1 1 0 1 2 1 1 1 1 1 1 1 6 1 8 7 1 1 1 1 1 1 1 1 1 1 1 1 1 1 1 1 1 0
query74 9.64 42% 0 164460 1.00 1.00 10 7 HYBRID 3244 243 1 1 1 435 1 75 1 420 1 1 1 1 1 1 1 1 1 1 1 90 84 1 1 1 1 412 427 1 1 1279 0 1 1 1 45 1 21 1 32 1 1 1 1 1 1 1 1 1 1 1 22 21 1 1 1 1 47 31 1 1 2 0
query76 6.11 46% 0 117864 1.00 1.00 3 2 STAR 1487 96 1 1 1 1 1 174 1 1 1 179 1 1 1 1 1 1 1 1 1 1 1 194 1 1 1 1 914 1 1 1 0 1 1 1 1 1 22 1 1 1 23 1 1 1 1 1 1 1 1 1 1 1 23 1 1 1 1 2 1 1 1 0
query77 7.13 41% 0 123888 1.00 1.00 4 3 HYBRID 2020 102 1 1 1 1 1 1 1 495 1 1 502 1 1 1 996 1 1 1 1 1 1 1 1 1 1 1 1 1 1 1 0 1 1 1 1 1 1 1 37 1 1 36 1 1 1 2 1 1 1 1 1 1 1 1 1 1 1 1 1 1 1 0
query78 7.20 44% 0 134904 1.00 1.00 5 3 STAR 1612 143 1 1 1 1 1 12 1 1 16 14 1 1 1 1 1 1 1 1 1 1 1 7 1 17 1 12 1 1 1 1511 0 1 1 1 1 1 3 1 1 35 3 1 1 1 1 1 1 1 1 1 1 1 4 1 37 1 36 1 1 1 2 0
query81 4.81 40% 0 94620 1.00 1.00 3 2 PATH 1342 39 472 1 1 1 1 1 1 1 1 1 1 1 1 1 1 437 1 1 1 51 1 1 356 1 1 1 1 1 1 1 0 3 1 1 1 1 1 1 1 1 1 1 1 1 1 1 3 1 1 1 2 1 1 5 1 1 1 1 1 1 1 0
query82 7.07 44% 0 131172 1.00 1.00 3 2 STAR 1766 136 1 67 1 1 1 1 1 1 1 1 1 1 1 1 1 1 1 1 1 1 1 1 77 1 1 85 1 1 1 1511 0 1 35 1 1 1 1 1 1 1 1 1 1 1 1 1 1 1 1 1 1 1 1 37 1 1 36 1 1 1 2 0
query84 9.47 36% 0 143004 1.00 1.00 4 3 STAR 2100 173 1 1 1 1 1 1 7 1 1 1 1 1 1 1 1 1 1 1 1 1 1 1 1 5 1 1 1 1 2061 1 0 1 1 1 1 1 1 72 1 1 1 1 1 1 1 1 1 1 1 1 1 1 1 1 72 1 1 1 1 2 1 0
query85 5.22 36% 0 99060 1.00 1.00 4 3 STAR 380 51 1 1 1 1 1 57 1 1 1 1 1 226 1 1 1 1 1 1 1 1 1 70 1 1 1 1 1 1 1 1 0 1 1 1 1 1 11 1 1 1 1 1 2 1 1 1 1 1 1 1 1 1 11 1 1 1 1 1 1 1 1 0
query87 7.08 56% 0 154876 1.00 1.00 16 4 HYBRID 933 270 1 1 17 124 1 7 23 1 1 58 1 1 5 1 1 1 14 1 1 127 1 1 1 104 14 7 1 1 10 406 0 1 1 12 12 1 12 21 11 1 31 1 1 21 1 1 1 11 11 1 22 1 1 1 32 13 11 11 12 12 2 0
query92 4.86 32% 0 88784 1.00 1.00 3 2 STAR 157 44 1 1 1 1 2 1 1 1 1 1 1 1 1 1 1 1 1 1 1 1 1 1 1 1 1 1 4 1 1 124 0 1 1 1 1 5 1 1 1 1 1 1 1 5 1 1 1 1 1 1 1 1 1 1 1 1 1 6 1 1 2 0
query93 9.70 42% 0 174328 1.00 1.00 4 3 HYBRID 6396 248 1 1 1 1059 1 1 1 1070 1 1 1 1 1 1 1 1 1 1 1 1057 1 1 3184 1 1 1 1 1 1 1 0 1 1 1 73 1 1 1 74 1 1 1 1 1 1 1 1 1 1 1 73 1 1 2 1 1 1 1 1 1 1 0
query97 5.15 38% 0 100724 1.00 1.00 5 3 STAR 386 59 11 1 1 1 14 1 1 1 1 1 1 1 1 1 1 1 19 1 43 1 1 1 1 16 1 1 251 1 9 1 0 8 1 1 1 8 1 1 1 1 1 1 1 1 1 1 1 3 1 4 1 1 1 1 3 1 1 2 1 8 1 0
query98 7.18 47% 0 139172 1.00 1.00 6 4 HYBRID 2730 161 1 1 1 1 1 304 1 1 304 1 1 1 1 304 1 1 1 1 1 1 1 1 901 1 1 1 295 1 304 295 0 1 1 1 1 1 22 1 1 22 1 1 1 1 22 1 1 1 1 1 1 1 1 2 1 1 1 24 1 22 24 0
