query6 97.39 16% 0 346944 1.00 1.00 16 5 HYBRID 22638 4493 1 1 2980 3160 451 1 1 1 1 901 1 1 1 1 1 757 1 901 1 1 1207 451 901 5383 2404 1 145 1 2980 1 0 6 6 501 286 606 6 6 6 6 7 6 6 6 6 6 101 6 7 6 6 701 606 7 686 191 6 191 6 501 6 0
query8 99.90 21% 0 367452 1.00 1.00 21 3 HYBRID 35733 6536 1 10 1 1 1 4747 1 1 16 2 1 600 629 1511 8 5195 5195 1 8 4747 4762 29 1 1 1 17 5195 29 1511 1511 0 4 1047 4 4 4 1047 4 4 5 5 4 5 5 5 5 400 400 4 5 1047 1048 5 4 4 4 1048 400 5 5 5 0
query9 322.06 19% 0 362600 1.00 1.00 29 6 HYBRID 334949 38026 3646 1 3064 16212 1 1702 1 1702 1 4321 7966 1 1 86941 82621 1 1 1 1 1 1 1 12961 6315 85872 1702 240 16606 3064 1 0 2604 2604 514 1044 7 2604 7 2604 7 624 3221 7 7 3221 2604 7 7 2604 7 2604 7 7 876 682 2773 2604 175 3473 514 7 0
query10 132.14 20% 0 354276 1.00 1.00 35 5 HYBRID 38382 7322 1 1 7 5095 1 1 3808 3 265 825 1 1 280 2473 4 5095 3 4632 1 1 5359 282 948 4 124 1 7 280 6283 2596 0 6 6 7 596 6 6 1029 7 176 206 6 175 175 175 176 596 7 1060 175 6 766 176 38 7 7 175 7 175 1199 176 0
query12 305.82 14% 0 356572 1.00 1.00 31 5 HYBRID 73226 22701 2 2 1 1439 1430 1 1 1621 1 1 1 8065 10 2 10400 1 10 4296 12361 1 10 10592 1621 4306 1 10 17035 2 2 1 0 7 1809 6 871 7 6 6 1623 6 6 6 1808 870 7 871 6 2672 297 2100 6 870 2488 1623 1162 6 870 2672 7 7 6 0
query15 14.68 34% 0 229236 1.00 1.00 6 2 STAR 11271 525 1 1 3049 1 1 1 1 1 1 1 1 1 700 1 1 1 1 1 700 1 1 3049 1 1 1 1 1 1 700 3049 0 3 3 147 3 3 3 3 3 3 3 3 3 4 3 3 3 3 3 4 3 3 147 3 3 3 3 3 3 4 147 0
query17 153.07 19% 0 358944 1.00 1.00 33 5 STAR 54945 12208 1 1 1 3457 3457 7138 3457 1 1 8852 1 4073 4190 4343 1 1 7 118 1 7 1 7138 1 1 1 1 1 1 4349 4343 0 6 6 6 1193 1193 717 1193 6 269 1070 6 359 1546 269 269 6 96 1193 269 96 269 980 6 6 6 269 6 269 360 269 0
query20 1800.00 0% 0 1432 0.00 1.00 40 6 HYBRID 1709060 166680 1 1 1 1 1 1 1785 1 170 1 1 564330 564752 2998 88 1 1 1 1872 1 170 243 1 1785 1 88 1 243 567522 2998 0 7 7 7 7 7 7 27313 7 210 210 7 27505 27516 210 210 7 7 7 27517 7 210 210 7 27314 7 210 7 210 27520 210 0
query21 6.90 48% 0 121196 1.00 1.00 16 2 STAR 1167 196 1 1 7 1 1 1 1 248 4 1 1 1 246 1 4 1 3 1 1 1 4 3 124 4 124 1 252 1 4 124 0 3 3 4 3 3 3 3 35 4 3 3 3 34 3 4 3 4 3 3 3 4 4 4 4 4 3 35 3 4 4 0
query22 17.43 37% 0 273808 1.00 1.00 7 2 PATH 10083 833 1 1 1 2404 1 1 1 1 1 901 1 1 1 1 1 1 1 901 1 1 1 1 901 2404 2404 1 145 1 1 1 0 3 3 3 188 3 3 3 3 3 4 3 3 3 3 3 3 3 4 3 3 3 3 4 188 188 3 188 3 3 3 0
query26 304.91 14% 0 355868 1.00 1.00 34 5 HYBRID 73460 23649 2 2 1 5733 1430 1 1 5915 16 1 4295 8086 10 2 10443 1 10 1 8087 16 10 10650 1621 11 1 10 17099 2 2 1 0 7 1818 6 1163 7 6 6 1918 296 6 297 1817 872 7 873 6 2683 6 1818 297 872 2786 1628 873 6 872 2683 7 7 6 0
query27 248.14 18% 0 357308 1.00 1.00 28 4 HYBRID 475539 21167 1 1 1 9487 1 1 4 1 397 1 1 2061 142491 6189 73 9487 1 1 76 1 149878 436 1 4 1 73 1 436 8249 146184 0 5 1907 5 1401 5 5 6 5 421 421 5 422 2324 421 421 1401 5 1907 422 5 3719 422 5 6 5 421 5 422 2325 2323 0
query29 1151.35 11% 0 552376 1.00 1.00 45 5 HYBRID 436741 87246 10 1 7 6118 6118 57025 1 3 24 4 1 82 106 423 6121 81775 81777 1 10 57025 57048 24 124 4 124 1 81781 31 426 546 0 113 16472 7 113 113 16365 6 7 37 36 6 36 36 143 144 1236 1237 6 143 16365 16396 144 7 114 7 16395 1237 143 145 37 0
query30 81.23 21% 0 339280 1.00 1.00 25 4 STAR 28629 5099 1 1867 1 700 1 3780 2 1 1 3780 1 1274 1273 3040 1 1 1 1 1 1 1 3780 1868 1 1 2566 1 1 2341 2341 0 5 647 5 6 5 382 6 5 150 527 5 151 150 151 150 5 5 5 150 5 150 528 648 5 5 793 5 150 150 150 0
query35 7.43 51% 0 156380 1.00 1.00 13 3 STAR 1290 347 226 1 1 1 62 102 1 28 1 102 28 1 62 1 1 226 1 1 1 1 37 102 226 1 10 1 62 1 1 1 0 29 4 4 4 5 20 4 29 4 20 29 4 5 4 4 29 4 4 4 4 29 21 29 4 29 4 5 4 4 4 0
query37 20.17 40% 0 313484 1.00 1.00 30 5 HYBRID 24573 1543 1 69 7 1 69 1 1 132 4 130 1 130 7000 1 4 1 855 69 856 1 7000 3 124 856 124 1 7 1 4 7120 0 6 212 7 6 37 6 6 26 7 25 6 25 212 6 7 6 36 212 66 6 182 7 7 37 7 6 7 6 182 182 0
query38 407.42 11% 0 390728 1.00 1.00 41 6 HYBRID 261361 19352 1 1 18811 62581 1 1 1 56337 22 1 1 5163 5163 1 22 25033 15 18775 1 56323 6276 15 525 18 525 1 37 1 5184 525 0 7 7 1294 4803 7 7 104 3797 38 7 7 104 104 7 38 2300 38 1263 104 3766 1076 38 38 135 38 7 38 7 135 38 0
query39 383.39 12% 0 357212 1.00 1.00 39 7 HYBRID 245722 21587 8 17 53217 5724 5724 1 730 730 1 1 1 3739 1 8 5724 17740 17749 730 3746 1 1 53951 730 8 1 1 21478 8 735 53217 0 299 1165 3559 299 299 8 158 761 8 8 8 874 8 299 299 158 1024 158 1165 8 8 4603 761 300 8 8 1024 300 450 3560 0
query40 10.60 40% 0 174724 1.00 1.00 22 4 HYBRID 1545 442 19 1 7 1 19 1 1 248 4 1 1 1 246 1 4 109 111 1 1 1 4 3 124 4 124 1 360 1 22 124 0 59 5 6 5 59 5 5 37 6 5 5 5 36 5 6 13 14 5 5 5 6 6 6 6 6 5 45 5 60 6 0
query44 28.34 38% 0 329876 1.00 1.00 18 3 HYBRID 16836 2235 1 1 1 3874 3874 10 1 1 1 1724 1 1715 1715 1 1 1 7 1 1 7 10 3874 1 1 1 1 1 1 7 1 0 4 4 4 266 266 266 4 4 4 356 4 94 94 4 4 4 94 4 4 94 267 267 4 4 4 4 4 4 95 4 0
query53 17.40 34% 0 240712 1.00 1.00 12 4 STAR 3372 733 1 801 1 1 100 216 1 1 1 216 1 1 100 1 1 1 1 1 1 1 1 216 801 1 1 801 100 1 1 1 0 5 51 5 5 130 28 5 5 5 28 5 5 130 5 5 5 5 5 5 5 5 29 51 5 5 51 130 5 5 5 0
query55 22.47 34% 0 283724 1.00 1.00 22 4 HYBRID 9891 974 1 1 7 1 334 1 1 3 4 825 1 1 334 1 337 1 1999 825 1997 1 4 3 948 2000 124 1 7 1 4 124 0 5 5 6 5 174 5 5 6 6 36 5 5 174 5 175 5 76 36 75 5 6 6 37 77 6 5 6 5 6 6 0
query56 55.64 51% 0 337260 1.00 1.00 18 3 STAR 65073 7218 523 46 1 2701 1 1234 1 334 901 1 559 1 1 17182 17182 1 1 46 1 46 1 1 2701 1 17182 298 901 3223 1 1 0 549 549 4 189 4 550 4 549 5 4 549 4 4 549 549 4 4 549 4 549 4 4 189 4 549 549 5 734 4 4 0
query60 28.03 30% 0 308152 1.00 1.00 15 3 HYBRID 5724 1448 1 1 1 1287 1287 4 1 1 181 432 1 429 429 1 1 1 2 1 1 2 4 1287 1 181 1 181 1 1 2 1 0 4 4 4 93 93 93 4 4 266 94 4 5 5 4 4 4 5 4 4 5 94 94 4 266 4 266 4 4 5 4 0
query65 5.31 39% 0 96516 1.00 1.00 6 2 PATH 342 123 1 79 27 1 79 1 1 1 1 1 1 1 1 1 1 1 1 1 1 79 1 27 1 27 1 1 1 1 1 1 0 3 13 4 3 13 3 3 3 3 3 3 3 3 3 3 3 3 3 3 13 3 4 3 4 3 3 3 3 3 3 0
query67 1800.00 0% 0 1428 1.00 0.00 26 4 HYBRID 1546548 77185 1045 418 1 657 657 453 417 451 1 381405 1396 1 1 131491 131491 1 1 381895 1 418 3 241 381463 1 131491 100 1 1045 1 1 0 58 58 5 24 24 59 23 58 5 25437 58 5 23 58 58 5 5 25512 5 58 6 6 25441 5 58 58 5 58 5 5 0
query68 19.05 30% 0 244680 1.00 1.00 15 3 HYBRID 3267 783 2 379 37 1 1 1 137 137 2 1 1 529 1 1 529 2 529 1 1 1 1 37 379 37 1 515 1 1 1 1 0 5 142 84 4 4 4 5 5 5 4 4 5 4 4 5 5 5 4 4 4 4 84 142 84 4 143 4 4 4 4 0
query72 1013.81 11% 0 439592 1.00 1.00 20 5 HYBRID 402309 73815 1 1 1 1 1 55729 4756 1 1 1 1 2061 2061 1 1 66367 71551 4753 5188 55729 55729 1 1 5188 1 1 66367 1 6813 1 0 6 13284 6 6 6 13284 1048 6 6 6 6 7 7 6 6 961 1378 1047 424 13284 13284 6 6 424 6 13284 961 6 1048 6 0
query73 14.11 33% 0 202540 1.00 1.00 12 3 STAR 3909 540 1 865 1 1 649 1 1 1 1 429 1 429 429 1 1 1 2 1 1 650 1 1 217 1 1 217 1 1 2 1 0 4 142 4 4 52 4 4 4 4 5 4 5 5 4 4 4 5 4 4 53 4 4 94 4 4 94 4 4 5 4 0
query74 1800.00 0% 0 1432 .29 1.00 39 7 HYBRID 1132903 106508 1 10 325188 700 1 18523 2 6895 1432 82 1 2 11587 21381 1 1 1 10 1 18534 22269 327510 2 1 1 700 6895 2323 20691 348158 0 8 4719 21078 9 8 4567 9 472 1390 1390 8 1391 1999 1391 1390 8 8 153 1390 4571 6102 22460 9 8 8 5958 472 1390 1536 22606 0
query76 17.25 32% 0 246952 1.00 1.00 6 2 STAR 7665 654 1 1 1 1 1 1633 1 1 1 1633 1 1 1 1 1 914 1 1 1 1 1 1633 914 1 1 1 914 1 1 1 0 3 3 3 3 3 190 3 3 3 190 3 3 3 3 3 4 3 3 3 3 3 190 4 3 3 3 4 3 3 3 0
query77 80.80 31% 0 334748 1.00 1.00 26 3 HYBRID 44354 9680 2 2 1 5734 1430 1 1 4296 16 1 4296 1 10 2 10445 1 10 1 2 16 10 9032 1 11 1 10 9016 2 2 1 0 5 5 4 1163 5 4 4 295 295 4 295 4 871 5 872 4 871 4 5 295 871 1163 4 872 4 871 871 5 5 4 0
query78 33.44 26% 0 317100 1.00 1.00 19 3 STAR 7503 1438 1 1 1 1 1 367 1 1 186 368 1 600 629 1511 8 1 1 1 8 1 16 395 1 171 1 178 1 29 1511 1511 0 4 4 4 4 4 43 4 4 401 44 4 5 5 5 5 4 4 4 5 4 5 44 4 400 4 401 4 5 5 5 0
query81 5.79 79% 0 163588 1.00 1.00 10 2 PATH 11847 194 3761 1 1 51 1 1 1 114 1 1 64 1 1 1 1 3761 1 1 1 51 163 1 3761 1 100 1 1 1 1 1 0 17 3 3 4 3 3 3 18 3 3 17 3 3 3 3 17 3 3 3 4 18 3 18 3 18 3 3 3 3 3 0
query82 30.88 27% 0 315712 1.00 1.00 16 2 STAR 8691 1291 1 933 1 1 1 1 1 1 16 2 1 600 629 1511 8 1 1 1 8 1 16 29 933 1 1 940 1 29 1511 1511 0 3 399 3 3 3 3 3 3 4 4 3 4 4 4 4 3 3 3 4 3 4 4 399 3 3 400 3 4 4 4 0
query84 5.67 59% 0 128200 1.00 1.00 22 3 STAR 390 266 1 1 1 1 1 1 2 1 1 1 1 31 31 91 1 1 1 1 1 1 1 1 1 2 1 1 1 1 120 90 0 4 4 4 4 4 4 7 4 14 14 4 16 16 15 14 4 4 4 16 4 14 14 4 7 4 14 4 14 16 15 0
query85 22.43 36% 0 304444 1.00 1.00 18 3 STAR 8229 1458 1 1 1 1 1 1459 172 172 1 1887 1 1104 429 1 676 1 677 1 1 2 1 1459 1 1 1 172 1 1 2 1 0 94 4 4 4 4 178 94 94 94 179 4 95 5 4 94 94 95 4 4 5 4 178 4 4 4 94 4 4 5 4 0
query87 44.92 42% 0 337784 1.00 1.00 44 4 HYBRID 20052 6110 1 1 628 3727 1 55 496 3753 58 505 1 1 19 1 58 1 396 1 1 3736 49 27 1468 787 1828 361 196 1 427 1468 0 5 5 356 258 5 324 324 609 37 324 5 5 324 5 37 5 356 324 5 577 37 37 37 356 356 324 356 324 356 37 0
query92 6.86 46% 0 121480 1.00 1.00 16 2 STAR 468 196 1 1 7 1 13 1 1 3 4 1 1 1 13 1 4 1 3 1 1 1 4 3 124 4 124 1 19 1 4 124 0 3 3 4 3 34 3 3 4 4 3 3 3 34 3 4 3 4 3 3 3 4 4 4 4 4 3 35 3 4 4 0
query93 12.55 57% 0 332080 1.00 1.00 23 3 HYBRID 95334 816 30657 1 7 403 1 1 1 783 4 1 379 1 1 1 4 30657 3 1 1 403 679 3 30780 4 421 1 7 1 4 124 0 88 4 5 35 4 4 4 120 5 4 88 4 4 4 5 88 5 4 4 35 89 5 90 5 90 4 5 4 5 5 0
query97 9.76 41% 0 164368 1.00 1.00 9 3 STAR 3078 355 94 1 1 1 94 1 1 251 1 1 1 1 251 1 1 1 674 1 674 1 1 1 1 674 1 1 251 1 94 1 0 59 4 4 4 59 4 4 5 4 4 4 4 5 4 4 4 26 4 26 4 4 4 4 27 4 4 5 4 59 4 0
query98 158.30 27% 0 350056 1.00 1.00 22 4 HYBRID 118563 23438 1 1 1 1 1 8099 1 1 9665 3600 1 1 2478 24294 1 1 1 3600 1 1 1567 2478 3600 1 1 1 8099 2478 24294 24294 0 5 5 5 5 5 549 5 5 2172 1813 5 1628 1628 1628 1628 5 5 190 1628 5 1628 1628 191 5 5 1628 549 1628 1628 1629 0
