query1347 4.30 122% 0 135432 1.00 1.00 11 2 PATH 1250 57 1 1 621 1 310 1 312 1 1 1 0 1 1 2 1 24 1 24 1 1 1 0
query18500 34.63 94% 0 350500 1.00 1.00 6 6 PATH 5625 5288 1 1 1 1 1 5278 1 339 1 1 0 1 1 1 1 1 2 1 5278 1 1 0
query20525 3.30 80% 0 109952 1.00 1.00 7 7 PATH 12 13 1 1 1 1 1 1 1 2 2 1 0 1 1 1 2 1 1 1 2 2 1 0
query9322 4.62 108% 0 171712 1.00 1.00 3 3 PATH 1559 119 1 1 1 1 1 1548 1 3 1 1 0 1 1 1 1 1 2 1 109 1 1 0
query1313 2.92 72% 0 109144 1.00 1.00 11 2 PATH 14 13 1 2 1 1 1 1 1 3 1 2 0 1 2 1 1 1 1 1 2 1 2 0
query6490 3.31 79% 0 108016 1.00 1.00 11 2 STAR 12 12 1 1 1 1 1 1 2 1 2 1 0 1 1 1 1 1 1 2 1 2 1 0
query9529 3.39 88% 0 110252 1.00 1.00 2 3 STAR 10 20 1 1 1 1 1 1 1 1 1 1 0 2 2 2 2 2 2 2 2 2 2 0
query4885 2.59 78% 0 107560 1.00 1.00 2 2 STAR 11 11 1 1 1 1 1 2 1 1 1 1 0 1 1 1 1 1 2 1 1 1 1 0
query15651 2.65 78% 0 109732 1.00 1.00 10 5 PATH 17 15 1 1 1 6 1 1 1 2 2 1 0 1 1 1 2 1 1 1 2 4 1 0
query15484 3.28 80% 0 109120 1.00 1.00 5 5 PATH 20 12 1 1 1 2 10 1 1 1 1 1 0 1 1 1 2 2 1 1 1 1 1 0
query10601 3.20 79% 0 108528 1.00 1.00 3 3 STAR 25 12 1 15 1 1 1 1 1 2 1 1 0 1 2 1 1 1 1 1 2 1 1 0
query7558 2.25 95% 0 107544 1.00 1.00 21 3 PATH 13 13 1 2 2 1 1 1 1 1 1 2 0 1 2 2 1 1 1 1 1 1 2 0
query9495 3.50 85% 0 110808 1.00 1.00 2 3 STAR 10 20 1 1 1 1 1 1 1 1 1 1 0 2 2 2 2 2 2 2 2 2 2 0
query7334 2.66 80% 0 108896 1.00 1.00 12 3 PATH 12 12 1 1 1 1 1 2 1 2 1 1 0 1 1 1 1 1 2 1 2 1 1 0
query3088 2.60 74% 0 108644 1.00 1.00 11 2 STAR 12 12 1 1 1 1 1 1 2 2 1 1 0 1 1 1 1 1 1 2 2 1 1 0
query20550 2.67 78% 0 110104 1.00 1.00 7 7 PATH 17 16 1 1 1 2 1 1 1 4 4 1 0 1 1 1 3 1 1 1 2 4 1 0
query15025 3.77 128% 0 134420 1.00 1.00 5 5 PATH 399 41 1 1 1 1 1 1 1 2 1 389 0 1 1 1 1 1 1 1 31 1 2 0
query18887 10.81 79% 0 243328 1.00 1.00 6 6 PATH 832 833 1 1 1 1 1 1 1 1 766 58 0 1 1 1 766 1 1 1 1 58 2 0
query1674 2.91 78% 0 108616 1.00 1.00 11 2 PATH 12 12 1 1 1 1 2 1 1 1 1 2 0 1 1 1 1 2 1 1 1 1 2 0
query3157 2.66 84% 0 107584 1.00 1.00 2 2 STAR 11 11 1 1 2 1 1 1 1 1 1 1 0 1 1 2 1 1 1 1 1 1 1 0
query9100 2.05 90% 0 109232 1.00 1.00 8 3 PATH 16 13 1 1 1 4 1 1 1 1 4 1 0 1 1 1 3 1 1 1 1 2 1 0
query3774 2.87 79% 0 108660 1.00 1.00 11 2 STAR 12 12 1 2 1 1 1 2 1 1 1 1 0 1 2 1 1 1 2 1 1 1 1 0
query1200 3.06 80% 0 107856 1.00 1.00 2 2 PATH 14 11 1 1 1 1 1 1 1 5 1 1 0 1 1 1 1 1 1 1 2 1 1 0
query11895 2.93 88% 0 109660 1.00 1.00 13 4 PATH 14 15 1 1 3 1 2 1 1 1 2 1 0 1 1 2 1 2 1 1 3 2 1 0
query20727 3.50 84% 0 108192 1.00 1.00 7 7 STAR 10 11 1 1 1 1 1 1 1 1 1 1 0 1 1 1 2 1 1 1 1 1 1 0
query13139 3.25 80% 0 110804 1.00 1.00 9 4 PATH 17 18 1 1 1 1 1 1 1 1 3 6 0 1 1 1 1 1 1 6 1 3 2 0
query7552 2.91 78% 0 109548 1.00 1.00 21 3 PATH 12 13 1 2 1 1 2 1 1 1 1 1 0 1 2 1 1 2 1 1 1 1 2 0
query1657 2.58 79% 0 108524 1.00 1.00 11 2 PATH 12 12 1 1 1 1 2 1 1 1 1 2 0 1 1 1 1 2 1 1 1 1 2 0
query4280 2.25 97% 0 108892 1.00 1.00 7 2 STAR 13 12 1 1 1 1 1 1 2 3 1 1 0 1 1 1 1 1 1 2 2 1 1 0
query17226 2.61 76% 0 110108 1.00 1.00 4 5 STAR 10 20 1 1 1 1 1 1 1 1 1 1 0 2 2 2 2 2 2 2 2 2 2 0
query6948 2.95 71% 0 107244 1.00 1.00 2 2 STAR 12 11 1 1 1 1 1 3 1 1 1 1 0 1 1 1 1 1 2 1 1 1 1 0
query9680 2.60 75% 0 108672 1.00 1.00 12 3 STAR 12 12 1 1 1 1 1 1 2 1 1 2 0 1 1 1 1 1 1 2 1 1 2 0
query12069 125.01 52% 0 638732 1.00 1.00 9 4 PATH 181236 12097 1 1 75 179525 1 1 1 1629 1 1 0 1 1 114 2 1 1 1 11974 1 1 0
query17301 3.40 76% 0 114564 1.00 1.00 5 5 STAR 37 38 1 1 1 1 1 26 1 3 1 1 0 1 1 1 1 1 3 26 2 1 1 0
query16669 5.09 138% 0 188180 1.00 1.00 5 5 PATH 1761 134 1 1 1 1 1749 3 1 1 1 2 0 1 1 1 1 3 2 1 1 1 122 0
query7502 3.09 83% 0 109820 1.00 1.00 2 3 PATH 10 21 1 1 1 1 1 1 1 1 1 1 0 2 2 2 2 2 2 2 2 3 2 0
query1333 2.90 72% 0 108424 1.00 1.00 11 2 PATH 12 12 1 2 1 1 1 1 1 2 1 1 0 1 2 1 1 1 1 1 2 1 1 0
query6327 3.42 83% 0 107856 1.00 1.00 2 2 STAR 11 11 1 1 1 1 1 1 1 1 2 1 0 1 1 1 1 1 1 1 1 2 1 0
query246 2.25 94% 0 107940 1.00 1.00 11 2 PATH 13 12 1 1 1 1 1 3 1 1 1 2 0 1 1 1 1 1 2 1 1 1 2 0
query19597 3.50 102% 0 129524 1.00 1.00 6 6 PATH 97 96 1 1 1 85 1 1 1 3 1 2 0 1 1 1 2 1 1 1 2 1 85 0
query2357 2.58 80% 0 108744 1.00 1.00 15 2 PATH 16 13 1 1 1 1 1 1 5 1 3 1 0 1 1 1 1 1 1 3 1 2 1 0
query10014 3.28 81% 0 108432 1.00 1.00 3 3 STAR 12 12 1 1 2 1 1 1 2 1 1 1 0 1 1 2 1 1 1 2 1 1 1 0
query14822 2.94 77% 0 109232 1.00 1.00 14 5 PATH 17 14 1 1 1 4 2 1 1 4 1 1 0 1 1 1 2 2 1 1 3 1 1 0
query11724 2.61 80% 0 109500 1.00 1.00 13 4 PATH 48 13 1 1 1 1 1 1 1 2 38 1 0 1 1 1 2 1 1 1 2 2 1 0
query13050 161.46 60% 0 427560 1.00 1.00 4 4 PATH 32026 31673 1 1 1 1 1 31663 1 355 1 1 0 1 1 1 1 1 2 1 31663 1 1 0
query11410 2.99 84% 0 109780 1.00 1.00 12 3 STAR 28 15 4 1 7 1 10 1 1 1 1 1 0 2 1 4 1 2 1 1 1 1 1 0
query12705 4.49 100% 0 153096 1.00 1.00 13 4 PATH 916 77 1 892 5 1 1 1 1 4 9 1 0 1 2 2 1 1 1 1 65 2 1 0
query18322 3.55 84% 0 109492 1.00 1.00 15 6 PATH 14 14 1 1 1 3 1 2 1 1 2 1 0 1 1 1 2 1 2 1 1 3 1 0
query2950 3.16 81% 0 108472 1.00 1.00 11 2 PATH 12 12 1 1 1 1 2 1 1 1 2 1 0 1 1 1 1 2 1 1 1 2 1 0
query15676 2.68 75% 0 110260 1.00 1.00 19 5 PATH 45 18 1 1 18 18 1 1 2 1 1 1 0 1 1 2 2 1 1 7 1 1 1 0
query11643 2.60 80% 0 109308 1.00 1.00 13 4 PATH 20 14 2 1 1 1 5 1 1 1 6 1 0 2 1 1 1 3 1 1 1 2 1 0
query1576 3.56 84% 0 108852 1.00 1.00 11 2 PATH 12 12 1 1 1 1 2 1 2 1 1 1 0 1 1 1 1 2 1 2 1 1 1 0
query20531 3.24 81% 0 110420 1.00 1.00 7 7 PATH 14 15 1 1 1 1 1 1 1 3 3 1 0 1 1 1 3 1 1 1 2 3 1 0
query10276 2.90 82% 0 110264 1.00 1.00 2 3 STAR 10 21 1 1 1 1 1 1 1 1 1 1 0 2 2 2 2 3 2 2 2 2 2 0
query10162 2.52 87% 0 108664 1.00 1.00 12 3 STAR 12 12 1 1 1 1 2 1 1 2 1 1 0 1 1 1 1 2 1 1 2 1 1 0
query11690 2.59 80% 0 108840 1.00 1.00 4 4 PATH 12 12 1 1 1 2 2 1 1 1 1 1 0 1 1 1 2 2 1 1 1 1 1 0
query19971 100.39 54% 0 374744 1.00 1.00 15 6 PATH 18586 18618 12 1 2 1 1 18565 1 1 1 1 0 23 1 22 1 18565 2 1 1 1 1 0
query14384 2.95 83% 0 109568 1.00 1.00 13 4 STAR 15 14 1 1 1 1 2 1 1 3 3 1 0 1 1 1 1 2 1 1 3 2 1 0
query12807 4.58 107% 0 160952 1.00 1.00 4 4 PATH 204 204 1 1 1 194 1 1 1 1 2 1 0 1 1 1 2 1 1 1 1 194 1 0
query9663 2.94 81% 0 108500 1.00 1.00 12 3 STAR 12 12 1 1 1 1 1 1 2 1 1 2 0 1 1 1 1 1 1 2 1 1 2 0
query4652 2.88 81% 0 108632 1.00 1.00 11 2 STAR 12 12 1 2 1 2 1 1 1 1 1 1 0 1 2 1 2 1 1 1 1 1 1 0
query103 2.85 80% 0 108708 1.00 1.00 11 2 PATH 12 12 1 1 1 2 1 1 1 1 2 1 0 1 1 1 2 1 1 1 1 2 1 0
query15612 16.83 79% 0 314300 1.00 1.00 14 5 PATH 1978 1978 1 1 1 1 2 1 3 1 1 1966 0 1 1 1 1 2 1966 2 1 1 2 0
query16717 3.68 102% 0 136520 1.00 1.00 5 5 PATH 449 46 1 1 1 1 438 2 1 1 1 2 0 1 1 1 1 2 2 1 1 1 35 0
query17592 2.90 78% 0 109368 1.00 1.00 14 5 STAR 29 14 1 5 1 11 1 1 1 1 6 1 0 1 2 1 3 1 1 1 1 2 1 0
query10013 2.60 76% 0 108608 1.00 1.00 3 3 STAR 12 12 1 1 2 1 1 1 2 1 1 1 0 1 1 2 1 1 1 2 1 1 1 0
query7104 2.91 82% 0 109892 1.00 1.00 1 2 STAR 10 21 1 1 1 1 1 1 1 1 1 1 0 2 2 2 3 2 2 2 2 2 2 0
query5399 2.89 72% 0 107684 1.00 1.00 2 2 STAR 11 11 1 1 1 1 2 1 1 1 1 1 0 1 1 1 1 2 1 1 1 1 1 0
query13898 2.59 74% 0 109016 1.00 1.00 4 4 STAR 12 12 1 1 1 1 1 1 1 2 2 1 0 1 1 1 1 1 1 1 2 2 1 0
query11636 16.53 102% 0 318712 1.00 1.00 4 4 PATH 1732 1731 1 3 1 1 1 1 1721 1 1 1 0 1 1721 1 1 1 1 2 1 1 1 0
query13763 2.61 79% 0 109440 1.00 1.00 22 4 STAR 12 13 1 1 1 1 2 1 1 1 1 2 0 1 1 1 1 2 1 1 1 2 2 0
query13375 2.93 75% 0 110164 1.00 1.00 5 4 STAR 10 20 1 1 1 1 1 1 1 1 1 1 0 2 2 2 2 2 2 2 2 2 2 0
query10866 2.91 79% 0 108748 1.00 1.00 12 3 STAR 12 12 1 1 1 1 2 2 1 1 1 1 0 1 1 1 1 2 2 1 1 1 1 0
query16755 2.82 76% 0 111496 1.00 1.00 5 5 PATH 55 19 1 1 1 3 1 1 1 43 2 1 0 1 1 1 8 1 1 1 2 2 1 0
query11331 2.86 79% 0 108436 1.00 1.00 12 3 STAR 12 12 1 1 1 2 1 1 1 1 1 2 0 1 1 1 2 1 1 1 1 1 2 0
query790 2.83 80% 0 108640 1.00 1.00 11 2 PATH 12 12 1 1 1 2 1 1 1 1 2 1 0 1 1 1 2 1 1 1 1 2 1 0
query20534 2.63 78% 0 109872 1.00 1.00 7 7 PATH 12 13 1 1 1 1 1 1 1 2 2 1 0 1 1 1 2 1 1 1 2 2 1 0
query11333 2.11 88% 0 108892 1.00 1.00 12 3 STAR 12 12 1 1 1 2 1 1 1 1 1 2 0 1 1 1 2 1 1 1 1 1 2 0
query12655 2.64 80% 0 109976 1.00 1.00 22 4 PATH 22 16 1 1 1 11 1 2 2 1 1 1 0 1 1 1 2 3 2 3 1 1 1 0
query5320 2.93 78% 0 108148 1.00 1.00 2 2 STAR 11 11 1 1 1 1 2 1 1 1 1 1 0 1 1 1 1 2 1 1 1 1 1 0
query13829 3.35 85% 0 111056 1.00 1.00 13 4 STAR 62 18 1 1 1 1 8 1 1 7 1 40 0 1 1 1 1 6 1 1 3 1 2 0
query1713 3.15 78% 0 108876 1.00 1.00 11 2 PATH 12 12 1 1 1 1 1 1 2 1 1 2 0 1 1 1 1 1 1 2 1 1 2 0
query11954 2.66 75% 0 109492 1.00 1.00 9 4 PATH 30 14 1 1 1 1 6 1 1 1 1 16 0 1 1 1 1 2 1 1 1 1 4 0
query14496 2.59 78% 0 108976 1.00 1.00 13 4 STAR 11 12 1 1 2 1 1 1 1 1 1 1 0 1 1 2 1 2 1 1 1 1 1 0
query2844 3.22 78% 0 107600 1.00 1.00 2 2 PATH 11 11 1 1 2 1 1 1 1 1 1 1 0 1 1 2 1 1 1 1 1 1 1 0
query12690 3.44 96% 0 155156 1.00 1.00 13 4 PATH 906 76 1 892 5 1 1 1 1 2 1 1 0 1 2 2 1 1 1 1 65 1 1 0
query20478 2.60 79% 0 108748 1.00 1.00 6 6 STAR 11 12 1 1 1 1 1 2 1 1 1 1 0 1 1 2 1 1 2 1 1 1 1 0
query13274 2.99 78% 0 109064 1.00 1.00 4 4 STAR 12 12 1 1 1 1 1 1 2 1 2 1 0 1 1 1 1 1 1 2 1 2 1 0
query11827 92.11 71% 0 360884 1.00 1.00 4 4 PATH 17870 17861 17851 1 1 1 1 1 1 1 1 11 0 2 1 1 1 1 1 1 1 1 17851 0
query9382 8.32 95% 0 231672 1.00 1.00 3 3 PATH 6657 428 1 1 1 1 1 6189 1 460 1 1 0 1 1 1 1 1 2 1 418 1 1 0
query11445 2.60 76% 0 108940 1.00 1.00 12 3 STAR 11 12 1 1 2 1 1 1 1 1 1 1 0 1 1 2 1 2 1 1 1 1 1 0
query16860 3.09 96% 0 116724 1.00 1.00 5 5 PATH 52 53 1 1 1 1 1 1 1 1 43 1 0 1 1 1 1 43 1 1 1 2 1 0
query3872 3.17 80% 0 109020 1.00 1.00 11 2 STAR 14 13 1 1 1 1 1 1 3 1 3 1 0 1 1 1 1 1 1 3 1 2 1 0
query134 2.58 76% 0 108876 1.00 1.00 11 2 PATH 12 12 1 1 2 1 1 1 1 1 1 2 0 1 1 2 1 1 1 1 1 1 2 0
query11704 2.90 73% 0 108736 1.00 1.00 4 4 PATH 11 12 1 1 1 2 1 1 1 1 1 1 0 1 1 1 2 2 1 1 1 1 1 0
query4068 2.57 80% 0 108604 1.00 1.00 11 2 STAR 12 12 1 1 1 2 1 2 1 1 1 1 0 1 1 1 2 1 2 1 1 1 1 0
query5940 2.87 80% 0 108808 1.00 1.00 11 2 STAR 12 12 1 2 1 1 1 2 1 1 1 1 0 1 2 1 1 1 2 1 1 1 1 0
query9142 2.63 88% 0 109340 1.00 1.00 8 3 PATH 20 14 1 1 1 6 1 1 1 1 6 1 0 1 1 1 4 1 1 1 1 2 1 0
query13978 2.96 74% 0 109532 1.00 1.00 22 4 STAR 15 14 1 1 1 3 1 1 1 3 2 1 0 1 1 1 2 1 1 1 3 2 1 0
