query1347 1800.00 0% 0 1432 0.00 1.00 4 2 PATH 1250 15 0 1 1 1 1 1 1 1 621 1 621 0 1 1 1 3 1 2 1 2 1 2
query18500 1800.00 0% 0 1428 0.00 1.00 12 6 PATH 3418 25 0 1 1 559 1 1212 447 1194 1 1 1 0 1 1 6 1 4 5 4 1 1 1
query20525 3.07 82% 0 118980 1.00 1.00 14 7 PATH 52 34 0 3 18 5 1 2 2 5 10 3 3 0 3 9 4 1 2 2 3 5 3 2
query9322 3.28 84% 0 110808 1.00 1.00 6 3 PATH 23 18 0 1 4 5 1 4 3 2 1 1 1 0 1 3 3 1 3 2 2 1 1 1
query1313 2.60 77% 0 109316 1.00 1.00 4 2 PATH 17 15 0 3 1 3 1 1 1 1 3 2 1 0 3 1 2 1 1 1 1 2 2 1
query6490 2.59 78% 0 109448 1.00 1.00 4 2 STAR 15 15 0 1 2 1 3 1 2 2 1 1 1 0 1 2 1 3 1 2 2 1 1 1
query9529 2.94 74% 0 110212 1.00 1.00 4 3 STAR 10 20 0 1 1 1 1 1 1 1 1 1 1 0 2 2 2 2 2 2 2 2 2 2
query4885 2.94 78% 0 109204 1.00 1.00 4 2 STAR 12 13 0 1 1 1 1 2 1 1 1 2 1 0 1 2 1 1 2 1 1 1 2 1
query15651 3.05 80% 0 114420 1.00 1.00 10 5 PATH 125 27 0 1 9 5 3 2 1 59 5 39 1 0 1 3 6 3 2 1 3 2 5 1
query15484 3.03 87% 0 113444 1.00 1.00 10 5 PATH 124 25 0 1 2 37 19 3 55 4 1 1 1 0 1 2 3 3 3 5 5 1 1 1
query10601 2.64 81% 0 111048 1.00 1.00 6 3 STAR 97 19 0 1 1 2 1 23 2 29 1 36 1 0 1 1 2 1 3 2 3 1 4 1
query7558 3.18 81% 0 110188 1.00 1.00 6 3 PATH 19 19 0 2 2 1 1 3 3 1 2 3 1 0 2 2 1 1 3 3 1 2 3 1
query9495 2.60 81% 0 110284 1.00 1.00 4 3 STAR 10 20 0 1 1 1 1 1 1 1 1 1 1 0 2 2 2 2 2 2 2 2 2 2
query7334 3.22 83% 0 110528 1.00 1.00 6 3 PATH 17 18 0 1 1 2 1 4 2 2 1 2 1 0 1 1 2 1 5 2 2 1 2 1
query3088 2.60 83% 0 109364 1.00 1.00 4 2 STAR 15 15 0 1 1 3 2 1 2 2 1 1 1 0 1 1 3 2 1 2 2 1 1 1
query20550 3.11 94% 0 119644 1.00 1.00 14 7 PATH 77 34 0 4 16 6 1 3 4 11 22 3 7 0 3 9 4 1 2 2 3 5 2 3
query15025 2.78 93% 0 112784 1.00 1.00 10 5 PATH 28 26 0 9 3 3 1 1 2 1 1 6 1 0 8 2 3 1 1 2 1 1 6 1
query18887 2.64 115% 0 122192 1.00 1.00 12 6 PATH 278 31 0 16 111 10 1 5 114 18 1 1 1 0 5 7 3 1 2 5 5 1 1 1
query1674 2.61 77% 0 109460 1.00 1.00 4 2 PATH 13 14 0 2 2 1 2 1 1 1 1 1 1 0 2 2 1 3 1 1 1 1 1 1
query3157 2.90 80% 0 109608 1.00 1.00 4 2 STAR 15 15 0 2 1 1 1 1 1 3 3 1 1 0 2 1 1 1 1 1 3 3 1 1
query9100 2.22 100% 0 109816 1.00 1.00 6 3 PATH 16 16 0 2 5 1 1 1 1 2 1 1 1 0 2 4 1 1 1 1 3 1 1 1
query3774 2.59 79% 0 108564 1.00 1.00 3 2 STAR 13 13 0 1 1 2 1 2 1 1 1 2 1 0 1 1 2 1 2 1 1 1 2 1
query1200 2.92 73% 0 109456 1.00 1.00 4 2 PATH 27 16 0 1 1 10 1 5 1 1 1 5 1 0 1 1 4 1 2 1 1 1 3 1
query11895 2.40 105% 0 111948 1.00 1.00 8 4 PATH 31 22 0 1 2 5 1 4 2 1 8 4 3 0 1 2 3 1 3 2 1 4 3 2
query20727 2.92 77% 0 108988 1.00 1.00 11 7 STAR 10 11 0 1 1 1 1 1 1 1 1 1 1 0 1 1 1 1 1 1 2 1 1 1
query13139 3.58 87% 0 111856 1.00 1.00 8 4 PATH 40 22 0 6 4 6 8 6 6 1 1 1 1 0 2 3 2 5 3 3 1 1 1 1
query7552 3.20 81% 0 110088 1.00 1.00 6 3 PATH 15 16 0 1 1 1 1 3 2 1 2 2 1 0 2 1 1 1 3 2 1 2 2 1
query1657 2.59 76% 0 109472 1.00 1.00 4 2 PATH 13 14 0 2 1 1 2 1 2 1 1 1 1 0 2 1 1 2 1 3 1 1 1 1
query4280 2.58 75% 0 109180 1.00 1.00 3 2 STAR 14 14 0 1 1 3 2 1 2 1 1 1 1 0 1 1 3 2 1 2 1 1 1 1
query17226 3.27 84% 0 110996 1.00 1.00 8 5 STAR 10 20 0 1 1 1 1 1 1 1 1 1 1 0 2 2 2 2 2 2 2 2 2 2
query6948 3.19 81% 0 109168 1.00 1.00 4 2 STAR 18 15 0 1 1 1 2 6 3 1 1 1 1 0 1 1 1 2 4 2 1 1 1 1
query9680 2.62 81% 0 109584 1.00 1.00 6 3 STAR 14 16 0 2 1 1 3 2 1 1 1 1 1 0 3 1 1 4 2 1 1 1 1 1
query12069 3.07 83% 0 113804 1.00 1.00 8 4 PATH 279 22 0 1 1 75 1 75 1 98 24 1 2 0 1 1 2 1 2 1 5 5 1 3
query17301 2.64 84% 0 111864 1.00 1.00 9 5 STAR 61 23 0 1 4 3 17 17 15 1 1 1 1 0 1 3 2 5 4 4 1 1 1 1
query16669 3.27 86% 0 112960 1.00 1.00 10 5 PATH 40 27 0 7 1 7 3 3 8 3 1 6 1 0 3 1 5 3 2 6 2 1 3 1
query7502 2.89 82% 0 110500 1.00 1.00 4 3 PATH 10 20 0 1 1 1 1 1 1 1 1 1 1 0 2 2 2 2 2 2 2 2 2 2
query1333 2.91 72% 0 109248 1.00 1.00 4 2 PATH 15 15 0 3 1 2 1 1 1 1 2 2 1 0 3 1 2 1 1 1 1 2 2 1
query6327 2.59 80% 0 108992 1.00 1.00 4 2 STAR 12 13 0 1 2 1 1 2 1 1 1 1 1 0 2 2 1 1 2 1 1 1 1 1
query246 2.63 85% 0 109024 1.00 1.00 4 2 PATH 14 14 0 2 1 3 2 1 1 1 1 1 1 0 2 1 3 2 1 1 1 1 1 1
query19597 3.01 87% 0 118420 1.00 1.00 12 6 PATH 40 28 0 4 1 15 3 5 1 2 1 7 1 0 4 2 7 3 3 1 2 1 4 1
query2357 2.60 85% 0 110496 1.00 1.00 5 2 PATH 26 18 0 1 3 1 5 3 1 5 1 1 5 0 1 2 1 3 2 1 3 1 1 3
query10014 2.61 86% 0 110308 1.00 1.00 6 3 STAR 17 18 0 1 1 1 2 2 2 1 4 1 2 0 1 1 1 2 2 3 1 4 1 2
query14822 3.03 80% 0 112632 1.00 1.00 10 5 PATH 48 26 0 1 3 8 2 8 3 12 3 7 1 0 1 3 3 2 2 3 5 3 3 1
query11724 3.49 95% 0 111444 1.00 1.00 8 4 PATH 163 20 0 2 77 2 1 1 2 1 75 1 1 0 2 5 2 1 1 2 2 3 1 1
query13050 1800.00 0% 0 1432 0.00 1.00 8 4 PATH 5240 24 0 1 7 78 1 2630 67 2453 1 1 1 0 1 2 5 1 6 3 3 1 1 1
query11410 2.59 75% 0 109984 1.00 1.00 6 3 STAR 37 17 0 1 1 1 1 4 16 10 1 1 1 0 1 1 1 1 2 4 3 2 1 1
query12705 2.64 82% 0 111620 1.00 1.00 8 4 PATH 71 22 0 2 25 3 1 7 2 1 21 8 1 0 2 3 3 1 3 2 1 2 4 1
query18322 3.03 80% 0 118028 1.00 1.00 12 6 PATH 36 30 0 5 8 3 1 3 1 5 3 2 5 0 5 6 3 1 3 1 3 3 2 3
query2950 2.91 74% 0 109592 1.00 1.00 4 2 PATH 13 14 0 1 2 1 1 2 2 1 1 1 1 0 1 2 1 1 2 3 1 1 1 1
query15676 2.72 77% 0 113320 1.00 1.00 10 5 PATH 121 26 0 1 35 1 2 1 2 38 18 22 1 0 1 3 1 3 1 2 6 2 6 1
query11643 2.99 80% 0 112724 1.00 1.00 9 4 PATH 92 25 0 10 30 1 1 6 15 1 17 1 10 0 3 6 1 1 2 4 1 3 1 3
query1576 2.60 78% 0 109352 1.00 1.00 4 2 PATH 13 14 0 1 1 1 2 1 2 2 1 1 1 0 1 1 1 3 1 2 2 1 1 1
query20531 2.77 88% 0 118976 1.00 1.00 14 7 PATH 64 34 0 4 18 5 1 3 3 7 14 3 6 0 3 9 4 1 2 2 3 5 2 3
query10276 2.61 85% 0 109596 1.00 1.00 4 3 STAR 10 20 0 1 1 1 1 1 1 1 1 1 1 0 2 2 2 2 2 2 2 2 2 2
query10162 2.60 76% 0 109964 1.00 1.00 5 3 STAR 14 15 0 1 1 3 2 1 2 1 1 1 1 0 1 1 4 2 1 2 1 1 1 1
query11690 2.60 86% 0 111576 1.00 1.00 8 4 PATH 24 23 0 2 3 4 1 1 4 4 3 1 1 0 2 3 3 1 1 4 4 3 1 1
query19971 1800.00 0% 0 1428 0.00 1.00 12 6 PATH 2158 22 0 1 2 1062 1 14 1062 13 1 1 1 0 1 3 3 1 4 3 2 2 1 2
query14384 2.62 80% 0 111296 1.00 1.00 8 4 STAR 26 21 0 2 5 5 1 4 4 1 2 1 1 0 3 3 3 1 3 3 1 2 1 1
query12807 2.62 78% 0 111800 1.00 1.00 8 4 PATH 24 23 0 3 5 1 1 1 4 4 3 1 1 0 3 4 1 1 1 4 4 3 1 1
query9663 2.61 77% 0 110416 1.00 1.00 6 3 STAR 19 19 0 3 2 1 4 2 3 1 1 1 1 0 3 2 1 4 2 3 1 1 1 1
query4652 2.59 75% 0 109080 1.00 1.00 3 2 STAR 13 13 0 1 1 1 2 1 1 2 1 2 1 0 1 1 1 2 1 1 2 1 2 1
query103 2.90 78% 0 109604 1.00 1.00 4 2 PATH 13 14 0 1 2 1 1 2 1 2 1 1 1 0 1 2 1 1 2 1 3 1 1 1
query15612 3.63 97% 0 113244 1.00 1.00 10 5 PATH 80 27 0 10 10 19 5 23 5 5 1 1 1 0 5 5 2 3 4 2 3 1 1 1
query16717 2.62 86% 0 117220 1.00 1.00 10 5 PATH 30 27 0 3 1 6 4 2 7 2 1 3 1 0 3 1 5 3 2 6 2 1 3 1
query17592 3.01 78% 0 113700 1.00 1.00 10 5 STAR 129 26 0 5 38 1 1 1 34 26 1 21 1 0 3 8 1 1 1 5 3 1 2 1
query10013 2.61 76% 0 110364 1.00 1.00 6 3 STAR 19 19 0 1 1 1 2 2 3 1 5 1 2 0 1 1 1 2 2 3 1 5 1 2
query7104 2.98 80% 0 109992 1.00 1.00 1 2 STAR 10 21 0 1 1 1 1 1 1 1 1 1 1 0 2 2 2 2 2 2 3 2 2 2
query5399 2.58 85% 0 109512 1.00 1.00 4 2 STAR 15 15 0 1 2 3 1 1 3 1 1 1 1 0 1 2 3 1 1 3 1 1 1 1
query13898 2.67 75% 0 111276 1.00 1.00 8 4 STAR 24 23 0 4 7 2 1 4 1 2 1 1 1 0 3 7 2 1 4 1 2 1 1 1
query11636 2.62 78% 0 110992 1.00 1.00 7 4 PATH 25 21 0 1 1 3 6 1 1 4 1 6 1 0 1 1 2 4 3 1 3 1 4 1
query13763 2.94 80% 0 110244 1.00 1.00 8 4 STAR 14 17 0 1 3 1 2 1 2 1 1 1 1 0 2 5 1 2 1 2 1 1 1 1
query13375 2.22 103% 0 110044 1.00 1.00 6 4 STAR 10 20 0 1 1 1 1 1 1 1 1 1 1 0 2 2 2 2 2 2 2 2 2 2
query10866 2.92 74% 0 110380 1.00 1.00 6 3 STAR 16 17 0 2 3 2 1 2 2 1 1 1 1 0 2 3 3 1 2 2 1 1 1 1
query16755 3.40 87% 0 125044 1.00 1.00 10 5 PATH 344 27 0 6 4 8 1 4 2 190 1 1 127 0 3 4 5 1 4 2 3 1 1 3
query11331 2.61 81% 0 110384 1.00 1.00 6 3 STAR 17 18 0 4 3 1 1 1 1 2 1 2 1 0 4 3 1 1 1 1 3 1 2 1
query790 2.59 75% 0 109020 1.00 1.00 4 2 PATH 15 15 0 1 2 1 3 1 1 2 2 1 1 0 1 2 1 3 1 1 2 2 1 1
query20534 3.14 92% 0 118196 1.00 1.00 14 7 PATH 55 34 0 4 18 5 1 4 2 3 13 3 2 0 3 9 4 1 3 2 3 5 2 2
query11333 2.05 91% 0 109752 1.00 1.00 6 3 STAR 14 16 0 3 2 1 1 1 1 2 1 1 1 0 4 2 1 1 1 1 3 1 1 1
query12655 2.69 81% 0 111084 1.00 1.00 8 4 PATH 45 20 0 1 1 2 3 2 2 21 1 1 11 0 1 2 2 3 2 3 3 1 1 2
query5320 2.58 79% 0 109632 1.00 1.00 4 2 STAR 15 15 0 1 2 3 1 1 3 1 1 1 1 0 1 2 3 1 1 3 1 1 1 1
query13829 3.84 109% 0 129548 1.00 1.00 8 4 STAR 991 24 0 477 463 16 1 14 16 1 1 1 1 0 6 4 3 1 3 3 1 1 1 1
query1713 3.17 80% 0 109632 1.00 1.00 4 2 PATH 15 15 0 2 2 1 3 1 2 1 1 1 1 0 2 2 1 3 1 2 1 1 1 1
query11954 2.65 82% 0 112120 1.00 1.00 8 4 PATH 94 23 0 28 33 1 2 1 20 6 1 1 1 0 3 5 1 2 1 6 2 1 1 1
query14496 3.17 82% 0 110600 1.00 1.00 8 4 STAR 21 19 0 1 1 1 3 1 8 1 2 1 2 0 1 1 1 3 1 6 1 2 1 2
query2844 3.16 82% 0 109580 1.00 1.00 4 2 PATH 13 14 0 1 1 1 1 1 1 2 3 1 1 0 1 1 1 1 1 1 2 4 1 1
query12690 2.62 78% 0 111920 1.00 1.00 8 4 PATH 39 23 0 2 13 3 1 3 2 1 9 4 1 0 2 3 3 1 3 2 1 3 4 1
query12543 4.18 104% 0 148804 1.00 1.00 8 4 PATH 2639 23 0 2 942 1 1 1 125 286 1006 274 1 0 2 3 1 1 1 3 3 5 3 1
query20478 2.94 92% 0 117900 1.00 1.00 12 6 STAR 23 26 0 1 4 1 5 5 1 2 2 1 1 0 1 4 1 7 4 1 3 3 1 1
query13274 2.91 86% 0 111780 1.00 1.00 8 4 STAR 21 22 0 2 4 1 4 1 1 2 4 1 1 0 2 4 1 5 1 1 2 4 1 1
query11827 2.64 81% 0 111908 1.00 1.00 8 4 PATH 73 22 0 14 1 8 17 1 1 8 1 1 21 0 4 1 3 3 1 1 3 1 1 4
query9382 1800.00 0% 0 1432 0.00 1.00 6 3 PATH 2100 20 0 1 1 1209 1 5 875 5 1 1 1 0 1 3 3 1 4 3 2 1 1 1
query11445 2.60 78% 0 110416 1.00 1.00 6 3 STAR 24 17 0 1 1 1 1 4 7 4 2 1 2 0 1 1 1 1 3 3 2 2 1 2
query16860 2.65 82% 0 112464 1.00 1.00 10 5 PATH 28 26 0 1 7 1 1 5 7 3 1 1 1 0 1 6 1 1 5 7 2 1 1 1
query3872 2.91 73% 0 109548 1.00 1.00 4 2 STAR 19 16 0 1 3 1 4 3 1 1 3 1 1 0 1 2 1 3 3 1 1 2 1 1
query134 2.90 72% 0 109560 1.00 1.00 4 2 PATH 15 15 0 3 2 1 1 1 1 1 2 1 2 0 3 2 1 1 1 1 1 2 1 2
query11704 2.62 80% 0 110712 1.00 1.00 8 4 PATH 18 20 0 2 2 2 1 1 2 4 2 1 1 0 2 3 3 1 1 2 4 2 1 1
query4068 2.58 77% 0 109740 1.00 1.00 4 2 STAR 15 15 0 1 1 1 3 2 1 2 1 1 2 0 1 1 1 3 2 1 2 1 1 2
query5940 2.90 74% 0 109248 1.00 1.00 4 2 STAR 15 15 0 3 1 1 1 2 1 2 1 2 1 0 3 1 1 1 2 1 2 1 2 1
query9142 2.96 81% 0 110784 1.00 1.00 6 3 PATH 35 19 0 2 12 1 1 1 1 3 12 1 1 0 2 4 1 1 1 1 3 4 1 1
query13978 2.61 84% 0 111540 1.00 1.00 8 4 STAR 23 21 0 3 3 3 3 1 2 3 3 1 1 0 3 3 3 3 1 2 2 2 1 1
