query1347 3.54 92% 0 116332 0 1.00 2 2 PATH 630 12 0 1 1 1 1 1 1 1 621 1 1 0 1 1 1 2 1 1 1 2 1 1
query18500 35.17 89% 0 343888 1.00 1.00 6 6 PATH 5625 5288 0 1 1 339 1 5278 1 1 1 1 1 0 1 1 5278 1 2 1 1 1 1 1
query20525 3.07 82% 0 110096 1.00 1.00 7 7 PATH 12 13 0 1 2 2 1 1 1 1 1 1 1 0 1 2 2 1 1 1 2 1 1 1
query9322 5.22 93% 0 170540 1.00 1.00 3 3 PATH 1559 119 0 1 1 3 1 1548 1 1 1 1 1 0 1 1 109 1 2 1 1 1 1 1
query1313 2.58 82% 0 109032 .50 1.00 2 2 PATH 12 12 0 1 1 3 1 1 1 1 1 1 1 0 2 1 2 1 1 1 1 1 1 1
query6490 3.55 84% 0 108456 1.00 1.00 2 2 STAR 12 12 0 1 2 1 2 1 1 1 1 1 1 0 1 2 1 2 1 1 1 1 1 1
query9529 2.93 74% 0 110004 1.00 1.00 2 3 STAR 10 20 0 1 1 1 1 1 1 1 1 1 1 0 2 2 2 2 2 2 2 2 2 2
query4885 2.97 73% 0 107928 1.00 1.00 2 2 STAR 11 11 0 1 1 1 1 2 1 1 1 1 1 0 1 1 1 1 2 1 1 1 1 1
query15651 3.31 77% 0 110264 1.00 1.00 5 5 PATH 17 15 0 1 2 2 1 1 1 6 1 1 1 0 1 4 2 1 1 1 2 1 1 1
query15484 3.00 72% 0 108904 1.00 1.00 5 5 PATH 20 12 0 1 1 1 1 1 10 2 1 1 1 0 1 1 1 1 1 2 2 1 1 1
query10601 2.91 73% 0 108484 1.00 1.00 3 3 STAR 25 12 0 1 1 2 1 1 1 1 1 15 1 0 1 1 2 1 1 1 1 1 2 1
query7558 2.58 74% 0 108696 1.00 1.00 3 3 PATH 13 13 0 2 1 1 1 2 2 1 1 1 1 0 2 1 1 1 2 2 1 1 1 1
query9495 2.93 73% 0 110312 1.00 1.00 2 3 STAR 10 20 0 1 1 1 1 1 1 1 1 1 1 0 2 2 2 2 2 2 2 2 2 2
query7334 2.65 79% 0 108896 1.00 1.00 3 3 PATH 12 12 0 1 1 2 1 2 1 1 1 1 1 0 1 1 2 1 2 1 1 1 1 1
query3088 2.59 75% 0 109016 1.00 1.00 2 2 STAR 12 12 0 1 1 2 2 1 1 1 1 1 1 0 1 1 2 2 1 1 1 1 1 1
query20550 3.33 78% 0 109796 1.00 1.00 7 7 PATH 17 16 0 1 4 4 1 1 1 2 1 1 1 0 1 4 2 1 1 1 3 1 1 1
query15025 4.25 95% 0 132028 1.00 1.00 5 5 PATH 399 41 0 389 1 2 1 1 1 1 1 1 1 0 2 1 31 1 1 1 1 1 1 1
query18887 11.54 70% 0 246672 1.00 1.00 6 6 PATH 832 833 0 58 766 1 1 1 1 1 1 1 1 0 2 58 1 1 1 1 766 1 1 1
query1674 3.25 79% 0 108604 1.00 1.00 2 2 PATH 11 12 0 2 1 1 1 1 1 1 1 1 1 0 2 1 1 2 1 1 1 1 1 1
query3157 2.42 98% 0 107896 1.00 1.00 2 2 STAR 11 11 0 1 1 1 1 1 1 1 2 1 1 0 1 1 1 1 1 1 1 2 1 1
query9100 2.84 81% 0 109116 1.00 1.00 3 3 PATH 13 12 0 1 4 1 1 1 1 1 1 1 1 0 1 2 1 1 1 1 2 1 1 1
query3774 2.90 72% 0 108532 1.00 1.00 2 2 STAR 12 12 0 1 1 2 1 1 1 1 1 2 1 0 1 1 2 1 1 1 1 1 2 1
query1200 2.34 92% 0 107676 1.00 1.00 2 2 PATH 14 11 0 1 1 5 1 1 1 1 1 1 1 0 1 1 2 1 1 1 1 1 1 1
query11895 2.97 74% 0 109672 .50 1.00 4 4 PATH 13 14 0 1 2 1 1 1 1 1 3 1 1 0 1 2 3 1 1 1 1 2 1 1
query20727 3.31 77% 0 108392 1.00 1.00 7 7 STAR 10 11 0 1 1 1 1 1 1 1 1 1 1 0 1 1 1 1 1 1 2 1 1 1
query13139 3.06 71% 0 110076 .50 1.00 4 4 PATH 15 17 0 6 1 1 1 1 1 1 1 1 1 0 2 2 1 6 1 1 1 1 1 1
query7552 2.98 76% 0 109300 1.00 1.00 3 3 PATH 12 13 0 1 1 1 1 2 2 1 1 1 1 0 2 1 1 1 2 2 1 1 1 1
query1657 2.95 77% 0 108860 1.00 1.00 2 2 PATH 11 12 0 2 1 1 1 1 1 1 1 1 1 0 2 1 1 1 1 2 1 1 1 1
query4280 2.58 74% 0 109104 1.00 1.00 2 2 STAR 11 12 0 1 1 1 2 1 1 1 1 1 1 0 1 1 2 2 1 1 1 1 1 1
query17226 2.61 84% 0 110288 1.00 1.00 4 5 STAR 10 20 0 1 1 1 1 1 1 1 1 1 1 0 2 2 2 2 2 2 2 2 2 2
query6948 2.57 78% 0 108052 1.00 1.00 2 2 STAR 12 11 0 1 1 1 1 3 1 1 1 1 1 0 1 1 1 1 2 1 1 1 1 1
query9680 3.18 79% 0 108632 1.00 1.00 3 3 STAR 11 12 0 1 1 1 2 1 1 1 1 1 1 0 2 1 1 2 1 1 1 1 1 1
query12069 123.46 52% 0 579200 0.00 1.00 4 4 PATH 181162 11985 0 1 1 1629 1 1 1 179525 1 1 1 0 1 1 11974 1 1 1 2 2 1 1
query17301 3.10 75% 0 113988 1.00 1.00 5 5 STAR 37 38 0 1 1 3 1 26 1 1 1 1 1 0 1 1 2 26 3 1 1 1 1 1
query16669 6.16 107% 0 181460 1.00 1.00 5 5 PATH 1761 134 0 2 1 1 1 3 1749 1 1 1 1 0 122 1 1 1 2 3 1 1 1 1
query7502 2.71 81% 0 110004 1.00 1.00 2 3 PATH 10 21 0 1 1 1 1 1 1 1 1 1 1 0 2 3 2 2 2 2 2 2 2 2
query1333 2.90 71% 0 108360 1.00 1.00 2 2 PATH 12 12 0 2 1 2 1 1 1 1 1 1 1 0 2 1 2 1 1 1 1 1 1 1
query6327 2.63 82% 0 107888 1.00 1.00 2 2 STAR 11 11 0 1 2 1 1 1 1 1 1 1 1 0 1 2 1 1 1 1 1 1 1 1
query246 2.58 75% 0 108472 1.00 1.00 2 2 PATH 11 12 0 2 1 1 1 1 1 1 1 1 1 0 2 1 2 1 1 1 1 1 1 1
query19597 4.14 89% 0 129444 1.00 1.00 6 6 PATH 97 96 0 2 1 3 1 1 1 85 1 1 1 0 85 1 2 1 1 1 2 1 1 1
query2357 2.58 80% 0 108360 .50 1.00 2 2 PATH 14 12 0 1 3 1 3 1 1 1 1 1 1 0 1 2 1 2 1 1 1 1 1 1
query10014 2.91 76% 0 108924 1.00 1.00 3 3 STAR 12 12 0 1 1 1 2 1 1 1 2 1 1 0 1 1 1 2 1 1 1 2 1 1
query14822 2.94 74% 0 109764 .33 1.00 5 5 PATH 14 13 0 1 1 1 1 1 2 4 1 1 1 0 1 1 2 1 1 2 2 1 1 1
query11724 2.61 74% 0 109504 1.00 1.00 4 4 PATH 48 13 0 2 38 1 1 1 1 1 1 1 1 0 2 2 1 1 1 1 2 1 1 1
query13050 159.54 60% 0 438464 1.00 1.00 4 4 PATH 32026 31673 0 1 1 355 1 31663 1 1 1 1 1 0 1 1 31663 1 2 1 1 1 1 1
query11410 2.93 78% 0 109388 .11 1.00 3 3 STAR 19 12 0 1 1 1 1 1 10 1 1 1 1 0 1 1 1 1 1 2 1 2 1 1
query12705 3.98 105% 0 147008 .33 1.00 4 4 PATH 904 76 0 1 1 4 1 1 1 1 1 892 1 0 1 2 65 1 1 1 1 1 2 1
query18322 2.92 73% 0 109440 1.00 1.00 6 6 PATH 14 14 0 1 2 1 1 2 1 3 1 1 1 0 1 3 1 1 2 1 2 1 1 1
query2950 2.90 76% 0 108632 1.00 1.00 2 2 PATH 11 12 0 1 2 1 1 1 1 1 1 1 1 0 1 2 1 1 1 2 1 1 1 1
query15676 3.18 80% 0 109668 1.00 1.00 5 5 PATH 27 13 0 1 1 1 1 1 1 18 1 1 1 0 1 2 1 2 1 1 2 1 1 1
query11643 2.90 76% 0 108504 .20 1.00 4 4 PATH 16 12 0 1 6 1 1 1 2 1 1 1 1 0 1 2 1 1 1 2 1 1 1 1
query1576 3.39 85% 0 108884 1.00 1.00 2 2 PATH 11 12 0 1 1 1 1 1 2 1 1 1 1 0 1 1 1 2 1 2 1 1 1 1
query20531 3.07 83% 0 110076 1.00 1.00 7 7 PATH 14 15 0 1 3 3 1 1 1 1 1 1 1 0 1 3 2 1 1 1 3 1 1 1
query10276 2.95 78% 0 110360 1.00 1.00 2 3 STAR 10 21 0 1 1 1 1 1 1 1 1 1 1 0 2 2 2 2 2 3 2 2 2 2
query10162 2.95 74% 0 108884 1.00 1.00 3 3 STAR 12 12 0 1 1 2 2 1 1 1 1 1 1 0 1 1 2 2 1 1 1 1 1 1
query11690 1.97 91% 0 108432 1.00 1.00 4 4 PATH 12 12 0 1 1 1 1 1 2 2 1 1 1 0 1 1 1 1 1 2 2 1 1 1
query19971 101.59 55% 0 379488 0.00 1.00 6 6 PATH 18574 18576 0 1 1 1 1 18565 1 1 1 1 1 0 1 1 1 1 2 18565 1 2 1 1
query14384 2.58 79% 0 109304 .50 1.00 4 4 STAR 14 13 0 1 3 2 1 1 2 1 1 1 1 0 1 2 2 1 1 2 1 1 1 1
query12807 5.04 103% 0 159664 1.00 1.00 4 4 PATH 204 204 0 1 2 1 1 1 1 194 1 1 1 0 1 194 1 1 1 1 2 1 1 1
query9663 2.58 80% 0 108452 1.00 1.00 3 3 STAR 12 12 0 2 1 1 2 1 1 1 1 1 1 0 2 1 1 2 1 1 1 1 1 1
query4652 2.90 72% 0 108676 1.00 1.00 2 2 STAR 12 12 0 1 1 1 2 1 1 1 1 2 1 0 1 1 1 2 1 1 1 1 2 1
query103 2.85 81% 0 108856 1.00 1.00 2 2 PATH 11 12 0 1 2 1 1 1 1 1 1 1 1 0 1 2 1 1 1 1 2 1 1 1
query15612 16.91 75% 0 316568 .33 1.00 5 5 PATH 1975 1977 0 1966 1 1 1 1 1 1 1 1 1 0 2 1 1 2 1966 1 1 1 1 1
query16717 3.48 95% 0 138376 1.00 1.00 5 5 PATH 449 46 0 2 1 1 1 2 438 1 1 1 1 0 35 1 1 1 2 2 1 1 1 1
query17592 2.92 74% 0 109744 .20 1.00 5 5 STAR 15 12 0 1 6 1 1 1 1 1 1 1 1 0 1 2 1 1 1 1 2 1 1 1
query10013 2.91 76% 0 108848 1.00 1.00 3 3 STAR 12 12 0 1 1 1 2 1 1 1 2 1 1 0 1 1 1 2 1 1 1 2 1 1
query7104 2.59 80% 0 110460 1.00 1.00 1 2 STAR 10 21 0 1 1 1 1 1 1 1 1 1 1 0 2 2 2 2 2 2 3 2 2 2
query5399 3.52 85% 0 108400 1.00 1.00 2 2 STAR 11 11 0 1 1 1 1 1 2 1 1 1 1 0 1 1 1 1 1 2 1 1 1 1
query13898 2.58 82% 0 108560 1.00 1.00 4 4 STAR 12 12 0 1 2 2 1 1 1 1 1 1 1 0 1 2 2 1 1 1 1 1 1 1
query11636 15.47 98% 0 320840 1.00 1.00 4 4 PATH 1732 1731 0 1 1 1 1721 1 1 1 1 3 1 0 1 1 1 2 1 1 1 1 1721 1
query13763 2.91 72% 0 109308 1.00 1.00 4 4 STAR 11 13 0 1 1 1 2 1 1 1 1 1 1 0 2 2 1 2 1 1 1 1 1 1
query13375 2.88 82% 0 110396 1.00 1.00 5 4 STAR 10 20 0 1 1 1 1 1 1 1 1 1 1 0 2 2 2 2 2 2 2 2 2 2
query10866 2.92 77% 0 108832 1.00 1.00 3 3 STAR 12 12 0 2 1 1 1 1 2 1 1 1 1 0 2 1 1 1 1 2 1 1 1 1
query16755 3.13 79% 0 111572 1.00 1.00 5 5 PATH 55 19 0 1 2 43 1 1 1 3 1 1 1 0 1 2 2 1 1 1 8 1 1 1
query11331 3.24 80% 0 108484 1.00 1.00 3 3 STAR 11 12 0 2 1 1 1 1 1 1 1 1 1 0 2 1 1 1 1 1 2 1 1 1
query790 2.88 77% 0 108864 1.00 1.00 2 2 PATH 12 12 0 1 2 1 2 1 1 1 1 1 1 0 1 2 1 2 1 1 1 1 1 1
query20534 1.96 94% 0 109716 1.00 1.00 7 7 PATH 12 13 0 1 2 2 1 1 1 1 1 1 1 0 1 2 2 1 1 1 2 1 1 1
query11333 2.66 86% 0 108920 1.00 1.00 3 3 STAR 11 12 0 2 1 1 1 1 1 1 1 1 1 0 2 1 1 1 1 1 2 1 1 1
query12655 2.93 82% 0 109184 0.00 1.00 4 4 PATH 21 13 0 1 1 1 1 2 1 11 1 1 1 0 1 1 1 2 2 1 2 1 1 1
query5320 2.58 74% 0 107916 1.00 1.00 2 2 STAR 11 11 0 1 1 1 1 1 2 1 1 1 1 0 1 1 1 1 1 2 1 1 1 1
query13829 2.97 83% 0 108800 0.00 1.00 4 4 STAR 49 12 0 40 1 1 1 1 1 1 1 1 1 0 2 1 2 1 1 1 1 1 1 1
query1713 2.26 93% 0 108584 1.00 1.00 2 2 PATH 12 12 0 2 1 1 2 1 1 1 1 1 1 0 2 1 1 2 1 1 1 1 1 1
query11954 2.89 78% 0 108520 .20 1.00 4 4 PATH 18 12 0 4 1 1 1 1 6 1 1 1 1 0 2 1 1 1 1 2 1 1 1 1
query14496 2.85 78% 0 109072 1.00 1.00 4 4 STAR 11 12 0 1 1 1 1 1 1 1 2 1 1 0 1 1 1 1 1 2 1 2 1 1
query2844 2.89 79% 0 107532 1.00 1.00 2 2 PATH 11 11 0 1 1 1 1 1 1 1 2 1 1 0 1 1 1 1 1 1 1 2 1 1
query12690 3.58 106% 0 152580 1.00 1.00 4 4 PATH 906 76 0 1 5 2 1 1 1 1 1 892 1 0 1 2 65 1 1 1 1 1 2 1
query20478 3.17 81% 0 109300 1.00 1.00 6 6 STAR 11 12 0 1 1 1 1 2 1 1 1 1 1 0 1 1 1 1 2 1 1 2 1 1
query13274 2.92 78% 0 108300 1.00 1.00 4 4 STAR 12 12 0 1 2 1 2 1 1 1 1 1 1 0 1 2 1 2 1 1 1 1 1 1
query11827 99.05 66% 0 358536 1.00 1.00 4 4 PATH 17870 17861 0 11 1 1 1 1 1 1 1 1 17851 0 17851 1 1 1 1 1 1 1 1 2
query9382 8.91 100% 0 246412 1.00 1.00 3 3 PATH 6657 428 0 1 1 460 1 6189 1 1 1 1 1 0 1 1 418 1 2 1 1 1 1 1
query11445 2.58 83% 0 108788 1.00 1.00 3 3 STAR 11 12 0 1 1 1 1 1 1 1 2 1 1 0 1 1 1 1 1 2 1 2 1 1
query16860 2.28 94% 0 118984 1.00 1.00 5 5 PATH 52 53 0 1 43 1 1 1 1 1 1 1 1 0 1 2 1 1 1 43 1 1 1 1
query3872 2.93 78% 0 108664 .50 1.00 2 2 STAR 13 12 0 1 3 1 2 1 1 1 1 1 1 0 1 2 1 2 1 1 1 1 1 1
query134 2.57 79% 0 108684 1.00 1.00 2 2 PATH 12 12 0 2 1 1 1 1 1 1 2 1 1 0 2 1 1 1 1 1 1 2 1 1
query11704 3.23 80% 0 108908 1.00 1.00 4 4 PATH 11 12 0 1 1 1 1 1 1 2 1 1 1 0 1 1 1 1 1 2 2 1 1 1
query4068 2.92 76% 0 108968 1.00 1.00 2 2 STAR 12 12 0 1 1 1 2 1 1 2 1 1 1 0 1 1 1 2 1 1 2 1 1 1
query5940 2.91 72% 0 108840 1.00 1.00 2 2 STAR 12 12 0 2 1 1 1 2 1 1 1 1 1 0 2 1 1 1 2 1 1 1 1 1
query9142 2.31 97% 0 108808 .20 1.00 3 3 PATH 16 12 0 1 6 1 1 1 1 2 1 1 1 0 1 2 1 1 1 1 2 1 1 1
query13978 2.91 76% 0 109088 1.00 1.00 4 4 STAR 11 13 0 1 2 1 1 1 1 1 1 1 1 0 1 2 2 2 1 1 1 1 1 1
