query1347 1800.00 0% 0 1432 0.00 1.00 2 2 PATH 630 13 0 1 1 1 1 1 1 1 621 1 1 0 1 1 1 3 1 1 1 2 1 1
query18500 1800.00 0% 0 1432 0.00 1.00 6 6 PATH 1256 17 0 1 1 447 1 801 1 1 1 1 1 0 1 1 5 1 4 1 1 1 1 1
query20525 2.97 78% 0 111228 1.00 1.00 7 7 PATH 22 19 0 1 9 3 1 1 1 3 1 1 1 0 1 7 3 1 1 1 2 1 1 1
query9322 2.98 78% 0 109312 1.00 1.00 3 3 PATH 14 14 0 1 1 3 1 3 1 1 1 1 1 0 1 1 2 1 4 1 1 1 1 1
query1313 2.59 77% 0 108996 1.00 1.00 2 2 PATH 13 13 0 2 1 3 1 1 1 1 1 1 1 0 3 1 2 1 1 1 1 1 1 1
query6490 2.58 83% 0 108540 1.00 1.00 2 2 STAR 12 12 0 1 2 1 2 1 1 1 1 1 1 0 1 2 1 2 1 1 1 1 1 1
query9529 2.96 80% 0 109952 1.00 1.00 2 3 STAR 10 20 0 1 1 1 1 1 1 1 1 1 1 0 2 2 2 2 2 2 2 2 2 2
query4885 3.23 79% 0 107648 1.00 1.00 2 2 STAR 11 11 0 1 1 1 1 2 1 1 1 1 1 0 1 1 1 1 2 1 1 1 1 1
query15651 2.99 76% 0 111076 1.00 1.00 5 5 PATH 47 17 0 1 5 4 1 1 1 31 1 1 1 0 1 2 5 1 1 1 3 1 1 1
query15484 2.68 77% 0 111072 1.00 1.00 5 5 PATH 39 16 0 1 1 1 1 1 28 3 1 1 1 0 1 1 1 1 1 4 4 1 1 1
query10601 2.92 73% 0 109372 1.00 1.00 3 3 STAR 39 14 0 1 1 2 1 1 1 1 1 29 1 0 1 1 2 1 1 1 1 1 4 1
query7558 2.91 72% 0 109064 1.00 1.00 3 3 PATH 13 13 0 2 1 1 1 2 2 1 1 1 1 0 2 1 1 1 2 2 1 1 1 1
query9495 2.59 77% 0 110404 1.00 1.00 2 3 STAR 10 20 0 1 1 1 1 1 1 1 1 1 1 0 2 2 2 2 2 2 2 2 2 2
query7334 2.60 76% 0 109508 1.00 1.00 3 3 PATH 12 13 0 1 1 2 1 2 1 1 1 1 1 0 1 1 2 1 3 1 1 1 1 1
query3088 2.58 74% 0 108380 1.00 1.00 2 2 STAR 12 12 0 1 1 2 2 1 1 1 1 1 1 0 1 1 2 2 1 1 1 1 1 1
query20550 3.05 76% 0 112212 1.00 1.00 7 7 PATH 37 23 0 1 18 5 1 1 1 7 1 1 1 0 1 9 4 1 1 1 3 1 1 1
query15025 2.63 80% 0 109776 1.00 1.00 5 5 PATH 14 15 0 4 1 2 1 1 1 1 1 1 1 0 5 1 2 1 1 1 1 1 1 1
query18887 3.14 76% 0 114336 1.00 1.00 8 6 PATH 141 25 0 10 109 1 1 1 1 15 1 1 1 0 5 7 1 1 1 1 6 1 1 1
query1674 3.23 80% 0 108756 1.00 1.00 2 2 PATH 11 12 0 2 1 1 1 1 1 1 1 1 1 0 2 1 1 2 1 1 1 1 1 1
query3157 2.91 70% 0 107708 1.00 1.00 2 2 STAR 11 11 0 1 1 1 1 1 1 1 2 1 1 0 1 1 1 1 1 1 1 2 1 1
query9100 2.22 98% 0 109436 1.00 1.00 3 3 PATH 11 13 0 1 2 1 1 1 1 1 1 1 1 0 1 3 1 1 1 1 2 1 1 1
query3774 2.58 74% 0 108936 1.00 1.00 2 2 STAR 12 12 0 1 1 2 1 1 1 1 1 2 1 0 1 1 2 1 1 1 1 1 2 1
query1200 2.57 74% 0 107520 1.00 1.00 2 2 PATH 14 11 0 1 1 5 1 1 1 1 1 1 1 0 1 1 2 1 1 1 1 1 1 1
query11895 3.57 84% 0 110000 1.00 1.00 4 4 PATH 16 16 0 1 2 3 1 1 1 1 4 1 1 0 1 2 3 1 1 1 1 4 1 1
query20727 3.54 86% 0 108916 1.00 1.00 7 7 STAR 10 11 0 1 1 1 1 1 1 1 1 1 1 0 1 1 1 1 1 1 2 1 1 1
query13139 2.63 77% 0 110660 1.00 1.00 4 4 PATH 24 17 0 6 3 1 8 1 1 1 1 1 1 0 2 3 1 5 1 1 1 1 1 1
query7552 2.91 72% 0 109324 1.00 1.00 3 3 PATH 12 13 0 1 1 1 1 2 2 1 1 1 1 0 2 1 1 1 2 2 1 1 1 1
query1657 2.91 72% 0 108760 1.00 1.00 2 2 PATH 11 12 0 2 1 1 1 1 1 1 1 1 1 0 2 1 1 1 1 2 1 1 1 1
query4280 2.58 75% 0 109168 1.00 1.00 2 2 STAR 11 12 0 1 1 1 2 1 1 1 1 1 1 0 1 1 2 2 1 1 1 1 1 1
query17226 2.61 77% 0 110560 1.00 1.00 5 5 STAR 10 20 0 1 1 1 1 1 1 1 1 1 1 0 2 2 2 2 2 2 2 2 2 2
query6948 2.99 79% 0 107564 1.00 1.00 2 2 STAR 12 11 0 1 1 1 1 3 1 1 1 1 1 0 1 1 1 1 2 1 1 1 1 1
query9680 2.87 82% 0 109520 1.00 1.00 3 3 STAR 11 13 0 1 1 1 2 1 1 1 1 1 1 0 2 1 1 3 1 1 1 1 1 1
query12069 2.98 80% 0 111948 1.00 1.00 5 4 PATH 108 18 0 1 1 75 1 1 1 14 12 1 1 0 1 1 2 1 1 1 4 5 1 1
query17301 2.17 89% 0 111444 1.00 1.00 6 5 STAR 52 20 0 1 1 3 19 23 1 1 1 1 1 0 1 1 2 5 6 1 1 1 1 1
query16669 2.65 78% 0 110316 1.00 1.00 5 5 PATH 22 18 0 5 1 1 1 3 7 1 1 1 1 0 3 1 1 1 2 6 1 1 1 1
query7502 3.35 81% 0 109936 1.00 1.00 2 3 PATH 10 21 0 1 1 1 1 1 1 1 1 1 1 0 2 3 2 2 2 2 2 2 2 2
query1333 2.58 76% 0 108180 1.00 1.00 2 2 PATH 12 12 0 2 1 2 1 1 1 1 1 1 1 0 2 1 2 1 1 1 1 1 1 1
query6327 2.57 79% 0 107616 1.00 1.00 2 2 STAR 11 11 0 1 2 1 1 1 1 1 1 1 1 0 1 2 1 1 1 1 1 1 1 1
query246 1.94 93% 0 108896 1.00 1.00 2 2 PATH 11 12 0 2 1 1 1 1 1 1 1 1 1 0 2 1 2 1 1 1 1 1 1 1
query19597 3.26 83% 0 111240 1.00 1.00 7 6 PATH 22 19 0 3 1 10 1 1 1 2 1 1 1 0 3 1 6 1 1 1 3 1 1 1
query2357 2.75 84% 0 109192 1.00 1.00 2 2 PATH 16 13 0 1 3 1 5 1 1 1 1 1 1 0 1 2 1 3 1 1 1 1 1 1
query10014 2.92 72% 0 109464 1.00 1.00 3 3 STAR 12 13 0 1 1 1 2 1 1 1 2 1 1 0 1 1 1 2 1 1 1 3 1 1
query14822 2.91 80% 0 110592 1.00 1.00 5 5 PATH 18 16 0 1 1 3 1 1 3 5 1 1 1 0 1 1 3 1 1 3 3 1 1 1
query11724 2.64 77% 0 109976 1.00 1.00 4 4 PATH 49 14 0 2 39 1 1 1 1 1 1 1 1 0 2 3 1 1 1 1 2 1 1 1
query13050 1800.00 0% 0 1428 0.00 1.00 5 4 PATH 2410 19 0 1 1 67 1 2335 1 1 1 1 1 0 1 1 5 1 6 1 1 1 1 1
query11410 2.97 82% 0 109940 1.00 1.00 3 3 STAR 22 14 0 1 1 1 1 1 13 1 1 1 1 0 1 1 1 1 1 4 1 2 1 1
query12705 2.27 94% 0 109896 1.00 1.00 4 4 PATH 23 15 0 1 9 2 1 1 1 1 1 5 1 0 1 3 2 1 1 1 1 1 3 1
query18322 3.00 79% 0 110976 1.00 1.00 6 6 PATH 16 17 0 1 3 1 1 3 1 3 1 1 1 0 1 5 1 1 3 1 2 1 1 1
query2950 2.58 83% 0 109128 1.00 1.00 2 2 PATH 11 12 0 1 2 1 1 1 1 1 1 1 1 0 1 2 1 1 1 2 1 1 1 1
query15676 2.02 93% 0 111064 1.00 1.00 5 5 PATH 30 16 0 1 1 1 2 1 1 20 1 1 1 0 1 2 1 3 1 1 4 1 1 1
query11643 2.98 82% 0 110996 1.00 1.00 5 4 PATH 60 18 0 1 36 1 1 1 16 1 1 1 1 0 1 6 1 1 1 4 1 1 1 1
query1576 2.84 81% 0 109504 1.00 1.00 2 2 PATH 11 12 0 1 1 1 1 1 2 1 1 1 1 0 1 1 1 2 1 2 1 1 1 1
query20531 3.34 83% 0 112192 1.00 1.00 7 7 PATH 25 20 0 1 9 3 1 1 1 6 1 1 1 0 1 7 3 1 1 1 3 1 1 1
query10276 2.61 92% 0 110332 1.00 1.00 2 3 STAR 10 21 0 1 1 1 1 1 1 1 1 1 1 0 2 2 2 2 2 3 2 2 2 2
query10162 2.87 81% 0 109604 1.00 1.00 3 3 STAR 12 13 0 1 1 2 2 1 1 1 1 1 1 0 1 1 3 2 1 1 1 1 1 1
query11690 2.92 72% 0 109212 1.00 1.00 4 4 PATH 14 14 0 1 1 1 1 1 3 3 1 1 1 0 1 1 1 1 1 3 3 1 1 1
query19971 1800.00 0% 0 1432 0.00 1.00 7 6 PATH 1084 16 0 1 1 1 1 14 1062 1 1 1 1 0 1 1 1 1 4 3 1 2 1 1
query14384 2.87 82% 0 110144 1.00 1.00 5 4 STAR 19 16 0 1 3 5 1 1 4 1 1 1 1 0 1 3 3 1 1 3 1 1 1 1
query12807 2.94 80% 0 109136 1.00 1.00 4 4 PATH 14 14 0 1 3 1 1 1 1 3 1 1 1 0 1 3 1 1 1 1 3 1 1 1
query9663 3.24 82% 0 109604 1.00 1.00 3 3 STAR 13 13 0 2 1 1 3 1 1 1 1 1 1 0 2 1 1 3 1 1 1 1 1 1
query4652 2.86 78% 0 108528 1.00 1.00 2 2 STAR 12 12 0 1 1 1 2 1 1 1 1 2 1 0 1 1 1 2 1 1 1 1 2 1
query103 1.95 88% 0 108640 1.00 1.00 2 2 PATH 11 12 0 1 2 1 1 1 1 1 1 1 1 0 1 2 1 1 1 1 2 1 1 1
query15612 3.50 87% 0 110964 1.00 1.00 5 5 PATH 40 19 0 7 1 1 3 23 1 1 1 1 1 0 5 1 1 3 4 1 1 1 1 1
query16717 2.61 75% 0 109512 1.00 1.00 5 5 PATH 15 15 0 2 1 1 1 2 4 1 1 1 1 0 2 1 1 1 2 4 1 1 1 1
query17592 3.04 85% 0 110952 1.00 1.00 5 5 STAR 56 19 0 1 34 1 1 1 1 14 1 1 1 0 1 8 1 1 1 1 3 1 1 1
query10013 3.22 79% 0 109124 1.00 1.00 3 3 STAR 13 13 0 1 1 1 2 1 1 1 3 1 1 0 1 1 1 2 1 1 1 3 1 1
query7104 2.67 85% 0 109944 1.00 1.00 1 2 STAR 10 21 0 1 1 1 1 1 1 1 1 1 1 0 2 2 2 2 2 2 3 2 2 2
query5399 2.89 71% 0 107888 1.00 1.00 2 2 STAR 11 11 0 1 1 1 1 1 2 1 1 1 1 0 1 1 1 1 1 2 1 1 1 1
query13898 2.93 80% 0 109360 1.00 1.00 4 4 STAR 14 14 0 1 4 2 1 1 1 1 1 1 1 0 1 4 2 1 1 1 1 1 1 1
query11636 2.65 81% 0 110020 1.00 1.00 4 4 PATH 23 16 0 1 1 1 6 1 1 1 1 9 1 0 1 1 1 4 1 1 1 1 4 1
query13763 2.64 79% 0 109336 1.00 1.00 4 4 STAR 11 14 0 1 1 1 2 1 1 1 1 1 1 0 2 3 1 2 1 1 1 1 1 1
query13375 2.93 75% 0 109948 1.00 1.00 5 4 STAR 10 20 0 1 1 1 1 1 1 1 1 1 1 0 2 2 2 2 2 2 2 2 2 2
query10866 2.88 80% 0 109180 1.00 1.00 3 3 STAR 12 13 0 2 1 1 1 1 2 1 1 1 1 0 2 1 1 1 1 3 1 1 1 1
query16755 3.25 82% 0 110616 1.00 1.00 5 5 PATH 78 16 0 1 3 4 1 1 1 64 1 1 1 0 1 3 4 1 1 1 2 1 1 1
query11331 2.59 78% 0 109600 1.00 1.00 3 3 STAR 12 13 0 3 1 1 1 1 1 1 1 1 1 0 3 1 1 1 1 1 2 1 1 1
query790 2.60 85% 0 109112 1.00 1.00 2 2 PATH 12 12 0 1 2 1 2 1 1 1 1 1 1 0 1 2 1 2 1 1 1 1 1 1
query20534 2.97 79% 0 111368 1.00 1.00 7 7 PATH 20 18 0 1 9 2 1 1 1 2 1 1 1 0 1 6 3 1 1 1 2 1 1 1
query11333 3.17 81% 0 109064 1.00 1.00 3 3 STAR 11 13 0 2 1 1 1 1 1 1 1 1 1 0 3 1 1 1 1 1 2 1 1 1
query12655 2.89 80% 0 109880 1.00 1.00 4 4 PATH 22 15 0 1 1 1 2 2 1 11 1 1 1 0 1 1 1 3 3 1 2 1 1 1
query5320 2.57 78% 0 107940 1.00 1.00 2 2 STAR 11 11 0 1 1 1 1 1 2 1 1 1 1 0 1 1 1 1 1 2 1 1 1 1
query13829 3.21 103% 0 120516 1.00 1.00 4 4 STAR 500 17 0 476 1 16 1 1 1 1 1 1 1 0 6 1 3 1 1 1 1 1 1 1
query1713 2.91 72% 0 108924 1.00 1.00 2 2 PATH 12 12 0 2 1 1 2 1 1 1 1 1 1 0 2 1 1 2 1 1 1 1 1 1
query11954 2.88 81% 0 110020 1.00 1.00 4 4 PATH 36 16 0 16 1 1 1 1 12 1 1 1 1 0 3 1 1 1 1 5 1 1 1 1
query14496 2.62 85% 0 109668 1.00 1.00 5 4 STAR 11 14 0 1 1 1 1 1 1 1 2 1 1 0 1 1 1 1 1 4 1 2 1 1
query2844 2.89 72% 0 107984 1.00 1.00 2 2 PATH 11 11 0 1 1 1 1 1 1 1 2 1 1 0 1 1 1 1 1 1 1 2 1 1
query12690 2.59 78% 0 109280 1.00 1.00 4 4 PATH 17 14 0 1 5 2 1 1 1 1 1 3 1 0 1 2 2 1 1 1 1 1 3 1
query12543 2.84 110% 0 122568 1.00 1.00 4 4 PATH 879 16 0 1 1 1 1 1 1 186 685 1 1 0 1 1 1 1 1 1 3 5 1 1
query20478 2.96 81% 0 110816 1.00 1.00 6 6 STAR 13 17 0 1 1 1 1 4 1 1 1 1 1 0 1 1 1 1 5 1 1 4 1 1
query13274 2.59 76% 0 109688 1.00 1.00 4 4 STAR 13 14 0 1 3 1 2 1 1 1 1 1 1 0 1 3 1 3 1 1 1 1 1 1
query11827 2.95 80% 0 110560 1.00 1.00 4 4 PATH 28 16 0 8 1 1 1 1 1 1 1 1 12 0 3 1 1 1 1 1 1 1 1 5
query9382 1800.00 0% 0 1432 0.00 1.00 3 3 PATH 888 15 0 1 1 875 1 5 1 1 1 1 1 0 1 1 3 1 4 1 1 1 1 1
query11445 2.92 83% 0 109528 1.00 1.00 3 3 STAR 11 13 0 1 1 1 1 1 1 1 2 1 1 0 1 1 1 1 1 3 1 2 1 1
query16860 2.65 83% 0 111244 1.00 1.00 7 5 PATH 21 21 0 1 6 1 1 1 7 1 1 1 1 0 1 6 1 1 1 7 1 1 1 1
query3872 2.89 78% 0 108792 1.00 1.00 2 2 STAR 14 13 0 1 3 1 3 1 1 1 1 1 1 0 1 2 1 3 1 1 1 1 1 1
query134 2.90 72% 0 108536 1.00 1.00 2 2 PATH 12 12 0 2 1 1 1 1 1 1 2 1 1 0 2 1 1 1 1 1 1 2 1 1
query11704 2.90 79% 0 109328 1.00 1.00 4 4 PATH 12 14 0 1 1 1 1 1 1 3 1 1 1 0 1 1 1 1 1 3 3 1 1 1
query4068 2.57 80% 0 108328 1.00 1.00 2 2 STAR 12 12 0 1 1 1 2 1 1 2 1 1 1 0 1 1 1 2 1 1 2 1 1 1
query5940 2.27 99% 0 108280 1.00 1.00 2 2 STAR 12 12 0 2 1 1 1 2 1 1 1 1 1 0 2 1 1 1 2 1 1 1 1 1
query9142 2.57 74% 0 108892 1.00 1.00 3 3 PATH 17 13 0 1 7 1 1 1 1 2 1 1 1 0 1 3 1 1 1 1 2 1 1 1
query13978 3.17 82% 0 109316 1.00 1.00 4 4 STAR 12 14 0 1 3 1 1 1 1 1 1 1 1 0 1 3 2 2 1 1 1 1 1 1
