query1347 9.04 86% 0 132052 1.00 1.00 5 2 PATH 3731 206 621 1 621 1 1241 1 1241 1 1 2 0 4 3 4 3 90 3 89 3 3 4 0
query18500 527.31 70% 0 876060 1.00 1.00 17 6 PATH 994626 129985 1 1 1 3198 483173 14109 1 483173 53 10916 0 7 41 7 42 64147 773 7 64147 41 773 0
query20525 3.39 151% 0 107996 1.00 1.00 20 7 PATH 304 178 5 64 33 5 2 32 1 65 80 17 0 10 19 22 18 9 14 15 22 35 14 0
query9322 2.64 93% 0 72128 1.00 1.00 7 3 PATH 32 54 1 1 1 2 5 8 1 5 7 1 0 4 4 4 5 6 9 6 6 6 4 0
query1313 2.37 82% 0 66748 1.00 1.00 4 2 PATH 20 35 1 4 3 1 1 1 1 3 1 4 0 3 4 4 3 3 3 3 4 3 5 0
query6490 2.45 89% 0 68688 1.00 1.00 7 2 STAR 16 42 1 1 1 2 3 1 3 1 2 1 0 3 5 5 4 5 3 5 5 4 3 0
query9529 1.76 106% 0 66780 1.00 1.00 4 3 STAR 10 40 1 1 1 1 1 1 1 1 1 1 0 4 4 4 4 4 4 4 4 4 4 0
query4885 2.60 76% 0 65760 1.00 1.00 4 2 STAR 12 33 1 2 1 1 1 2 1 1 1 1 0 3 4 3 3 3 5 3 3 3 3 0
query15651 2.60 176% 0 100816 1.00 1.00 14 5 PATH 316 140 1 137 9 121 1 2 9 26 9 1 0 6 20 8 14 6 7 29 34 8 8 0
query15484 3.13 126% 0 91160 1.00 1.00 10 5 PATH 304 100 1 1 1 4 145 3 73 73 2 1 0 6 6 6 11 22 8 20 8 7 6 0
query10601 2.88 119% 0 83240 1.00 1.00 8 3 STAR 236 78 1 85 1 29 58 57 1 2 1 1 0 4 14 4 6 13 12 4 13 4 4 0
query7558 2.64 86% 0 69412 1.00 1.00 6 3 PATH 24 50 1 5 3 1 3 5 1 1 2 2 0 4 6 6 4 6 6 4 4 5 5 0
query9495 2.62 83% 0 66692 1.00 1.00 4 3 STAR 10 40 1 1 1 1 1 1 1 1 1 1 0 4 4 4 4 4 4 4 4 4 4 0
query7334 2.22 106% 0 69620 1.00 1.00 8 3 PATH 22 52 1 4 1 3 2 6 1 2 1 1 0 4 6 4 6 6 7 4 7 4 4 0
query3088 2.28 80% 0 67156 1.00 1.00 4 2 STAR 16 36 1 1 1 2 3 1 2 3 1 1 0 3 3 3 4 5 3 4 5 3 3 0
query20550 4.51 153% 0 114652 1.00 1.00 20 7 PATH 610 212 13 127 65 13 4 64 1 130 160 33 0 11 23 28 22 9 17 16 28 43 15 0
query15025 2.89 108% 0 83152 1.00 1.00 10 5 PATH 70 89 1 14 1 1 3 1 1 3 16 29 0 6 13 6 6 8 6 6 8 11 19 0
query18887 4.65 159% 0 138148 1.00 1.00 15 6 PATH 1488 249 1 1 13 298 556 5 1 145 299 169 0 7 11 12 40 36 8 7 15 57 56 0
query1674 2.61 77% 0 65280 1.00 1.00 4 2 PATH 12 34 1 1 1 1 1 1 1 1 2 2 0 3 3 3 3 5 3 3 3 4 4 0
query3157 2.47 81% 0 66764 1.00 1.00 4 2 STAR 16 36 1 1 4 3 1 1 1 1 1 2 0 3 3 6 5 3 3 3 3 3 4 0
query9100 2.51 90% 0 67500 1.00 1.00 6 3 PATH 12 46 1 1 1 1 1 1 1 1 2 2 0 4 4 6 4 4 4 4 4 7 5 0
query3774 2.37 78% 0 65684 1.00 1.00 3 2 STAR 13 33 1 2 1 1 1 2 1 2 1 1 0 3 4 3 3 3 4 3 4 3 3 0
query1200 2.32 88% 0 67992 1.00 1.00 4 2 PATH 34 40 1 9 1 1 1 5 1 13 1 1 0 3 7 3 3 3 4 3 8 3 3 0
query11895 2.45 122% 0 82292 1.00 1.00 9 4 PATH 66 79 5 9 20 1 2 16 1 9 2 1 0 7 9 16 5 6 11 5 9 6 5 0
query20727 2.49 106% 0 73364 1.00 1.00 18 7 STAR 10 80 1 1 1 1 1 1 1 1 1 1 0 8 8 8 8 8 8 8 8 8 8 0
query13139 2.88 114% 0 83768 1.00 1.00 9 4 PATH 106 87 1 1 1 1 34 11 22 6 23 6 0 5 5 5 5 17 14 14 6 10 6 0
query7552 2.49 91% 0 68268 1.00 1.00 6 3 PATH 16 47 1 3 2 1 2 3 1 1 1 1 0 4 6 5 4 5 6 4 4 4 5 0
query1657 2.51 77% 0 66424 1.00 1.00 4 2 PATH 12 34 1 1 1 1 1 1 2 1 1 2 0 3 3 3 3 5 3 4 3 3 4 0
query4280 2.47 78% 0 66296 1.00 1.00 3 2 STAR 12 34 1 1 1 1 2 1 2 1 1 1 0 3 3 3 3 4 3 4 5 3 3 0
query17226 2.61 95% 0 70700 1.00 1.00 15 5 STAR 10 60 1 1 1 1 1 1 1 1 1 1 0 6 6 6 6 6 6 6 6 6 6 0
query6948 2.48 81% 0 66804 1.00 1.00 4 2 STAR 20 36 1 1 1 1 5 6 2 1 1 1 0 3 3 3 3 5 6 4 3 3 3 0
query9680 2.65 90% 0 69512 1.00 1.00 14 3 STAR 12 54 1 1 1 1 1 2 2 1 1 1 0 6 6 4 4 8 7 5 4 4 6 0
query12069 3.67 150% 0 110476 1.00 1.00 11 4 PATH 1142 148 449 1 49 489 1 75 1 75 1 1 0 17 5 29 23 5 20 19 20 5 5 0
query17301 2.64 139% 0 87776 1.00 1.00 16 5 STAR 100 112 1 1 1 1 20 33 38 3 1 1 0 6 14 8 6 16 17 16 9 14 6 0
query16669 2.90 122% 0 86212 1.00 1.00 10 5 PATH 110 104 1 17 1 3 33 3 17 17 1 17 0 6 12 6 7 21 7 12 15 6 12 0
query7502 2.55 84% 0 66032 1.00 1.00 7 3 PATH 10 40 1 1 1 1 1 1 1 1 1 1 0 4 4 4 4 4 4 4 4 4 4 0
query1333 1.79 101% 0 65832 1.00 1.00 4 2 PATH 16 36 1 3 2 1 1 1 1 2 1 3 0 3 5 4 3 3 3 3 4 3 5 0
query6327 2.49 77% 0 65908 1.00 1.00 4 2 STAR 12 33 1 1 1 1 1 2 1 1 2 1 0 3 3 3 3 3 4 3 3 4 4 0
query246 2.54 75% 0 65344 1.00 1.00 4 2 PATH 12 34 1 1 1 1 1 1 2 1 1 2 0 3 3 3 3 3 5 4 3 3 4 0
query19597 2.90 127% 0 87640 1.00 1.00 13 6 PATH 120 110 1 34 1 3 1 17 3 53 1 6 0 7 15 14 9 7 11 9 20 8 10 0
query2357 1.81 107% 0 67296 1.00 1.00 5 2 PATH 38 38 9 1 1 9 1 3 9 1 3 1 0 5 3 3 5 3 4 5 3 4 3 0
query10014 2.46 110% 0 79148 1.00 1.00 12 3 STAR 22 58 3 1 6 1 4 2 2 1 1 1 0 6 5 7 4 8 8 5 4 4 7 0
query14822 2.91 140% 0 91528 1.00 1.00 14 5 PATH 166 122 1 25 5 29 4 48 2 48 3 1 0 6 17 8 12 17 13 14 14 15 6 0
query11724 2.91 120% 0 80932 1.00 1.00 10 4 PATH 312 65 1 1 149 1 3 1 1 2 151 2 0 5 5 9 8 7 5 5 6 9 6 0
query13050 20.86 174% 0 351020 1.00 1.00 15 4 PATH 24670 5212 1 1 1 9313 157 12175 1 2989 31 1 0 5 1276 5 27 32 1277 1254 1281 28 27 0
query11410 2.61 92% 0 69572 1.00 1.00 6 3 STAR 52 49 1 1 1 19 22 4 1 1 1 1 0 4 4 5 7 8 5 4 4 4 4 0
query12705 2.47 127% 0 80940 1.00 1.00 9 4 PATH 224 73 1 14 93 1 3 13 1 3 93 2 0 5 8 11 5 7 7 7 7 10 6 0
query18322 3.03 155% 0 96824 1.00 1.00 20 6 PATH 142 153 9 2 17 9 1 4 1 3 56 40 0 15 16 15 21 13 10 7 9 28 19 0
query2950 2.20 84% 0 66228 1.00 1.00 4 2 PATH 12 34 1 1 1 1 1 2 1 1 2 1 0 3 3 5 3 3 4 3 3 4 3 0
query15676 2.98 165% 0 94680 1.00 1.00 16 5 PATH 614 144 1 47 256 44 2 1 5 1 256 1 0 6 27 12 27 7 6 21 15 11 12 0
query11643 3.14 132% 0 91548 1.00 1.00 10 4 PATH 280 109 61 1 31 1 66 6 1 16 66 31 0 14 5 11 5 15 6 5 11 22 15 0
query1576 2.41 78% 0 66224 1.00 1.00 4 2 PATH 12 34 1 1 1 2 2 1 1 1 1 1 0 5 3 3 4 4 3 3 3 3 3 0
query20531 3.09 177% 0 108420 1.00 1.00 20 7 PATH 316 183 11 63 33 11 3 32 1 65 80 17 0 10 19 24 18 9 15 15 23 36 14 0
query10276 2.31 85% 0 65892 1.00 1.00 4 3 STAR 10 40 1 1 1 1 1 1 1 1 1 1 0 4 4 4 4 4 4 4 4 4 4 0
query10162 2.47 93% 0 68260 1.00 1.00 5 3 STAR 13 45 1 1 1 1 2 1 2 2 1 1 0 4 4 4 4 5 4 5 7 4 4 0
query11690 2.67 118% 0 81936 1.00 1.00 12 4 PATH 40 84 1 1 5 6 11 1 1 9 3 2 0 9 9 7 8 11 5 5 9 11 10 0
query19971 15.20 126% 0 326488 1.00 1.00 15 6 PATH 10236 1723 97 1 480 13 2698 2321 193 2123 2309 1 0 319 7 348 8 60 296 341 13 295 36 0
query14384 2.02 148% 0 82140 1.00 1.00 16 4 STAR 36 80 1 1 2 1 6 9 1 9 5 1 0 9 9 6 5 8 9 9 11 9 5 0
query12807 2.63 111% 0 81120 1.00 1.00 9 4 PATH 40 70 1 1 5 6 10 1 1 1 11 3 0 5 5 7 10 10 5 5 5 11 7 0
query9663 2.55 115% 0 80328 1.00 1.00 14 3 STAR 24 66 1 1 1 1 5 2 6 1 3 3 0 6 8 6 4 8 9 7 6 6 6 0
query4652 2.43 80% 0 66008 1.00 1.00 3 2 STAR 13 33 1 2 1 2 1 1 2 1 1 1 0 3 4 3 4 3 3 4 3 3 3 0
query103 2.44 75% 0 65780 1.00 1.00 4 2 PATH 12 34 1 1 1 1 1 2 1 1 2 1 0 3 3 3 5 3 4 3 3 4 3 0
query15612 3.10 137% 0 92476 1.00 1.00 12 5 PATH 228 127 1 1 1 13 48 27 48 19 33 37 0 6 6 12 12 20 14 13 7 19 18 0
query16717 2.59 117% 0 82792 1.00 1.00 10 5 PATH 72 90 1 5 1 2 27 2 17 11 1 5 0 6 8 6 7 18 7 12 12 6 8 0
query17592 3.56 162% 0 103568 1.00 1.00 18 5 STAR 526 162 1 186 1 186 63 1 1 1 74 12 0 17 19 6 27 25 13 6 12 26 11 0
query10013 1.81 152% 0 79368 1.00 1.00 12 3 STAR 24 62 3 1 7 1 5 2 2 1 1 1 0 6 6 8 4 8 9 5 4 4 8 0
query7104 2.63 74% 0 65048 1.00 1.00 1 2 STAR 10 31 1 1 1 1 1 1 1 1 1 1 0 3 3 3 4 3 3 3 3 3 3 0
query5399 2.44 90% 0 68640 1.00 1.00 8 2 STAR 16 44 1 1 1 1 4 1 1 3 2 1 0 5 5 3 3 6 3 3 5 6 5 0
query13898 2.51 127% 0 83664 1.00 1.00 13 4 STAR 40 86 1 1 1 2 1 7 1 2 15 9 0 9 9 5 6 9 13 7 6 13 9 0
query11636 2.65 106% 0 79816 1.00 1.00 7 4 PATH 46 69 1 15 1 7 1 3 7 9 1 1 0 5 9 5 7 5 10 11 7 5 5 0
query13763 3.11 100% 0 72464 1.00 1.00 8 4 STAR 12 57 1 1 1 1 2 1 2 1 1 1 0 5 5 5 5 6 5 6 5 9 6 0
query13375 2.69 90% 0 68344 1.00 1.00 3 4 STAR 10 50 1 1 1 1 1 1 1 1 1 1 0 5 5 5 5 5 5 5 5 5 5 0
query10866 2.74 92% 0 68744 1.00 1.00 6 3 STAR 16 48 1 1 1 1 3 2 1 1 3 2 0 4 4 4 4 8 5 4 4 6 5 0
query16755 3.85 182% 0 130272 1.00 1.00 13 5 PATH 1096 234 505 1 1 505 3 6 1 37 4 33 0 10 10 10 10 8 9 6 80 13 78 0
query11331 2.59 90% 0 68860 1.00 1.00 6 3 STAR 22 49 1 4 1 4 1 1 1 1 4 4 0 4 5 4 6 4 4 4 4 7 7 0
query790 2.47 101% 0 74700 1.00 1.00 11 2 PATH 16 50 1 1 2 3 1 1 3 1 2 1 0 5 5 6 5 5 3 5 5 6 5 0
query20534 3.65 157% 0 105064 1.00 1.00 20 7 PATH 294 169 3 64 29 3 2 33 1 65 77 17 0 10 19 19 17 9 15 15 19 32 14 0
query11333 2.71 90% 0 68200 1.00 1.00 6 3 STAR 12 46 1 1 1 1 1 1 1 1 2 2 0 4 4 4 6 4 4 4 4 5 7 0
query12655 2.91 114% 0 83452 1.00 1.00 12 4 PATH 60 84 21 1 1 21 5 2 5 2 1 1 0 7 7 7 7 12 14 12 6 7 5 0
query5320 2.53 86% 0 69460 1.00 1.00 8 2 STAR 16 44 1 1 1 1 4 1 1 3 2 1 0 5 5 3 3 6 3 3 5 6 5 0
query13829 4.39 246% 0 245616 1.00 1.00 19 4 STAR 1830 729 57 1 1 3 61 121 1 61 702 822 0 120 107 5 39 107 18 18 86 108 121 0
query1713 2.76 82% 0 66652 1.00 1.00 4 2 PATH 16 36 1 1 1 1 3 1 3 1 2 2 0 3 3 3 3 5 3 5 3 4 4 0
query11954 2.91 124% 0 86588 1.00 1.00 13 4 PATH 312 92 1 1 1 11 32 1 2 1 141 121 0 7 5 7 7 14 7 8 5 18 14 0
query14496 2.52 98% 0 69824 1.00 1.00 8 4 STAR 12 58 2 1 2 1 1 1 1 1 1 1 0 6 5 6 7 7 5 7 5 5 5 0
query2844 2.50 79% 0 66844 1.00 1.00 6 2 PATH 12 38 1 1 2 2 1 1 1 1 1 1 0 3 3 6 6 3 3 3 3 3 5 0
query12690 2.83 111% 0 81484 1.00 1.00 9 4 PATH 88 70 1 6 33 1 3 5 1 3 33 2 0 5 8 9 5 7 7 7 7 9 6 0
query20478 2.06 192% 0 92340 1.00 1.00 18 6 STAR 184 132 1 1 39 38 1 25 21 51 6 1 0 7 7 14 13 7 23 24 21 9 7 0
query13274 2.53 115% 0 80544 1.00 1.00 11 4 STAR 36 71 1 1 10 4 1 1 6 1 9 2 0 7 5 10 7 5 5 8 7 11 6 0
query11827 2.93 129% 0 87324 1.00 1.00 11 4 PATH 220 98 93 1 1 19 1 1 75 14 1 14 0 18 10 11 10 5 5 12 8 11 8 0
query9382 6.96 192% 0 258568 1.00 1.00 7 3 PATH 7186 764 1 1 1 5 1749 1841 1 1749 1837 1 0 4 4 4 5 8 243 242 8 242 4 0
query11445 2.33 89% 0 68060 1.00 1.00 6 3 STAR 12 46 2 1 2 1 1 1 1 1 1 1 0 5 4 5 6 4 6 4 4 4 4 0
query16860 2.82 121% 0 83900 1.00 1.00 12 5 PATH 70 97 1 1 1 16 27 7 1 1 14 1 0 6 6 10 16 18 10 6 6 13 6 0
query3872 2.22 90% 0 66580 1.00 1.00 4 2 STAR 22 36 1 1 3 1 1 5 5 1 3 1 0 3 3 4 3 3 5 5 3 4 3 0
query134 2.50 81% 0 67136 1.00 1.00 5 2 PATH 16 38 2 1 2 1 1 1 1 1 3 3 0 4 3 4 5 3 3 3 3 5 5 0
query11704 2.27 114% 0 74164 1.00 1.00 12 4 PATH 22 67 1 1 3 4 4 1 1 4 1 2 0 6 6 7 8 6 5 5 7 9 8 0
query4068 2.37 84% 0 67672 1.00 1.00 4 2 STAR 16 36 2 1 1 2 1 3 3 1 1 1 0 4 3 3 4 3 5 5 3 3 3 0
query5940 2.41 81% 0 66936 1.00 1.00 4 2 STAR 16 36 1 3 1 2 1 2 1 1 1 3 0 3 5 3 4 3 4 3 3 3 5 0
query9142 2.48 96% 0 69812 1.00 1.00 6 3 PATH 56 50 1 1 23 3 1 1 1 1 22 2 0 4 4 8 6 4 4 4 4 7 5 0
query13978 2.02 155% 0 83180 1.00 1.00 19 4 STAR 52 96 1 1 13 7 2 1 7 13 4 3 0 6 11 11 6 8 10 11 11 10 12 0
