query8710 1.92 75% 0 64044 1.00 1.00 4 3 STAR 13 14  4 2 0 1 1 0 1 2 1 1  5 2 0 1 1 0 1 2 1 1
query9900 2.58 81% 0 65124 1.00 1.00 6 4 STAR 16 16  5 3 0 2 1 0 1 2 1 1  5 3 0 2 1 0 1 2 1 1
query8701 2.30 65% 0 63580 1.00 1.00 4 3 STAR 10 12  1 2 0 1 1 0 1 2 1 1  3 2 0 1 1 0 1 2 1 1
query5192 2.00 64% 0 62416 1.00 1.00 2 2 STAR 9 9  2 1 0 1 1 0 1 1 1 1  2 1 0 1 1 0 1 1 1 1
query12129 2.32 65% 0 64496 1.00 1.00 6 4 STAR 10 13  1 2 0 1 1 0 1 2 1 1  4 2 0 1 1 0 1 2 1 1
query11337 1.79 81% 0 64136 1.00 1.00 4 2 STAR 13 13  4 1 0 2 1 0 2 1 1 1  4 1 0 2 1 0 2 1 1 1
query9165 2.16 68% 0 64412 1.00 1.00 4 3 STAR 10 11  3 1 0 1 1 0 1 1 1 1  3 2 0 1 1 0 1 1 1 1
query1479 1.88 74% 0 64108 1.00 1.00 4 2 STAR 13 13  4 1 0 2 1 0 2 1 1 1  4 1 0 2 1 0 2 1 1 1
query5645 1.58 88% 0 64140 1.00 1.00 4 2 STAR 13 13  4 1 0 2 1 0 2 1 1 1  4 1 0 2 1 0 2 1 1 1
query7902 2.30 64% 0 63964 1.00 1.00 4 3 STAR 9 11  2 1 0 1 1 0 1 1 1 1  4 1 0 1 1 0 1 1 1 1
query9320 1.97 74% 0 64112 1.00 1.00 4 3 STAR 13 14  4 2 0 1 1 0 1 2 1 1  5 2 0 1 1 0 1 2 1 1
query199 2.17 69% 0 64320 1.00 1.00 4 2 STAR 13 13  3 2 0 1 1 0 2 2 1 1  3 2 0 1 1 0 2 2 1 1
query14071 2.29 68% 0 64188 1.00 1.00 4 3 STAR 13 13  5 1 0 2 1 0 1 1 1 1  5 1 0 2 1 0 1 1 1 1
query3343 1.75 80% 0 63904 1.00 1.00 4 2 STAR 10 11  1 2 0 1 1 0 1 2 1 1  2 2 0 1 1 0 1 2 1 1
query2150 2.21 68% 0 63996 1.00 1.00 4 2 STAR 13 13  4 1 0 2 1 0 2 1 1 1  4 1 0 2 1 0 2 1 1 1
query8815 2.33 68% 0 64356 1.00 1.00 4 3 STAR 12 14  3 2 0 1 1 0 1 2 1 1  5 2 0 1 1 0 1 2 1 1
query4550 2.28 63% 0 62980 1.00 1.00 2 2 STAR 9 9  2 1 0 1 1 0 1 1 1 1  2 1 0 1 1 0 1 1 1 1
query3166 1.96 73% 0 64176 1.00 1.00 4 2 STAR 13 13  3 2 0 1 1 0 2 2 1 1  3 2 0 1 1 0 2 2 1 1
query11017 2.26 68% 0 64484 1.00 1.00 6 3 STAR 12 14  3 2 0 1 1 0 1 2 1 1  5 2 0 1 1 0 1 2 1 1
query12046 2.25 70% 0 65400 1.00 1.00 6 4 STAR 12 13  3 2 0 1 1 0 1 2 1 1  4 2 0 1 1 0 1 2 1 1
query2259 2.30 68% 0 64068 1.00 1.00 4 2 STAR 13 13  3 2 0 2 1 0 1 2 1 1  3 2 0 2 1 0 1 2 1 1
query9031 2.25 68% 0 64988 1.00 1.00 4 3 STAR 12 14  3 2 0 1 1 0 1 2 1 1  5 2 0 1 1 0 1 2 1 1
query11674 1.97 70% 0 63528 1.00 1.00 4 2 STAR 10 11  1 2 0 1 1 0 1 2 1 1  2 2 0 1 1 0 1 2 1 1
query14140 1.90 75% 0 64592 1.00 1.00 4 3 STAR 13 13  5 1 0 2 1 0 1 1 1 1  5 1 0 2 1 0 1 1 1 1
query2867 2.24 68% 0 64276 1.00 1.00 4 2 STAR 10 11  2 1 0 2 1 0 1 1 1 1  2 2 0 2 1 0 1 1 1 1
query5479 1.80 107% 0 63960 1.00 1.00 4 2 STAR 13 13  4 1 0 2 1 0 2 1 1 1  4 1 0 2 1 0 2 1 1 1
query5166 2.27 63% 0 62624 1.00 1.00 2 2 STAR 9 9  2 1 0 1 1 0 1 1 1 1  2 1 0 1 1 0 1 1 1 1
query11782 1.90 76% 0 64780 1.00 1.00 4 2 STAR 13 13  2 3 0 1 1 0 2 2 1 1  2 3 0 1 1 0 2 2 1 1
query2447 2.49 77% 0 64004 1.00 1.00 4 2 STAR 10 11  2 1 0 2 1 0 1 1 1 1  2 2 0 2 1 0 1 1 1 1
query12449 2.69 75% 0 62128 1.00 1.00 2 2 STAR 9 9  2 1 0 1 1 0 1 1 1 1  2 1 0 1 1 0 1 1 1 1
query11565 2.26 69% 0 63828 1.00 1.00 4 2 STAR 13 13  4 1 0 2 1 0 2 1 1 1  4 1 0 2 1 0 2 1 1 1
query835 2.03 71% 0 63452 1.00 1.00 4 2 STAR 13 13  2 3 0 1 1 0 2 2 1 1  2 3 0 1 1 0 2 2 1 1
query12520 2.27 62% 0 62296 1.00 1.00 2 2 STAR 9 9  2 1 0 1 1 0 1 1 1 1  2 1 0 1 1 0 1 1 1 1
query12240 2.09 72% 0 64920 1.00 1.00 6 4 STAR 13 15  4 2 0 2 1 0 1 1 1 1  5 3 0 2 1 0 1 1 1 1
query2156 2.15 70% 0 63988 1.00 1.00 4 2 STAR 13 13  4 1 0 2 1 0 2 1 1 1  4 1 0 2 1 0 2 1 1 1
query55 2.19 69% 0 64412 1.00 1.00 4 2 STAR 11 12  2 2 0 1 1 0 1 2 1 1  3 2 0 1 1 0 1 2 1 1
query7178 2.30 71% 0 64744 1.00 1.00 6 3 STAR 14 15  3 3 0 1 1 0 2 2 1 1  4 3 0 1 1 0 2 2 1 1
query8130 2.02 68% 0 63600 1.00 1.00 4 3 STAR 10 11  3 1 0 1 1 0 1 1 1 1  4 1 0 1 1 0 1 1 1 1
query1835 1.87 75% 0 63576 1.00 1.00 4 2 STAR 13 13  4 1 0 2 1 0 2 1 1 1  4 1 0 2 1 0 2 1 1 1
query3607 2.24 68% 0 63416 1.00 1.00 4 2 STAR 13 13  2 3 0 1 1 0 2 2 1 1  2 3 0 1 1 0 2 2 1 1
query5585 2.71 81% 0 64148 1.00 1.00 4 2 STAR 13 13  4 1 0 2 1 0 2 1 1 1  4 1 0 2 1 0 2 1 1 1
query2093 2.31 68% 0 63668 1.00 1.00 4 2 STAR 11 12  3 1 0 2 1 0 1 1 1 1  4 1 0 2 1 0 1 1 1 1
query10958 2.33 74% 0 65112 1.00 1.00 6 3 STAR 17 17  5 2 0 3 1 0 2 2 1 1  5 2 0 3 1 0 2 2 1 1
query6383 2.10 75% 0 65124 1.00 1.00 6 3 STAR 17 17  4 3 0 3 1 0 2 2 1 1  4 3 0 3 1 0 2 2 1 1
query14118 1.40 90% 0 63404 1.00 1.00 4 3 STAR 10 11  3 1 0 1 1 0 1 1 1 1  4 1 0 1 1 0 1 1 1 1
query7439 2.22 68% 0 64200 1.00 1.00 6 3 STAR 12 14  3 2 0 1 1 0 2 1 1 1  4 3 0 1 1 0 2 1 1 1
query14 2.47 74% 0 64496 1.00 1.00 4 2 STAR 13 13  3 2 0 1 1 0 2 2 1 1  3 2 0 1 1 0 2 2 1 1
query10696 2.20 65% 0 64284 1.00 1.00 4 3 STAR 10 11  3 1 0 1 1 0 1 1 1 1  4 1 0 1 1 0 1 1 1 1
query3419 1.79 79% 0 63868 1.00 1.00 4 2 STAR 11 12  2 2 0 1 1 0 2 1 1 1  2 3 0 1 1 0 2 1 1 1
query13697 2.02 74% 0 64060 1.00 1.00 4 2 STAR 13 13  4 1 0 2 1 0 2 1 1 1  4 1 0 2 1 0 2 1 1 1
query10044 2.30 65% 0 64780 1.00 1.00 7 4 STAR 9 12  2 1 0 1 1 0 1 1 1 1  4 2 0 1 1 0 1 1 1 1
query5487 1.92 72% 0 64076 1.00 1.00 4 2 STAR 10 11  2 1 0 1 1 0 2 1 1 1  3 1 0 1 1 0 2 1 1 1
query1093 2.21 69% 0 64320 1.00 1.00 4 2 STAR 13 13  2 3 0 1 1 0 2 2 1 1  2 3 0 1 1 0 2 2 1 1
query2137 1.90 75% 0 64600 1.00 1.00 4 2 STAR 13 13  4 1 0 2 1 0 2 1 1 1  4 1 0 2 1 0 2 1 1 1
query11223 2.38 75% 0 65388 1.00 1.00 6 3 STAR 15 16  3 3 0 2 1 0 2 2 1 1  4 3 0 2 1 0 2 2 1 1
query2674 2.30 69% 0 64240 1.00 1.00 4 2 STAR 13 13  3 2 0 2 1 0 1 2 1 1  3 2 0 2 1 0 1 2 1 1
query1129 2.14 70% 0 64192 1.00 1.00 4 2 STAR 11 12  2 2 0 1 1 0 2 1 1 1  2 3 0 1 1 0 2 1 1 1
query2322 1.85 78% 0 64580 1.00 1.00 4 2 STAR 13 13  3 2 0 2 1 0 1 2 1 1  3 2 0 2 1 0 1 2 1 1
query64 1.86 76% 0 64256 1.00 1.00 4 2 STAR 13 13  3 2 0 1 1 0 2 2 1 1  3 2 0 1 1 0 2 2 1 1
query7306 1.88 79% 0 64408 1.00 1.00 6 3 STAR 14 15  3 3 0 1 1 0 2 2 1 1  4 3 0 1 1 0 2 2 1 1
query4059 1.91 74% 0 64164 1.00 1.00 4 2 STAR 13 13  3 2 0 1 1 0 2 2 1 1  3 2 0 1 1 0 2 2 1 1
query3145 2.35 69% 0 63844 1.00 1.00 4 2 STAR 10 11  2 1 0 2 1 0 1 1 1 1  2 2 0 2 1 0 1 1 1 1
query2709 2.29 69% 0 64224 1.00 1.00 4 2 STAR 13 13  3 2 0 2 1 0 1 2 1 1  3 2 0 2 1 0 1 2 1 1
query11078 2.20 75% 0 65056 1.00 1.00 6 3 STAR 15 16  3 3 0 2 1 0 2 2 1 1  4 3 0 2 1 0 2 2 1 1
query6075 1.97 75% 0 64488 1.00 1.00 6 3 STAR 14 15  4 2 0 2 1 0 2 1 1 1  4 3 0 2 1 0 2 1 1 1
query2235 2.40 73% 0 63784 1.00 1.00 4 2 STAR 13 13  4 1 0 2 1 0 2 1 1 1  4 1 0 2 1 0 2 1 1 1
query7675 1.95 78% 0 65336 1.00 1.00 6 3 STAR 15 16  4 2 0 2 1 0 2 2 1 1  5 2 0 2 1 0 2 2 1 1
query3746 2.16 70% 0 64076 1.00 1.00 4 2 STAR 13 13  3 2 0 1 1 0 2 2 1 1  3 2 0 1 1 0 2 2 1 1
query10353 1.34 99% 0 65596 1.00 1.00 6 4 STAR 14 16  3 3 0 2 1 0 1 2 1 1  5 3 0 2 1 0 1 2 1 1
query9517 2.20 66% 0 64068 1.00 1.00 6 4 STAR 9 12  2 1 0 1 1 0 1 1 1 1  4 2 0 1 1 0 1 1 1 1
query1306 2.31 70% 0 63424 1.00 1.00 4 2 STAR 13 13  4 1 0 2 1 0 2 1 1 1  4 1 0 2 1 0 2 1 1 1
query11519 2.28 69% 0 63904 1.00 1.00 4 2 STAR 13 13  4 1 0 2 1 0 2 1 1 1  4 1 0 2 1 0 2 1 1 1
query3519 1.98 73% 0 63432 1.00 1.00 4 2 STAR 13 13  2 3 0 1 1 0 2 2 1 1  2 3 0 1 1 0 2 2 1 1
query874 2.11 71% 0 63548 1.00 1.00 4 2 STAR 11 12  2 2 0 1 1 0 2 1 1 1  2 3 0 1 1 0 2 1 1 1
query513 1.89 75% 0 64236 1.00 1.00 4 2 STAR 13 13  2 3 0 1 1 0 2 2 1 1  2 3 0 1 1 0 2 2 1 1
query3663 2.01 71% 0 64476 1.00 1.00 4 2 STAR 11 12  2 2 0 1 1 0 1 2 1 1  3 2 0 1 1 0 1 2 1 1
query1697 2.19 68% 0 63800 1.00 1.00 4 2 STAR 11 12  3 1 0 2 1 0 1 1 1 1  4 1 0 2 1 0 1 1 1 1
query1818 1.98 72% 0 64380 1.00 1.00 4 2 STAR 11 12  3 1 0 2 1 0 1 1 1 1  4 1 0 2 1 0 1 1 1 1
query1809 2.27 68% 0 64100 1.00 1.00 4 2 STAR 11 12  3 1 0 2 1 0 1 1 1 1  4 1 0 2 1 0 1 1 1 1
query3597 2.22 69% 0 64008 1.00 1.00 4 2 STAR 13 13  2 3 0 1 1 0 2 2 1 1  2 3 0 1 1 0 2 2 1 1
query1574 2.09 70% 0 63356 1.00 1.00 4 2 STAR 13 13  4 1 0 2 1 0 2 1 1 1  4 1 0 2 1 0 2 1 1 1
query969 2.24 66% 0 64388 1.00 1.00 4 2 STAR 10 11  1 2 0 1 1 0 1 2 1 1  2 2 0 1 1 0 1 2 1 1
query876 2.16 71% 0 64368 1.00 1.00 4 2 STAR 13 13  2 3 0 1 1 0 2 2 1 1  2 3 0 1 1 0 2 2 1 1
query1271 2.14 72% 0 63924 1.00 1.00 4 2 STAR 13 13  4 1 0 2 1 0 2 1 1 1  4 1 0 2 1 0 2 1 1 1
query3077 1.84 75% 0 64564 1.00 1.00 4 2 STAR 10 11  2 1 0 2 1 0 1 1 1 1  2 2 0 2 1 0 1 1 1 1
query420 2.30 70% 0 64300 1.00 1.00 4 2 STAR 13 13  2 3 0 1 1 0 2 2 1 1  2 3 0 1 1 0 2 2 1 1
query2546 2.27 70% 0 64332 1.00 1.00 4 2 STAR 13 13  3 2 0 2 1 0 1 2 1 1  3 2 0 2 1 0 1 2 1 1
query2294 2.21 68% 0 63924 1.00 1.00 4 2 STAR 11 12  2 2 0 1 1 0 1 2 1 1  3 2 0 1 1 0 1 2 1 1
query2125 1.93 74% 0 63764 1.00 1.00 4 2 STAR 13 13  4 1 0 2 1 0 2 1 1 1  4 1 0 2 1 0 2 1 1 1
query323 1.86 77% 0 64260 1.00 1.00 4 2 STAR 13 13  2 3 0 1 1 0 2 2 1 1  2 3 0 1 1 0 2 2 1 1
query2518 1.85 76% 0 64112 1.00 1.00 4 2 STAR 11 12  2 2 0 1 1 0 1 2 1 1  3 2 0 1 1 0 1 2 1 1
query1711 2.00 71% 0 63800 1.00 1.00 4 2 STAR 10 11  2 1 0 1 1 0 2 1 1 1  3 1 0 1 1 0 2 1 1 1
query885 2.15 70% 0 64236 1.00 1.00 4 2 STAR 13 13  2 3 0 1 1 0 2 2 1 1  2 3 0 1 1 0 2 2 1 1
query484 2.20 67% 0 63476 1.00 1.00 4 2 STAR 11 12  2 2 0 1 1 0 2 1 1 1  2 3 0 1 1 0 2 1 1 1
query1335 2.18 67% 0 63288 1.00 1.00 4 2 STAR 10 11  2 1 0 1 1 0 2 1 1 1  3 1 0 1 1 0 2 1 1 1
query619 2.22 68% 0 64028 1.00 1.00 4 2 STAR 11 12  2 2 0 1 1 0 2 1 1 1  2 3 0 1 1 0 2 1 1 1
query3087 2.25 68% 0 64468 1.00 1.00 4 2 STAR 13 13  3 2 0 2 1 0 1 2 1 1  3 2 0 2 1 0 1 2 1 1
query3071 2.35 71% 0 63512 1.00 1.00 4 2 STAR 11 12  2 2 0 1 1 0 1 2 1 1  3 2 0 1 1 0 1 2 1 1
query2059 2.29 66% 0 63704 1.00 1.00 4 2 STAR 10 11  2 1 0 1 1 0 2 1 1 1  3 1 0 1 1 0 2 1 1 1
query2044 2.73 79% 0 63384 1.00 1.00 4 2 STAR 10 11  2 1 0 1 1 0 2 1 1 1  3 1 0 1 1 0 2 1 1 1
