query8710 3.81 18% 0 45748 0.00 1.00 0 3 STAR 7 8 0 1 1 0 1 1 0 1 1 1 0 0 1 1 0 1 1 0 1 1 1 1
query9900 1.86 49% 0 45800 0.00 1.00 0 4 STAR 7 8 0 1 1 0 1 1 0 1 1 1 0 0 1 1 0 1 1 0 1 1 1 1
query8701 1.31 50% 0 45472 0.00 1.00 0 3 STAR 7 8 0 1 1 0 1 1 0 1 1 1 0 0 1 1 0 1 1 0 1 1 1 1
query5192 1.49 43% 0 45492 0.00 1.00 0 2 STAR 7 8 0 1 1 0 1 1 0 1 1 1 0 0 1 1 0 1 1 0 1 1 1 1
query12129 1.58 42% 0 45792 0.00 1.00 0 4 STAR 7 8 0 1 1 0 1 1 0 1 1 1 0 0 1 1 0 1 1 0 1 1 1 1
query11337 1.37 46% 0 45780 0.00 1.00 0 2 STAR 7 8 0 1 1 0 1 1 0 1 1 1 0 0 1 1 0 1 1 0 1 1 1 1
query9165 1.64 44% 0 46044 0.00 1.00 0 3 STAR 7 8 0 1 1 0 1 1 0 1 1 1 0 0 1 1 0 1 1 0 1 1 1 1
query1479 1.52 43% 0 45532 0.00 1.00 0 2 STAR 7 8 0 1 1 0 1 1 0 1 1 1 0 0 1 1 0 1 1 0 1 1 1 1
query5645 1.52 43% 0 45656 0.00 1.00 0 2 STAR 7 8 0 1 1 0 1 1 0 1 1 1 0 0 1 1 0 1 1 0 1 1 1 1
query7902 1.46 44% 0 46132 0.00 1.00 0 3 STAR 7 8 0 1 1 0 1 1 0 1 1 1 0 0 1 1 0 1 1 0 1 1 1 1
query9320 1.41 45% 0 45232 0.00 1.00 0 3 STAR 7 8 0 1 1 0 1 1 0 1 1 1 0 0 1 1 0 1 1 0 1 1 1 1
query199 1.71 42% 0 46216 0.00 1.00 0 2 STAR 7 8 0 1 1 0 1 1 0 1 1 1 0 0 1 1 0 1 1 0 1 1 1 1
query14071 1.55 42% 0 45052 0.00 1.00 0 3 STAR 7 8 0 1 1 0 1 1 0 1 1 1 0 0 1 1 0 1 1 0 1 1 1 1
query3343 1.76 43% 0 45560 0.00 1.00 0 2 STAR 7 8 0 1 1 0 1 1 0 1 1 1 0 0 1 1 0 1 1 0 1 1 1 1
query2150 1.67 44% 0 45268 0.00 1.00 0 2 STAR 7 8 0 1 1 0 1 1 0 1 1 1 0 0 1 1 0 1 1 0 1 1 1 1
query8815 1.51 43% 0 45252 0.00 1.00 0 3 STAR 7 8 0 1 1 0 1 1 0 1 1 1 0 0 1 1 0 1 1 0 1 1 1 1
query4550 1.36 46% 0 46064 0.00 1.00 0 2 STAR 7 8 0 1 1 0 1 1 0 1 1 1 0 0 1 1 0 1 1 0 1 1 1 1
query3166 1.47 44% 0 45172 0.00 1.00 0 2 STAR 7 8 0 1 1 0 1 1 0 1 1 1 0 0 1 1 0 1 1 0 1 1 1 1
query11017 2.21 62% 0 45112 0.00 1.00 0 3 STAR 7 8 0 1 1 0 1 1 0 1 1 1 0 0 1 1 0 1 1 0 1 1 1 1
query12046 1.78 44% 0 45252 0.00 1.00 0 4 STAR 7 8 0 1 1 0 1 1 0 1 1 1 0 0 1 1 0 1 1 0 1 1 1 1
query2259 1.61 44% 0 45480 0.00 1.00 0 2 STAR 7 8 0 1 1 0 1 1 0 1 1 1 0 0 1 1 0 1 1 0 1 1 1 1
query9031 1.42 45% 0 45688 0.00 1.00 0 3 STAR 7 8 0 1 1 0 1 1 0 1 1 1 0 0 1 1 0 1 1 0 1 1 1 1
query11674 1.50 43% 0 46000 0.00 1.00 0 2 STAR 7 8 0 1 1 0 1 1 0 1 1 1 0 0 1 1 0 1 1 0 1 1 1 1
query14140 1.50 48% 0 46184 0.00 1.00 0 3 STAR 7 8 0 1 1 0 1 1 0 1 1 1 0 0 1 1 0 1 1 0 1 1 1 1
query2867 1.77 44% 0 45756 0.00 1.00 0 2 STAR 7 8 0 1 1 0 1 1 0 1 1 1 0 0 1 1 0 1 1 0 1 1 1 1
query5479 1.37 46% 0 45096 0.00 1.00 0 2 STAR 7 8 0 1 1 0 1 1 0 1 1 1 0 0 1 1 0 1 1 0 1 1 1 1
query5166 1.48 43% 0 46024 0.00 1.00 0 2 STAR 7 8 0 1 1 0 1 1 0 1 1 1 0 0 1 1 0 1 1 0 1 1 1 1
query11782 1.77 45% 0 46144 0.00 1.00 0 2 STAR 7 8 0 1 1 0 1 1 0 1 1 1 0 0 1 1 0 1 1 0 1 1 1 1
query2447 1.72 43% 0 45024 0.00 1.00 0 2 STAR 7 8 0 1 1 0 1 1 0 1 1 1 0 0 1 1 0 1 1 0 1 1 1 1
query12449 0.93 57% 0 45148 0.00 1.00 0 2 STAR 7 8 0 1 1 0 1 1 0 1 1 1 0 0 1 1 0 1 1 0 1 1 1 1
query11565 1.82 46% 0 45136 0.00 1.00 0 2 STAR 7 8 0 1 1 0 1 1 0 1 1 1 0 0 1 1 0 1 1 0 1 1 1 1
query835 1.62 44% 0 45820 0.00 1.00 0 2 STAR 7 8 0 1 1 0 1 1 0 1 1 1 0 0 1 1 0 1 1 0 1 1 1 1
query12520 1.74 43% 0 45892 0.00 1.00 0 2 STAR 7 8 0 1 1 0 1 1 0 1 1 1 0 0 1 1 0 1 1 0 1 1 1 1
query12240 1.35 47% 0 46148 0.00 1.00 0 4 STAR 7 8 0 1 1 0 1 1 0 1 1 1 0 0 1 1 0 1 1 0 1 1 1 1
query2156 0.93 62% 0 45684 0.00 1.00 0 2 STAR 7 8 0 1 1 0 1 1 0 1 1 1 0 0 1 1 0 1 1 0 1 1 1 1
query55 1.82 46% 0 46000 0.00 1.00 0 2 STAR 7 8 0 1 1 0 1 1 0 1 1 1 0 0 1 1 0 1 1 0 1 1 1 1
query7178 1.66 44% 0 45120 0.00 1.00 0 3 STAR 7 8 0 1 1 0 1 1 0 1 1 1 0 0 1 1 0 1 1 0 1 1 1 1
query8130 1.47 44% 0 45696 0.00 1.00 0 3 STAR 7 8 0 1 1 0 1 1 0 1 1 1 0 0 1 1 0 1 1 0 1 1 1 1
query1835 1.33 47% 0 45160 0.00 1.00 0 2 STAR 7 8 0 1 1 0 1 1 0 1 1 1 0 0 1 1 0 1 1 0 1 1 1 1
query3607 1.38 45% 0 45508 0.00 1.00 0 2 STAR 7 8 0 1 1 0 1 1 0 1 1 1 0 0 1 1 0 1 1 0 1 1 1 1
query5585 1.55 42% 0 45432 0.00 1.00 0 2 STAR 7 8 0 1 1 0 1 1 0 1 1 1 0 0 1 1 0 1 1 0 1 1 1 1
query2093 1.66 43% 0 45764 0.00 1.00 0 2 STAR 7 8 0 1 1 0 1 1 0 1 1 1 0 0 1 1 0 1 1 0 1 1 1 1
query10958 1.35 47% 0 45268 0.00 1.00 0 3 STAR 7 8 0 1 1 0 1 1 0 1 1 1 0 0 1 1 0 1 1 0 1 1 1 1
query6383 1.79 45% 0 45120 0.00 1.00 0 3 STAR 7 8 0 1 1 0 1 1 0 1 1 1 0 0 1 1 0 1 1 0 1 1 1 1
query14118 1.91 51% 0 45716 0.00 1.00 0 3 STAR 7 8 0 1 1 0 1 1 0 1 1 1 0 0 1 1 0 1 1 0 1 1 1 1
query7439 1.73 42% 0 45152 0.00 1.00 0 3 STAR 7 8 0 1 1 0 1 1 0 1 1 1 0 0 1 1 0 1 1 0 1 1 1 1
query14 1.60 44% 0 45300 0.00 1.00 0 2 STAR 7 8 0 1 1 0 1 1 0 1 1 1 0 0 1 1 0 1 1 0 1 1 1 1
query10696 1.52 43% 0 46064 0.00 1.00 0 3 STAR 7 8 0 1 1 0 1 1 0 1 1 1 0 0 1 1 0 1 1 0 1 1 1 1
query3419 1.34 47% 0 45752 0.00 1.00 0 2 STAR 7 8 0 1 1 0 1 1 0 1 1 1 0 0 1 1 0 1 1 0 1 1 1 1
query13697 1.51 43% 0 45260 0.00 1.00 0 2 STAR 7 8 0 1 1 0 1 1 0 1 1 1 0 0 1 1 0 1 1 0 1 1 1 1
query10044 1.50 43% 0 46036 0.00 1.00 0 4 STAR 7 8 0 1 1 0 1 1 0 1 1 1 0 0 1 1 0 1 1 0 1 1 1 1
query5487 1.76 44% 0 45984 0.00 1.00 0 2 STAR 7 8 0 1 1 0 1 1 0 1 1 1 0 0 1 1 0 1 1 0 1 1 1 1
query1093 1.57 43% 0 45348 0.00 1.00 0 2 STAR 7 8 0 1 1 0 1 1 0 1 1 1 0 0 1 1 0 1 1 0 1 1 1 1
query2137 1.66 43% 0 45880 0.00 1.00 0 2 STAR 7 8 0 1 1 0 1 1 0 1 1 1 0 0 1 1 0 1 1 0 1 1 1 1
query11223 1.80 45% 0 45816 0.00 1.00 0 3 STAR 7 8 0 1 1 0 1 1 0 1 1 1 0 0 1 1 0 1 1 0 1 1 1 1
query2674 1.43 44% 0 45108 0.00 1.00 0 2 STAR 7 8 0 1 1 0 1 1 0 1 1 1 0 0 1 1 0 1 1 0 1 1 1 1
query1129 0.91 59% 0 45660 0.00 1.00 0 2 STAR 7 8 0 1 1 0 1 1 0 1 1 1 0 0 1 1 0 1 1 0 1 1 1 1
query2322 1.92 52% 0 46040 0.00 1.00 0 2 STAR 7 8 0 1 1 0 1 1 0 1 1 1 0 0 1 1 0 1 1 0 1 1 1 1
query64 1.21 51% 0 45360 0.00 1.00 0 2 STAR 7 8 0 1 1 0 1 1 0 1 1 1 0 0 1 1 0 1 1 0 1 1 1 1
query7306 1.40 50% 0 45564 0.00 1.00 0 3 STAR 7 8 0 1 1 0 1 1 0 1 1 1 0 0 1 1 0 1 1 0 1 1 1 1
query4059 1.45 85% 0 45288 0.00 1.00 0 2 STAR 7 8 0 1 1 0 1 1 0 1 1 1 0 0 1 1 0 1 1 0 1 1 1 1
query3145 0.91 64% 0 45768 0.00 1.00 0 2 STAR 7 8 0 1 1 0 1 1 0 1 1 1 0 0 1 1 0 1 1 0 1 1 1 1
query2709 0.95 63% 0 45852 0.00 1.00 0 2 STAR 7 8 0 1 1 0 1 1 0 1 1 1 0 0 1 1 0 1 1 0 1 1 1 1
query11078 1.82 46% 0 46140 0.00 1.00 0 3 STAR 7 8 0 1 1 0 1 1 0 1 1 1 0 0 1 1 0 1 1 0 1 1 1 1
query6075 1.89 51% 0 45400 0.00 1.00 0 3 STAR 7 8 0 1 1 0 1 1 0 1 1 1 0 0 1 1 0 1 1 0 1 1 1 1
query2235 0.86 62% 0 45324 0.00 1.00 0 2 STAR 7 8 0 1 1 0 1 1 0 1 1 1 0 0 1 1 0 1 1 0 1 1 1 1
query7675 1.46 44% 0 45960 0.00 1.00 0 3 STAR 7 8 0 1 1 0 1 1 0 1 1 1 0 0 1 1 0 1 1 0 1 1 1 1
query3746 1.36 46% 0 46148 0.00 1.00 0 2 STAR 7 8 0 1 1 0 1 1 0 1 1 1 0 0 1 1 0 1 1 0 1 1 1 1
query10353 1.38 47% 0 45740 0.00 1.00 0 4 STAR 7 8 0 1 1 0 1 1 0 1 1 1 0 0 1 1 0 1 1 0 1 1 1 1
query9517 1.75 44% 0 45952 0.00 1.00 0 4 STAR 7 8 0 1 1 0 1 1 0 1 1 1 0 0 1 1 0 1 1 0 1 1 1 1
query1306 1.73 48% 0 45988 0.00 1.00 0 2 STAR 7 8 0 1 1 0 1 1 0 1 1 1 0 0 1 1 0 1 1 0 1 1 1 1
query11519 1.29 50% 0 45972 0.00 1.00 0 2 STAR 7 8 0 1 1 0 1 1 0 1 1 1 0 0 1 1 0 1 1 0 1 1 1 1
query3519 0.97 63% 0 45644 0.00 1.00 0 2 STAR 7 8 0 1 1 0 1 1 0 1 1 1 0 0 1 1 0 1 1 0 1 1 1 1
query874 1.54 42% 0 45300 0.00 1.00 0 2 STAR 7 8 0 1 1 0 1 1 0 1 1 1 0 0 1 1 0 1 1 0 1 1 1 1
query513 1.52 42% 0 45536 0.00 1.00 0 2 STAR 7 8 0 1 1 0 1 1 0 1 1 1 0 0 1 1 0 1 1 0 1 1 1 1
query3663 1.33 47% 0 45312 0.00 1.00 0 2 STAR 7 8 0 1 1 0 1 1 0 1 1 1 0 0 1 1 0 1 1 0 1 1 1 1
query1697 1.38 46% 0 45880 0.00 1.00 0 2 STAR 7 8 0 1 1 0 1 1 0 1 1 1 0 0 1 1 0 1 1 0 1 1 1 1
query1818 1.81 45% 0 45624 0.00 1.00 0 2 STAR 7 8 0 1 1 0 1 1 0 1 1 1 0 0 1 1 0 1 1 0 1 1 1 1
query1809 1.47 44% 0 46028 0.00 1.00 0 2 STAR 7 8 0 1 1 0 1 1 0 1 1 1 0 0 1 1 0 1 1 0 1 1 1 1
query3597 1.82 46% 0 46264 0.00 1.00 0 2 STAR 7 8 0 1 1 0 1 1 0 1 1 1 0 0 1 1 0 1 1 0 1 1 1 1
query1574 1.73 42% 0 45640 0.00 1.00 0 2 STAR 7 8 0 1 1 0 1 1 0 1 1 1 0 0 1 1 0 1 1 0 1 1 1 1
query969 1.81 47% 0 45160 0.00 1.00 0 2 STAR 7 8 0 1 1 0 1 1 0 1 1 1 0 0 1 1 0 1 1 0 1 1 1 1
query876 1.70 42% 0 46000 0.00 1.00 0 2 STAR 7 8 0 1 1 0 1 1 0 1 1 1 0 0 1 1 0 1 1 0 1 1 1 1
query1271 0.84 63% 0 45712 0.00 1.00 0 2 STAR 7 8 0 1 1 0 1 1 0 1 1 1 0 0 1 1 0 1 1 0 1 1 1 1
query3077 1.49 44% 0 46080 0.00 1.00 0 2 STAR 7 8 0 1 1 0 1 1 0 1 1 1 0 0 1 1 0 1 1 0 1 1 1 1
query420 1.50 44% 0 45272 0.00 1.00 0 2 STAR 7 8 0 1 1 0 1 1 0 1 1 1 0 0 1 1 0 1 1 0 1 1 1 1
query2546 1.77 44% 0 45472 0.00 1.00 0 2 STAR 7 8 0 1 1 0 1 1 0 1 1 1 0 0 1 1 0 1 1 0 1 1 1 1
query2294 1.25 50% 0 46060 0.00 1.00 0 2 STAR 7 8 0 1 1 0 1 1 0 1 1 1 0 0 1 1 0 1 1 0 1 1 1 1
query2125 1.40 45% 0 45976 0.00 1.00 0 2 STAR 7 8 0 1 1 0 1 1 0 1 1 1 0 0 1 1 0 1 1 0 1 1 1 1
query323 1.71 42% 0 45552 0.00 1.00 0 2 STAR 7 8 0 1 1 0 1 1 0 1 1 1 0 0 1 1 0 1 1 0 1 1 1 1
query2518 1.51 43% 0 45764 0.00 1.00 0 2 STAR 7 8 0 1 1 0 1 1 0 1 1 1 0 0 1 1 0 1 1 0 1 1 1 1
query1711 1.83 46% 0 46088 0.00 1.00 0 2 STAR 7 8 0 1 1 0 1 1 0 1 1 1 0 0 1 1 0 1 1 0 1 1 1 1
query885 1.52 45% 0 45928 0.00 1.00 0 2 STAR 7 8 0 1 1 0 1 1 0 1 1 1 0 0 1 1 0 1 1 0 1 1 1 1
query484 1.30 89% 0 45568 0.00 1.00 0 2 STAR 7 8 0 1 1 0 1 1 0 1 1 1 0 0 1 1 0 1 1 0 1 1 1 1
query1335 1.55 42% 0 45952 0.00 1.00 0 2 STAR 7 8 0 1 1 0 1 1 0 1 1 1 0 0 1 1 0 1 1 0 1 1 1 1
query619 1.67 44% 0 45788 0.00 1.00 0 2 STAR 7 8 0 1 1 0 1 1 0 1 1 1 0 0 1 1 0 1 1 0 1 1 1 1
query3087 1.37 46% 0 45468 0.00 1.00 0 2 STAR 7 8 0 1 1 0 1 1 0 1 1 1 0 0 1 1 0 1 1 0 1 1 1 1
query3071 1.76 43% 0 45788 0.00 1.00 0 2 STAR 7 8 0 1 1 0 1 1 0 1 1 1 0 0 1 1 0 1 1 0 1 1 1 1
query2059 1.55 43% 0 45500 0.00 1.00 0 2 STAR 7 8 0 1 1 0 1 1 0 1 1 1 0 0 1 1 0 1 1 0 1 1 1 1
query2044 1.35 47% 0 45484 0.00 1.00 0 2 STAR 7 8 0 1 1 0 1 1 0 1 1 1 0 0 1 1 0 1 1 0 1 1 1 1
query8710 3.56 18% 0 46168 0.00 1.00 0 3 STAR 7 8 0 1 1 0 1 1 0 1 1 1 0 0 1 1 0 1 1 0 1 1 1 1
query9900 1.72 43% 0 45268 0.00 1.00 0 4 STAR 7 8 0 1 1 0 1 1 0 1 1 1 0 0 1 1 0 1 1 0 1 1 1 1
query8701 1.41 45% 0 45980 0.00 1.00 0 3 STAR 7 8 0 1 1 0 1 1 0 1 1 1 0 0 1 1 0 1 1 0 1 1 1 1
query5192 1.54 42% 0 45388 0.00 1.00 0 2 STAR 7 8 0 1 1 0 1 1 0 1 1 1 0 0 1 1 0 1 1 0 1 1 1 1
query12129 1.55 42% 0 45808 0.00 1.00 0 4 STAR 7 8 0 1 1 0 1 1 0 1 1 1 0 0 1 1 0 1 1 0 1 1 1 1
query11337 2.20 62% 0 45912 0.00 1.00 0 2 STAR 7 8 0 1 1 0 1 1 0 1 1 1 0 0 1 1 0 1 1 0 1 1 1 1
query9165 1.42 45% 0 45452 0.00 1.00 0 3 STAR 7 8 0 1 1 0 1 1 0 1 1 1 0 0 1 1 0 1 1 0 1 1 1 1
query1479 1.69 42% 0 45876 0.00 1.00 0 2 STAR 7 8 0 1 1 0 1 1 0 1 1 1 0 0 1 1 0 1 1 0 1 1 1 1
query5645 1.67 44% 0 46040 0.00 1.00 0 2 STAR 7 8 0 1 1 0 1 1 0 1 1 1 0 0 1 1 0 1 1 0 1 1 1 1
query7902 1.59 43% 0 46192 0.00 1.00 0 3 STAR 7 8 0 1 1 0 1 1 0 1 1 1 0 0 1 1 0 1 1 0 1 1 1 1
query9320 1.68 43% 0 46116 0.00 1.00 0 3 STAR 7 8 0 1 1 0 1 1 0 1 1 1 0 0 1 1 0 1 1 0 1 1 1 1
query199 1.82 46% 0 46028 0.00 1.00 0 2 STAR 7 8 0 1 1 0 1 1 0 1 1 1 0 0 1 1 0 1 1 0 1 1 1 1
query14071 1.36 47% 0 45752 0.00 1.00 0 3 STAR 7 8 0 1 1 0 1 1 0 1 1 1 0 0 1 1 0 1 1 0 1 1 1 1
query3343 1.51 43% 0 46104 0.00 1.00 0 2 STAR 7 8 0 1 1 0 1 1 0 1 1 1 0 0 1 1 0 1 1 0 1 1 1 1
query2150 1.38 46% 0 45768 0.00 1.00 0 2 STAR 7 8 0 1 1 0 1 1 0 1 1 1 0 0 1 1 0 1 1 0 1 1 1 1
query8815 0.86 61% 0 45516 0.00 1.00 0 3 STAR 7 8 0 1 1 0 1 1 0 1 1 1 0 0 1 1 0 1 1 0 1 1 1 1
query4550 1.81 45% 0 45600 0.00 1.00 0 2 STAR 7 8 0 1 1 0 1 1 0 1 1 1 0 0 1 1 0 1 1 0 1 1 1 1
query3166 1.74 43% 0 46136 0.00 1.00 0 2 STAR 7 8 0 1 1 0 1 1 0 1 1 1 0 0 1 1 0 1 1 0 1 1 1 1
query11017 1.61 44% 0 45956 0.00 1.00 0 3 STAR 7 8 0 1 1 0 1 1 0 1 1 1 0 0 1 1 0 1 1 0 1 1 1 1
query12046 1.85 49% 0 45592 0.00 1.00 0 4 STAR 7 8 0 1 1 0 1 1 0 1 1 1 0 0 1 1 0 1 1 0 1 1 1 1
query2259 1.53 42% 0 45488 0.00 1.00 0 2 STAR 7 8 0 1 1 0 1 1 0 1 1 1 0 0 1 1 0 1 1 0 1 1 1 1
query9031 1.92 52% 0 46168 0.00 1.00 0 3 STAR 7 8 0 1 1 0 1 1 0 1 1 1 0 0 1 1 0 1 1 0 1 1 1 1
query11674 1.25 50% 0 45196 0.00 1.00 0 2 STAR 7 8 0 1 1 0 1 1 0 1 1 1 0 0 1 1 0 1 1 0 1 1 1 1
query14140 1.29 51% 0 45608 0.00 1.00 0 3 STAR 7 8 0 1 1 0 1 1 0 1 1 1 0 0 1 1 0 1 1 0 1 1 1 1
query2867 1.70 42% 0 46076 0.00 1.00 0 2 STAR 7 8 0 1 1 0 1 1 0 1 1 1 0 0 1 1 0 1 1 0 1 1 1 1
query5479 1.36 47% 0 45588 0.00 1.00 0 2 STAR 7 8 0 1 1 0 1 1 0 1 1 1 0 0 1 1 0 1 1 0 1 1 1 1
query5166 1.38 46% 0 45472 0.00 1.00 0 2 STAR 7 8 0 1 1 0 1 1 0 1 1 1 0 0 1 1 0 1 1 0 1 1 1 1
query11782 1.72 42% 0 45752 0.00 1.00 0 2 STAR 7 8 0 1 1 0 1 1 0 1 1 1 0 0 1 1 0 1 1 0 1 1 1 1
query2447 1.47 44% 0 46140 0.00 1.00 0 2 STAR 7 8 0 1 1 0 1 1 0 1 1 1 0 0 1 1 0 1 1 0 1 1 1 1
query12449 1.38 46% 0 45844 0.00 1.00 0 2 STAR 7 8 0 1 1 0 1 1 0 1 1 1 0 0 1 1 0 1 1 0 1 1 1 1
query11565 1.60 44% 0 45372 0.00 1.00 0 2 STAR 7 8 0 1 1 0 1 1 0 1 1 1 0 0 1 1 0 1 1 0 1 1 1 1
query835 1.96 59% 0 45252 0.00 1.00 0 2 STAR 7 8 0 1 1 0 1 1 0 1 1 1 0 0 1 1 0 1 1 0 1 1 1 1
query12520 1.50 43% 0 45876 0.00 1.00 0 2 STAR 7 8 0 1 1 0 1 1 0 1 1 1 0 0 1 1 0 1 1 0 1 1 1 1
query12240 1.64 44% 0 45932 0.00 1.00 0 4 STAR 7 8 0 1 1 0 1 1 0 1 1 1 0 0 1 1 0 1 1 0 1 1 1 1
query2156 1.60 44% 0 45072 0.00 1.00 0 2 STAR 7 8 0 1 1 0 1 1 0 1 1 1 0 0 1 1 0 1 1 0 1 1 1 1
query55 1.37 46% 0 45164 0.00 1.00 0 2 STAR 7 8 0 1 1 0 1 1 0 1 1 1 0 0 1 1 0 1 1 0 1 1 1 1
query7178 1.81 45% 0 45808 0.00 1.00 0 3 STAR 7 8 0 1 1 0 1 1 0 1 1 1 0 0 1 1 0 1 1 0 1 1 1 1
query8130 1.71 42% 0 45228 0.00 1.00 0 3 STAR 7 8 0 1 1 0 1 1 0 1 1 1 0 0 1 1 0 1 1 0 1 1 1 1
query1835 1.90 51% 0 45692 0.00 1.00 0 2 STAR 7 8 0 1 1 0 1 1 0 1 1 1 0 0 1 1 0 1 1 0 1 1 1 1
query3607 1.75 44% 0 45636 0.00 1.00 0 2 STAR 7 8 0 1 1 0 1 1 0 1 1 1 0 0 1 1 0 1 1 0 1 1 1 1
query5585 2.05 63% 0 45832 0.00 1.00 0 2 STAR 7 8 0 1 1 0 1 1 0 1 1 1 0 0 1 1 0 1 1 0 1 1 1 1
query2093 1.34 47% 0 45516 0.00 1.00 0 2 STAR 7 8 0 1 1 0 1 1 0 1 1 1 0 0 1 1 0 1 1 0 1 1 1 1
query10958 1.54 42% 0 45568 0.00 1.00 0 3 STAR 7 8 0 1 1 0 1 1 0 1 1 1 0 0 1 1 0 1 1 0 1 1 1 1
query6383 1.56 43% 0 45532 0.00 1.00 0 3 STAR 7 8 0 1 1 0 1 1 0 1 1 1 0 0 1 1 0 1 1 0 1 1 1 1
query14118 1.81 45% 0 45708 0.00 1.00 0 3 STAR 7 8 0 1 1 0 1 1 0 1 1 1 0 0 1 1 0 1 1 0 1 1 1 1
query7439 1.44 44% 0 45912 0.00 1.00 0 3 STAR 7 8 0 1 1 0 1 1 0 1 1 1 0 0 1 1 0 1 1 0 1 1 1 1
query14 1.38 46% 0 45740 0.00 1.00 0 2 STAR 7 8 0 1 1 0 1 1 0 1 1 1 0 0 1 1 0 1 1 0 1 1 1 1
query10696 1.84 48% 0 46032 0.00 1.00 0 3 STAR 7 8 0 1 1 0 1 1 0 1 1 1 0 0 1 1 0 1 1 0 1 1 1 1
query3419 1.43 44% 0 45548 0.00 1.00 0 2 STAR 7 8 0 1 1 0 1 1 0 1 1 1 0 0 1 1 0 1 1 0 1 1 1 1
query13697 0.86 61% 0 46048 0.00 1.00 0 2 STAR 7 8 0 1 1 0 1 1 0 1 1 1 0 0 1 1 0 1 1 0 1 1 1 1
query10044 1.82 47% 0 45352 0.00 1.00 0 4 STAR 7 8 0 1 1 0 1 1 0 1 1 1 0 0 1 1 0 1 1 0 1 1 1 1
query5487 1.48 44% 0 45864 0.00 1.00 0 2 STAR 7 8 0 1 1 0 1 1 0 1 1 1 0 0 1 1 0 1 1 0 1 1 1 1
query1093 1.71 42% 0 45800 0.00 1.00 0 2 STAR 7 8 0 1 1 0 1 1 0 1 1 1 0 0 1 1 0 1 1 0 1 1 1 1
query2137 1.56 42% 0 46048 0.00 1.00 0 2 STAR 7 8 0 1 1 0 1 1 0 1 1 1 0 0 1 1 0 1 1 0 1 1 1 1
query11223 1.81 46% 0 45144 0.00 1.00 0 3 STAR 7 8 0 1 1 0 1 1 0 1 1 1 0 0 1 1 0 1 1 0 1 1 1 1
query2674 1.73 42% 0 45900 0.00 1.00 0 2 STAR 7 8 0 1 1 0 1 1 0 1 1 1 0 0 1 1 0 1 1 0 1 1 1 1
query1129 1.69 43% 0 45196 0.00 1.00 0 2 STAR 7 8 0 1 1 0 1 1 0 1 1 1 0 0 1 1 0 1 1 0 1 1 1 1
query2322 1.72 42% 0 46188 0.00 1.00 0 2 STAR 7 8 0 1 1 0 1 1 0 1 1 1 0 0 1 1 0 1 1 0 1 1 1 1
query64 1.67 43% 0 45472 0.00 1.00 0 2 STAR 7 8 0 1 1 0 1 1 0 1 1 1 0 0 1 1 0 1 1 0 1 1 1 1
query7306 1.51 43% 0 45972 0.00 1.00 0 3 STAR 7 8 0 1 1 0 1 1 0 1 1 1 0 0 1 1 0 1 1 0 1 1 1 1
query4059 1.55 41% 0 45164 0.00 1.00 0 2 STAR 7 8 0 1 1 0 1 1 0 1 1 1 0 0 1 1 0 1 1 0 1 1 1 1
query3145 1.49 44% 0 45252 0.00 1.00 0 2 STAR 7 8 0 1 1 0 1 1 0 1 1 1 0 0 1 1 0 1 1 0 1 1 1 1
query2709 1.72 43% 0 45520 0.00 1.00 0 2 STAR 7 8 0 1 1 0 1 1 0 1 1 1 0 0 1 1 0 1 1 0 1 1 1 1
query11078 1.77 44% 0 45412 0.00 1.00 0 3 STAR 7 8 0 1 1 0 1 1 0 1 1 1 0 0 1 1 0 1 1 0 1 1 1 1
query6075 1.72 43% 0 45524 0.00 1.00 0 3 STAR 7 8 0 1 1 0 1 1 0 1 1 1 0 0 1 1 0 1 1 0 1 1 1 1
query2235 1.42 45% 0 46256 0.00 1.00 0 2 STAR 7 8 0 1 1 0 1 1 0 1 1 1 0 0 1 1 0 1 1 0 1 1 1 1
query7675 1.84 48% 0 45424 0.00 1.00 0 3 STAR 7 8 0 1 1 0 1 1 0 1 1 1 0 0 1 1 0 1 1 0 1 1 1 1
query3746 1.51 44% 0 46208 0.00 1.00 0 2 STAR 7 8 0 1 1 0 1 1 0 1 1 1 0 0 1 1 0 1 1 0 1 1 1 1
query10353 1.92 52% 0 46056 0.00 1.00 0 4 STAR 7 8 0 1 1 0 1 1 0 1 1 1 0 0 1 1 0 1 1 0 1 1 1 1
query9517 1.34 50% 0 45660 0.00 1.00 0 4 STAR 7 8 0 1 1 0 1 1 0 1 1 1 0 0 1 1 0 1 1 0 1 1 1 1
query1306 1.62 44% 0 46036 0.00 1.00 0 2 STAR 7 8 0 1 1 0 1 1 0 1 1 1 0 0 1 1 0 1 1 0 1 1 1 1
query11519 1.15 84% 0 46252 0.00 1.00 0 2 STAR 7 8 0 1 1 0 1 1 0 1 1 1 0 0 1 1 0 1 1 0 1 1 1 1
query3519 1.58 43% 0 45848 0.00 1.00 0 2 STAR 7 8 0 1 1 0 1 1 0 1 1 1 0 0 1 1 0 1 1 0 1 1 1 1
query874 1.52 43% 0 46252 0.00 1.00 0 2 STAR 7 8 0 1 1 0 1 1 0 1 1 1 0 0 1 1 0 1 1 0 1 1 1 1
query513 1.83 47% 0 45668 0.00 1.00 0 2 STAR 7 8 0 1 1 0 1 1 0 1 1 1 0 0 1 1 0 1 1 0 1 1 1 1
query3663 1.48 44% 0 45376 0.00 1.00 0 2 STAR 7 8 0 1 1 0 1 1 0 1 1 1 0 0 1 1 0 1 1 0 1 1 1 1
query1697 1.51 42% 0 45576 0.00 1.00 0 2 STAR 7 8 0 1 1 0 1 1 0 1 1 1 0 0 1 1 0 1 1 0 1 1 1 1
query1818 1.68 42% 0 45448 0.00 1.00 0 2 STAR 7 8 0 1 1 0 1 1 0 1 1 1 0 0 1 1 0 1 1 0 1 1 1 1
query1809 1.69 42% 0 45360 0.00 1.00 0 2 STAR 7 8 0 1 1 0 1 1 0 1 1 1 0 0 1 1 0 1 1 0 1 1 1 1
query3597 1.61 44% 0 45932 0.00 1.00 0 2 STAR 7 8 0 1 1 0 1 1 0 1 1 1 0 0 1 1 0 1 1 0 1 1 1 1
query1574 1.55 42% 0 45104 0.00 1.00 0 2 STAR 7 8 0 1 1 0 1 1 0 1 1 1 0 0 1 1 0 1 1 0 1 1 1 1
query969 1.82 47% 0 46148 0.00 1.00 0 2 STAR 7 8 0 1 1 0 1 1 0 1 1 1 0 0 1 1 0 1 1 0 1 1 1 1
query876 1.47 44% 0 45408 0.00 1.00 0 2 STAR 7 8 0 1 1 0 1 1 0 1 1 1 0 0 1 1 0 1 1 0 1 1 1 1
query1271 1.39 45% 0 45384 0.00 1.00 0 2 STAR 7 8 0 1 1 0 1 1 0 1 1 1 0 0 1 1 0 1 1 0 1 1 1 1
query3077 1.40 45% 0 45692 0.00 1.00 0 2 STAR 7 8 0 1 1 0 1 1 0 1 1 1 0 0 1 1 0 1 1 0 1 1 1 1
query420 1.65 44% 0 45396 0.00 1.00 0 2 STAR 7 8 0 1 1 0 1 1 0 1 1 1 0 0 1 1 0 1 1 0 1 1 1 1
query2546 1.35 47% 0 46176 0.00 1.00 0 2 STAR 7 8 0 1 1 0 1 1 0 1 1 1 0 0 1 1 0 1 1 0 1 1 1 1
query2294 1.37 46% 0 45832 0.00 1.00 0 2 STAR 7 8 0 1 1 0 1 1 0 1 1 1 0 0 1 1 0 1 1 0 1 1 1 1
query2125 1.35 46% 0 45652 0.00 1.00 0 2 STAR 7 8 0 1 1 0 1 1 0 1 1 1 0 0 1 1 0 1 1 0 1 1 1 1
query323 1.31 48% 0 45756 0.00 1.00 0 2 STAR 7 8 0 1 1 0 1 1 0 1 1 1 0 0 1 1 0 1 1 0 1 1 1 1
query2518 1.38 46% 0 45708 0.00 1.00 0 2 STAR 7 8 0 1 1 0 1 1 0 1 1 1 0 0 1 1 0 1 1 0 1 1 1 1
query1711 1.33 87% 0 45156 0.00 1.00 0 2 STAR 7 8 0 1 1 0 1 1 0 1 1 1 0 0 1 1 0 1 1 0 1 1 1 1
query885 1.39 45% 0 45096 0.00 1.00 0 2 STAR 7 8 0 1 1 0 1 1 0 1 1 1 0 0 1 1 0 1 1 0 1 1 1 1
query484 1.78 44% 0 46056 0.00 1.00 0 2 STAR 7 8 0 1 1 0 1 1 0 1 1 1 0 0 1 1 0 1 1 0 1 1 1 1
query1335 1.47 44% 0 46012 0.00 1.00 0 2 STAR 7 8 0 1 1 0 1 1 0 1 1 1 0 0 1 1 0 1 1 0 1 1 1 1
query619 1.75 43% 0 45976 0.00 1.00 0 2 STAR 7 8 0 1 1 0 1 1 0 1 1 1 0 0 1 1 0 1 1 0 1 1 1 1
query3087 1.34 47% 0 45808 0.00 1.00 0 2 STAR 7 8 0 1 1 0 1 1 0 1 1 1 0 0 1 1 0 1 1 0 1 1 1 1
query3071 2.13 64% 0 45872 0.00 1.00 0 2 STAR 7 8 0 1 1 0 1 1 0 1 1 1 0 0 1 1 0 1 1 0 1 1 1 1
query2059 1.59 45% 0 45424 0.00 1.00 0 2 STAR 7 8 0 1 1 0 1 1 0 1 1 1 0 0 1 1 0 1 1 0 1 1 1 1
query2044 1.81 47% 0 45216 0.00 1.00 0 2 STAR 7 8 0 1 1 0 1 1 0 1 1 1 0 0 1 1 0 1 1 0 1 1 1 1
