query8710 2.34 70% 0 65120 1.00 1.00 6 3 STAR 15 16  4 2 0 1 1 0 3 2 1 1  5 2 0 1 1 0 3 2 1 1
query9900 2.47 78% 0 66676 1.00 1.00 8 4 STAR 22 21  6 4 0 2 1 0 4 3 1 1  6 3 0 2 1 0 4 3 1 1
query8701 1.84 74% 0 63988 1.00 1.00 6 3 STAR 10 12  1 2 0 1 1 0 1 2 1 1  3 2 0 1 1 0 1 2 1 1
query5192 1.96 73% 0 64212 1.00 1.00 4 2 STAR 13 13  4 1 0 1 1 0 3 1 1 1  4 1 0 1 1 0 3 1 1 1
query12129 1.92 71% 0 64184 1.00 1.00 8 4 STAR 10 13  1 2 0 1 1 0 1 2 1 1  4 2 0 1 1 0 1 2 1 1
query11337 2.30 69% 0 64180 1.00 1.00 4 2 STAR 13 13  4 1 0 2 1 0 2 1 1 1  4 1 0 2 1 0 2 1 1 1
query9165 1.37 102% 0 65132 1.00 1.00 6 3 STAR 15 16  4 2 0 1 1 0 3 2 1 1  4 3 0 1 1 0 3 2 1 1
query1479 1.41 96% 0 63708 1.00 1.00 4 2 STAR 13 13  4 1 0 2 1 0 2 1 1 1  4 1 0 2 1 0 2 1 1 1
query5645 1.03 81% 0 64508 1.00 1.00 4 2 STAR 13 13  4 1 0 2 1 0 2 1 1 1  4 1 0 2 1 0 2 1 1 1
query7902 1.92 75% 0 65088 1.00 1.00 6 3 STAR 12 14  4 1 0 1 1 0 2 1 1 1  6 1 0 1 1 0 2 1 1 1
query9320 2.01 76% 0 65012 1.00 1.00 6 3 STAR 15 16  4 2 0 1 1 0 3 2 1 1  5 2 0 1 1 0 3 2 1 1
query199 2.20 68% 0 63280 1.00 1.00 4 2 STAR 13 13  3 2 0 1 1 0 2 2 1 1  3 2 0 1 1 0 2 2 1 1
query14071 1.93 80% 0 64728 1.00 1.00 6 3 STAR 17 17  6 1 0 2 1 0 4 1 1 1  6 1 0 2 1 0 4 1 1 1
query3343 1.95 71% 0 64428 1.00 1.00 4 2 STAR 10 11  1 2 0 1 1 0 1 2 1 1  2 2 0 1 1 0 1 2 1 1
query2150 1.90 75% 0 63928 1.00 1.00 4 2 STAR 13 13  4 1 0 2 1 0 2 1 1 1  4 1 0 2 1 0 2 1 1 1
query8815 2.08 69% 0 64728 1.00 1.00 6 3 STAR 12 14  3 2 0 1 1 0 1 2 1 1  5 2 0 1 1 0 1 2 1 1
query4550 1.88 75% 0 64064 1.00 1.00 4 2 STAR 13 13  4 1 0 1 1 0 3 1 1 1  4 1 0 1 1 0 3 1 1 1
query3166 1.95 73% 0 63904 1.00 1.00 4 2 STAR 13 13  3 2 0 1 1 0 2 2 1 1  3 2 0 1 1 0 2 2 1 1
query11017 2.02 72% 0 64604 1.00 1.00 6 3 STAR 12 14  3 2 0 1 1 0 1 2 1 1  5 2 0 1 1 0 1 2 1 1
query12046 1.97 81% 0 65996 1.00 1.00 8 4 STAR 18 19  5 3 0 1 1 0 3 3 1 1  6 3 0 1 1 0 3 3 1 1
query2259 2.23 68% 0 63920 1.00 1.00 4 2 STAR 13 13  3 2 0 2 1 0 1 2 1 1  3 2 0 2 1 0 1 2 1 1
query9031 1.77 80% 0 64224 1.00 1.00 6 3 STAR 12 14  3 2 0 1 1 0 1 2 1 1  5 2 0 1 1 0 1 2 1 1
query11674 1.91 72% 0 63780 1.00 1.00 4 2 STAR 10 11  1 2 0 1 1 0 1 2 1 1  2 2 0 1 1 0 1 2 1 1
query14140 1.95 80% 0 65076 1.00 1.00 6 3 STAR 17 17  6 1 0 2 1 0 4 1 1 1  6 1 0 2 1 0 4 1 1 1
query2867 2.28 68% 0 63820 1.00 1.00 4 2 STAR 10 11  2 1 0 2 1 0 1 1 1 1  2 2 0 2 1 0 1 1 1 1
query5479 1.47 92% 0 64156 1.00 1.00 4 2 STAR 13 13  4 1 0 2 1 0 2 1 1 1  4 1 0 2 1 0 2 1 1 1
query5166 1.97 70% 0 63384 1.00 1.00 4 2 STAR 10 11  2 1 0 1 1 0 2 1 1 1  3 1 0 1 1 0 2 1 1 1
query11782 2.24 70% 0 63956 1.00 1.00 4 2 STAR 13 13  2 3 0 1 1 0 2 2 1 1  2 3 0 1 1 0 2 2 1 1
query2447 2.51 72% 0 64184 1.00 1.00 4 2 STAR 10 11  2 1 0 2 1 0 1 1 1 1  2 2 0 2 1 0 1 1 1 1
query12449 2.27 69% 0 63848 1.00 1.00 4 2 STAR 13 13  4 1 0 1 1 0 3 1 1 1  4 1 0 1 1 0 3 1 1 1
query11565 1.93 74% 0 64044 1.00 1.00 4 2 STAR 13 13  4 1 0 2 1 0 2 1 1 1  4 1 0 2 1 0 2 1 1 1
query835 1.89 75% 0 63568 1.00 1.00 4 2 STAR 13 13  2 3 0 1 1 0 2 2 1 1  2 3 0 1 1 0 2 2 1 1
query12520 2.47 79% 0 64044 1.00 1.00 4 2 STAR 13 13  4 1 0 1 1 0 3 1 1 1  4 1 0 1 1 0 3 1 1 1
query12240 2.17 74% 0 65840 1.00 1.00 8 4 STAR 15 17  4 2 0 2 1 0 2 2 1 1  5 3 0 2 1 0 2 2 1 1
query2156 2.38 73% 0 64732 1.00 1.00 4 2 STAR 13 13  4 1 0 2 1 0 2 1 1 1  4 1 0 2 1 0 2 1 1 1
query55 1.83 106% 0 64064 1.00 1.00 4 2 STAR 11 12  2 2 0 1 1 0 1 2 1 1  3 2 0 1 1 0 1 2 1 1
query7178 1.99 74% 0 64980 1.00 1.00 6 3 STAR 14 15  3 3 0 1 1 0 2 2 1 1  4 3 0 1 1 0 2 2 1 1
query8130 2.08 71% 0 64708 1.00 1.00 6 3 STAR 14 15  5 1 0 1 1 0 3 1 1 1  6 1 0 1 1 0 3 1 1 1
query1835 1.95 72% 0 63936 1.00 1.00 4 2 STAR 13 13  4 1 0 2 1 0 2 1 1 1  4 1 0 2 1 0 2 1 1 1
query3607 1.89 75% 0 64608 1.00 1.00 4 2 STAR 13 13  2 3 0 1 1 0 2 2 1 1  2 3 0 1 1 0 2 2 1 1
query5585 2.28 69% 0 64340 1.00 1.00 4 2 STAR 13 13  4 1 0 2 1 0 2 1 1 1  4 1 0 2 1 0 2 1 1 1
query2093 1.76 78% 0 63316 1.00 1.00 4 2 STAR 11 12  3 1 0 2 1 0 1 1 1 1  4 1 0 2 1 0 1 1 1 1
query10958 1.90 82% 0 65596 1.00 1.00 6 3 STAR 17 17  5 2 0 3 1 0 2 2 1 1  5 2 0 3 1 0 2 2 1 1
query6383 2.18 74% 0 65592 1.00 1.00 6 3 STAR 17 17  4 3 0 3 1 0 2 2 1 1  4 3 0 3 1 0 2 2 1 1
query14118 2.36 72% 0 64756 1.00 1.00 6 3 STAR 14 15  5 1 0 1 1 0 3 1 1 1  6 1 0 1 1 0 3 1 1 1
query7439 2.32 70% 0 65004 1.00 1.00 6 3 STAR 12 14  3 2 0 1 1 0 2 1 1 1  4 3 0 1 1 0 2 1 1 1
query14 2.10 71% 0 64224 1.00 1.00 4 2 STAR 13 13  3 2 0 1 1 0 2 2 1 1  3 2 0 1 1 0 2 2 1 1
query10696 2.35 70% 0 64992 1.00 1.00 6 3 STAR 14 15  5 1 0 1 1 0 3 1 1 1  6 1 0 1 1 0 3 1 1 1
query3419 2.29 69% 0 63876 1.00 1.00 4 2 STAR 11 12  2 2 0 1 1 0 2 1 1 1  2 3 0 1 1 0 2 1 1 1
query13697 1.99 73% 0 63484 1.00 1.00 4 2 STAR 13 13  4 1 0 2 1 0 2 1 1 1  4 1 0 2 1 0 2 1 1 1
query10044 2.44 74% 0 65496 1.00 1.00 9 4 STAR 13 16  4 2 0 1 1 0 2 1 1 1  6 3 0 1 1 0 2 1 1 1
query5487 2.32 67% 0 64248 1.00 1.00 4 2 STAR 10 11  2 1 0 1 1 0 2 1 1 1  3 1 0 1 1 0 2 1 1 1
query1093 2.34 70% 0 64160 1.00 1.00 4 2 STAR 13 13  2 3 0 1 1 0 2 2 1 1  2 3 0 1 1 0 2 2 1 1
query2137 2.31 69% 0 63836 1.00 1.00 4 2 STAR 13 13  4 1 0 2 1 0 2 1 1 1  4 1 0 2 1 0 2 1 1 1
query11223 2.09 73% 0 64376 1.00 1.00 6 3 STAR 15 16  3 3 0 2 1 0 2 2 1 1  4 3 0 2 1 0 2 2 1 1
query2674 2.10 71% 0 64188 1.00 1.00 4 2 STAR 13 13  3 2 0 2 1 0 1 2 1 1  3 2 0 2 1 0 1 2 1 1
query1129 2.13 70% 0 63832 1.00 1.00 4 2 STAR 11 12  2 2 0 1 1 0 2 1 1 1  2 3 0 1 1 0 2 1 1 1
query2322 1.87 80% 0 63784 1.00 1.00 4 2 STAR 13 13  3 2 0 2 1 0 1 2 1 1  3 2 0 2 1 0 1 2 1 1
query64 1.87 79% 0 64176 1.00 1.00 4 2 STAR 13 13  3 2 0 1 1 0 2 2 1 1  3 2 0 1 1 0 2 2 1 1
query7306 2.26 71% 0 65108 1.00 1.00 6 3 STAR 14 15  3 3 0 1 1 0 2 2 1 1  4 3 0 1 1 0 2 2 1 1
query4059 2.28 70% 0 64092 1.00 1.00 4 2 STAR 13 13  3 2 0 1 1 0 2 2 1 1  3 2 0 1 1 0 2 2 1 1
query3145 1.97 71% 0 64308 1.00 1.00 4 2 STAR 10 11  2 1 0 2 1 0 1 1 1 1  2 2 0 2 1 0 1 1 1 1
query2709 2.47 74% 0 64644 1.00 1.00 4 2 STAR 13 13  3 2 0 2 1 0 1 2 1 1  3 2 0 2 1 0 1 2 1 1
query11078 2.27 72% 0 65340 1.00 1.00 6 3 STAR 15 16  3 3 0 2 1 0 2 2 1 1  4 3 0 2 1 0 2 2 1 1
query6075 2.36 72% 0 65140 1.00 1.00 6 3 STAR 14 15  4 2 0 2 1 0 2 1 1 1  4 3 0 2 1 0 2 1 1 1
query2235 2.28 70% 0 64012 1.00 1.00 4 2 STAR 13 13  4 1 0 2 1 0 2 1 1 1  4 1 0 2 1 0 2 1 1 1
query7675 1.94 80% 0 65036 1.00 1.00 6 3 STAR 15 16  4 2 0 2 1 0 2 2 1 1  5 2 0 2 1 0 2 2 1 1
query3746 2.12 71% 0 63740 1.00 1.00 4 2 STAR 13 13  3 2 0 1 1 0 2 2 1 1  3 2 0 1 1 0 2 2 1 1
query10353 2.00 74% 0 65448 1.00 1.00 8 4 STAR 14 16  3 3 0 2 1 0 1 2 1 1  5 3 0 2 1 0 1 2 1 1
query9517 2.32 68% 0 64828 1.00 1.00 8 4 STAR 11 14  2 2 0 1 1 0 2 1 1 1  4 3 0 1 1 0 2 1 1 1
query1306 1.90 75% 0 63976 1.00 1.00 4 2 STAR 13 13  4 1 0 2 1 0 2 1 1 1  4 1 0 2 1 0 2 1 1 1
query11519 2.04 70% 0 63592 1.00 1.00 4 2 STAR 13 13  4 1 0 2 1 0 2 1 1 1  4 1 0 2 1 0 2 1 1 1
query3519 2.14 71% 0 63820 1.00 1.00 4 2 STAR 13 13  2 3 0 1 1 0 2 2 1 1  2 3 0 1 1 0 2 2 1 1
query874 1.02 83% 0 64144 1.00 1.00 4 2 STAR 11 12  2 2 0 1 1 0 2 1 1 1  2 3 0 1 1 0 2 1 1 1
query513 2.26 69% 0 63852 1.00 1.00 4 2 STAR 13 13  2 3 0 1 1 0 2 2 1 1  2 3 0 1 1 0 2 2 1 1
query3663 1.94 72% 0 63404 1.00 1.00 4 2 STAR 11 12  2 2 0 1 1 0 1 2 1 1  3 2 0 1 1 0 1 2 1 1
query1697 1.39 95% 0 64500 1.00 1.00 4 2 STAR 11 12  3 1 0 2 1 0 1 1 1 1  4 1 0 2 1 0 1 1 1 1
query1818 1.97 72% 0 63432 1.00 1.00 4 2 STAR 11 12  3 1 0 2 1 0 1 1 1 1  4 1 0 2 1 0 1 1 1 1
query1809 1.87 75% 0 64248 1.00 1.00 4 2 STAR 11 12  3 1 0 2 1 0 1 1 1 1  4 1 0 2 1 0 1 1 1 1
query3597 2.25 69% 0 63852 1.00 1.00 4 2 STAR 13 13  2 3 0 1 1 0 2 2 1 1  2 3 0 1 1 0 2 2 1 1
query1574 2.10 71% 0 63492 1.00 1.00 4 2 STAR 13 13  4 1 0 2 1 0 2 1 1 1  4 1 0 2 1 0 2 1 1 1
query969 1.92 72% 0 63868 1.00 1.00 4 2 STAR 10 11  1 2 0 1 1 0 1 2 1 1  2 2 0 1 1 0 1 2 1 1
query876 2.21 69% 0 64352 1.00 1.00 4 2 STAR 13 13  2 3 0 1 1 0 2 2 1 1  2 3 0 1 1 0 2 2 1 1
query1271 2.15 70% 0 64032 1.00 1.00 4 2 STAR 13 13  4 1 0 2 1 0 2 1 1 1  4 1 0 2 1 0 2 1 1 1
query3077 2.20 67% 0 63696 1.00 1.00 4 2 STAR 10 11  2 1 0 2 1 0 1 1 1 1  2 2 0 2 1 0 1 1 1 1
query420 1.92 75% 0 64156 1.00 1.00 4 2 STAR 13 13  2 3 0 1 1 0 2 2 1 1  2 3 0 1 1 0 2 2 1 1
query2546 2.33 70% 0 63540 1.00 1.00 4 2 STAR 13 13  3 2 0 2 1 0 1 2 1 1  3 2 0 2 1 0 1 2 1 1
query2294 1.85 78% 0 63548 1.00 1.00 4 2 STAR 11 12  2 2 0 1 1 0 1 2 1 1  3 2 0 1 1 0 1 2 1 1
query2125 1.41 97% 0 64508 1.00 1.00 4 2 STAR 13 13  4 1 0 2 1 0 2 1 1 1  4 1 0 2 1 0 2 1 1 1
query323 2.24 69% 0 63880 1.00 1.00 4 2 STAR 13 13  2 3 0 1 1 0 2 2 1 1  2 3 0 1 1 0 2 2 1 1
query2518 1.87 74% 0 63480 1.00 1.00 4 2 STAR 11 12  2 2 0 1 1 0 1 2 1 1  3 2 0 1 1 0 1 2 1 1
query1711 2.01 69% 0 63824 1.00 1.00 4 2 STAR 10 11  2 1 0 1 1 0 2 1 1 1  3 1 0 1 1 0 2 1 1 1
query885 1.31 100% 0 64256 1.00 1.00 4 2 STAR 13 13  2 3 0 1 1 0 2 2 1 1  2 3 0 1 1 0 2 2 1 1
query484 2.22 67% 0 64096 1.00 1.00 4 2 STAR 11 12  2 2 0 1 1 0 2 1 1 1  2 3 0 1 1 0 2 1 1 1
query1335 2.23 66% 0 63720 1.00 1.00 4 2 STAR 10 11  2 1 0 1 1 0 2 1 1 1  3 1 0 1 1 0 2 1 1 1
query619 1.86 75% 0 63272 1.00 1.00 4 2 STAR 11 12  2 2 0 1 1 0 2 1 1 1  2 3 0 1 1 0 2 1 1 1
query3087 2.27 69% 0 63572 1.00 1.00 4 2 STAR 13 13  3 2 0 2 1 0 1 2 1 1  3 2 0 2 1 0 1 2 1 1
query3071 1.90 74% 0 64100 1.00 1.00 4 2 STAR 11 12  2 2 0 1 1 0 1 2 1 1  3 2 0 1 1 0 1 2 1 1
query2059 2.06 69% 0 63732 1.00 1.00 4 2 STAR 10 11  2 1 0 1 1 0 2 1 1 1  3 1 0 1 1 0 2 1 1 1
query2044 2.16 67% 0 63940 1.00 1.00 4 2 STAR 10 11  2 1 0 1 1 0 2 1 1 1  3 1 0 1 1 0 2 1 1 1
