query8710 2.02 69% 0 64064 1.00 1.00 3 3 STAR 10 11  2 2 0 1 1 0 1 1 1 1  3 2 0 1 1 0 1 1 1 1
query9900 2.15 69% 0 64592 1.00 1.00 4 4 STAR 12 12  4 2 0 1 1 0 1 1 1 1  4 2 0 1 1 0 1 1 1 1
query8701 2.23 63% 0 63900 1.00 1.00 3 3 STAR 9 11  1 2 0 1 1 0 1 1 1 1  3 2 0 1 1 0 1 1 1 1
query5192 1.73 73% 0 62616 1.00 1.00 2 2 STAR 9 9  2 1 0 1 1 0 1 1 1 1  2 1 0 1 1 0 1 1 1 1
query12129 2.31 64% 0 64000 1.00 1.00 4 4 STAR 9 12  1 2 0 1 1 0 1 1 1 1  4 2 0 1 1 0 1 1 1 1
query11337 1.86 68% 0 62968 1.00 1.00 2 2 STAR 9 9  2 1 0 1 1 0 1 1 1 1  2 1 0 1 1 0 1 1 1 1
query9165 2.14 70% 0 64304 1.00 1.00 3 3 STAR 10 11  3 1 0 1 1 0 1 1 1 1  3 2 0 1 1 0 1 1 1 1
query1479 2.04 64% 0 61756 1.00 1.00 2 2 STAR 9 9  2 1 0 1 1 0 1 1 1 1  2 1 0 1 1 0 1 1 1 1
query5645 1.99 64% 0 62972 1.00 1.00 2 2 STAR 9 9  2 1 0 1 1 0 1 1 1 1  2 1 0 1 1 0 1 1 1 1
query7902 1.88 68% 0 61976 1.00 1.00 3 3 STAR 9 9  2 1 0 1 1 0 1 1 1 1  2 1 0 1 1 0 1 1 1 1
query9320 1.89 73% 0 63812 1.00 1.00 3 3 STAR 10 11  2 2 0 1 1 0 1 1 1 1  3 2 0 1 1 0 1 1 1 1
query199 2.31 65% 0 63868 1.00 1.00 2 2 STAR 10 10  2 2 0 1 1 0 1 1 1 1  2 2 0 1 1 0 1 1 1 1
query14071 2.44 70% 0 62228 1.00 1.00 3 3 STAR 9 9  2 1 0 1 1 0 1 1 1 1  2 1 0 1 1 0 1 1 1 1
query3343 2.29 64% 0 63520 1.00 1.00 2 2 STAR 9 10  1 2 0 1 1 0 1 1 1 1  2 2 0 1 1 0 1 1 1 1
query2150 1.86 68% 0 62916 1.00 1.00 2 2 STAR 9 9  2 1 0 1 1 0 1 1 1 1  2 1 0 1 1 0 1 1 1 1
query8815 2.09 65% 0 63956 1.00 1.00 3 3 STAR 9 11  1 2 0 1 1 0 1 1 1 1  3 2 0 1 1 0 1 1 1 1
query4550 1.91 67% 0 62668 1.00 1.00 2 2 STAR 9 9  2 1 0 1 1 0 1 1 1 1  2 1 0 1 1 0 1 1 1 1
query3166 2.68 78% 0 63836 1.00 1.00 2 2 STAR 10 10  2 2 0 1 1 0 1 1 1 1  2 2 0 1 1 0 1 1 1 1
query11017 2.68 77% 0 63372 1.00 1.00 3 3 STAR 9 11  1 2 0 1 1 0 1 1 1 1  3 2 0 1 1 0 1 1 1 1
query12046 1.94 72% 0 64064 1.00 1.00 4 4 STAR 11 12  3 2 0 1 1 0 1 1 1 1  4 2 0 1 1 0 1 1 1 1
query2259 1.89 72% 0 63568 1.00 1.00 2 2 STAR 10 10  2 2 0 1 1 0 1 1 1 1  2 2 0 1 1 0 1 1 1 1
query9031 1.39 88% 0 63716 1.00 1.00 3 3 STAR 9 11  1 2 0 1 1 0 1 1 1 1  3 2 0 1 1 0 1 1 1 1
query11674 2.29 64% 0 63740 1.00 1.00 2 2 STAR 9 10  1 2 0 1 1 0 1 1 1 1  2 2 0 1 1 0 1 1 1 1
query14140 1.91 69% 0 62924 1.00 1.00 3 3 STAR 9 9  2 1 0 1 1 0 1 1 1 1  2 1 0 1 1 0 1 1 1 1
query2867 2.10 66% 0 62856 1.00 1.00 2 2 STAR 9 10  2 1 0 1 1 0 1 1 1 1  2 2 0 1 1 0 1 1 1 1
query5479 1.94 66% 0 62512 1.00 1.00 2 2 STAR 9 9  2 1 0 1 1 0 1 1 1 1  2 1 0 1 1 0 1 1 1 1
query5166 2.02 63% 0 61960 1.00 1.00 2 2 STAR 9 9  2 1 0 1 1 0 1 1 1 1  2 1 0 1 1 0 1 1 1 1
query11782 2.73 77% 0 64268 1.00 1.00 2 2 STAR 10 10  2 2 0 1 1 0 1 1 1 1  2 2 0 1 1 0 1 1 1 1
query2447 2.21 63% 0 64068 1.00 1.00 2 2 STAR 9 10  2 1 0 1 1 0 1 1 1 1  2 2 0 1 1 0 1 1 1 1
query12449 2.70 75% 0 62624 1.00 1.00 2 2 STAR 9 9  2 1 0 1 1 0 1 1 1 1  2 1 0 1 1 0 1 1 1 1
query11565 2.11 64% 0 62572 1.00 1.00 2 2 STAR 9 9  2 1 0 1 1 0 1 1 1 1  2 1 0 1 1 0 1 1 1 1
query835 1.88 73% 0 63364 1.00 1.00 2 2 STAR 10 10  2 2 0 1 1 0 1 1 1 1  2 2 0 1 1 0 1 1 1 1
query12520 1.87 67% 0 62424 1.00 1.00 2 2 STAR 9 9  2 1 0 1 1 0 1 1 1 1  2 1 0 1 1 0 1 1 1 1
query12240 1.85 103% 0 64640 1.00 1.00 4 4 STAR 10 12  3 1 0 1 1 0 1 1 1 1  4 2 0 1 1 0 1 1 1 1
query2156 1.93 65% 0 61900 1.00 1.00 2 2 STAR 9 9  2 1 0 1 1 0 1 1 1 1  2 1 0 1 1 0 1 1 1 1
query55 2.47 74% 0 63172 1.00 1.00 2 2 STAR 9 10  1 2 0 1 1 0 1 1 1 1  2 2 0 1 1 0 1 1 1 1
query7178 2.10 67% 0 63880 1.00 1.00 3 3 STAR 10 11  2 2 0 1 1 0 1 1 1 1  3 2 0 1 1 0 1 1 1 1
query8130 2.06 64% 0 62288 1.00 1.00 3 3 STAR 9 9  2 1 0 1 1 0 1 1 1 1  2 1 0 1 1 0 1 1 1 1
query1835 2.42 68% 0 62196 1.00 1.00 2 2 STAR 9 9  2 1 0 1 1 0 1 1 1 1  2 1 0 1 1 0 1 1 1 1
query3607 2.36 68% 0 64384 1.00 1.00 2 2 STAR 10 10  2 2 0 1 1 0 1 1 1 1  2 2 0 1 1 0 1 1 1 1
query5585 1.99 64% 0 62700 1.00 1.00 2 2 STAR 9 9  2 1 0 1 1 0 1 1 1 1  2 1 0 1 1 0 1 1 1 1
query2093 2.22 64% 0 62660 1.00 1.00 2 2 STAR 9 9  2 1 0 1 1 0 1 1 1 1  2 1 0 1 1 0 1 1 1 1
query10958 1.90 74% 0 63780 1.00 1.00 3 3 STAR 11 11  3 2 0 1 1 0 1 1 1 1  3 2 0 1 1 0 1 1 1 1
query6383 1.38 93% 0 64256 1.00 1.00 3 3 STAR 11 11  3 2 0 1 1 0 1 1 1 1  3 2 0 1 1 0 1 1 1 1
query14118 2.00 65% 0 62972 1.00 1.00 3 3 STAR 9 9  2 1 0 1 1 0 1 1 1 1  2 1 0 1 1 0 1 1 1 1
query7439 2.05 65% 0 63240 1.00 1.00 3 3 STAR 9 11  2 1 0 1 1 0 1 1 1 1  3 2 0 1 1 0 1 1 1 1
query14 2.15 67% 0 63488 1.00 1.00 2 2 STAR 10 10  2 2 0 1 1 0 1 1 1 1  2 2 0 1 1 0 1 1 1 1
query10696 2.34 66% 0 63016 1.00 1.00 3 3 STAR 9 9  2 1 0 1 1 0 1 1 1 1  2 1 0 1 1 0 1 1 1 1
query3419 2.15 65% 0 62820 1.00 1.00 2 2 STAR 9 10  2 1 0 1 1 0 1 1 1 1  2 2 0 1 1 0 1 1 1 1
query13697 2.12 65% 0 62600 1.00 1.00 2 2 STAR 9 9  2 1 0 1 1 0 1 1 1 1  2 1 0 1 1 0 1 1 1 1
query10044 2.06 65% 0 63332 1.00 1.00 4 4 STAR 9 12  2 1 0 1 1 0 1 1 1 1  4 2 0 1 1 0 1 1 1 1
query5487 2.34 66% 0 61828 1.00 1.00 2 2 STAR 9 9  2 1 0 1 1 0 1 1 1 1  2 1 0 1 1 0 1 1 1 1
query1093 2.17 67% 0 64340 1.00 1.00 2 2 STAR 10 10  2 2 0 1 1 0 1 1 1 1  2 2 0 1 1 0 1 1 1 1
query2137 1.94 65% 0 62044 1.00 1.00 2 2 STAR 9 9  2 1 0 1 1 0 1 1 1 1  2 1 0 1 1 0 1 1 1 1
query11223 2.15 68% 0 63796 1.00 1.00 3 3 STAR 10 11  2 2 0 1 1 0 1 1 1 1  3 2 0 1 1 0 1 1 1 1
query2674 2.27 66% 0 63496 1.00 1.00 2 2 STAR 10 10  2 2 0 1 1 0 1 1 1 1  2 2 0 1 1 0 1 1 1 1
query1129 2.27 64% 0 63760 1.00 1.00 2 2 STAR 9 10  2 1 0 1 1 0 1 1 1 1  2 2 0 1 1 0 1 1 1 1
query2322 2.15 67% 0 64060 1.00 1.00 2 2 STAR 10 10  2 2 0 1 1 0 1 1 1 1  2 2 0 1 1 0 1 1 1 1
query64 2.28 66% 0 63888 1.00 1.00 2 2 STAR 10 10  2 2 0 1 1 0 1 1 1 1  2 2 0 1 1 0 1 1 1 1
query7306 1.88 71% 0 64036 1.00 1.00 3 3 STAR 10 11  2 2 0 1 1 0 1 1 1 1  3 2 0 1 1 0 1 1 1 1
query4059 1.93 70% 0 63692 1.00 1.00 2 2 STAR 10 10  2 2 0 1 1 0 1 1 1 1  2 2 0 1 1 0 1 1 1 1
query3145 2.00 66% 0 64048 1.00 1.00 2 2 STAR 9 10  2 1 0 1 1 0 1 1 1 1  2 2 0 1 1 0 1 1 1 1
query2709 2.13 68% 0 63524 1.00 1.00 2 2 STAR 10 10  2 2 0 1 1 0 1 1 1 1  2 2 0 1 1 0 1 1 1 1
query11078 1.91 72% 0 64516 1.00 1.00 3 3 STAR 10 11  2 2 0 1 1 0 1 1 1 1  3 2 0 1 1 0 1 1 1 1
query6075 2.03 67% 0 64120 1.00 1.00 3 3 STAR 10 11  3 1 0 1 1 0 1 1 1 1  3 2 0 1 1 0 1 1 1 1
query2235 1.91 66% 0 62548 1.00 1.00 2 2 STAR 9 9  2 1 0 1 1 0 1 1 1 1  2 1 0 1 1 0 1 1 1 1
query7675 1.91 72% 0 64220 1.00 1.00 3 3 STAR 10 11  2 2 0 1 1 0 1 1 1 1  3 2 0 1 1 0 1 1 1 1
query3746 2.49 76% 0 63220 1.00 1.00 2 2 STAR 10 10  2 2 0 1 1 0 1 1 1 1  2 2 0 1 1 0 1 1 1 1
query10353 2.50 70% 0 64636 1.00 1.00 4 4 STAR 10 12  2 2 0 1 1 0 1 1 1 1  4 2 0 1 1 0 1 1 1 1
query9517 2.07 66% 0 63432 1.00 1.00 4 4 STAR 9 12  2 1 0 1 1 0 1 1 1 1  4 2 0 1 1 0 1 1 1 1
query1306 2.30 64% 0 62616 1.00 1.00 2 2 STAR 9 9  2 1 0 1 1 0 1 1 1 1  2 1 0 1 1 0 1 1 1 1
query11519 2.11 63% 0 62888 1.00 1.00 2 2 STAR 9 9  2 1 0 1 1 0 1 1 1 1  2 1 0 1 1 0 1 1 1 1
query3519 1.83 103% 0 64168 1.00 1.00 2 2 STAR 10 10  2 2 0 1 1 0 1 1 1 1  2 2 0 1 1 0 1 1 1 1
query874 1.99 66% 0 64168 1.00 1.00 2 2 STAR 9 10  2 1 0 1 1 0 1 1 1 1  2 2 0 1 1 0 1 1 1 1
query513 1.85 76% 0 64120 1.00 1.00 2 2 STAR 10 10  2 2 0 1 1 0 1 1 1 1  2 2 0 1 1 0 1 1 1 1
query3663 2.05 64% 0 63364 1.00 1.00 2 2 STAR 9 10  1 2 0 1 1 0 1 1 1 1  2 2 0 1 1 0 1 1 1 1
query1697 2.02 63% 0 62596 1.00 1.00 2 2 STAR 9 9  2 1 0 1 1 0 1 1 1 1  2 1 0 1 1 0 1 1 1 1
query1818 1.99 64% 0 62776 1.00 1.00 2 2 STAR 9 9  2 1 0 1 1 0 1 1 1 1  2 1 0 1 1 0 1 1 1 1
query1809 2.69 75% 0 62020 1.00 1.00 2 2 STAR 9 9  2 1 0 1 1 0 1 1 1 1  2 1 0 1 1 0 1 1 1 1
query3597 2.29 67% 0 62968 1.00 1.00 2 2 STAR 10 10  2 2 0 1 1 0 1 1 1 1  2 2 0 1 1 0 1 1 1 1
query1574 2.37 66% 0 62196 1.00 1.00 2 2 STAR 9 9  2 1 0 1 1 0 1 1 1 1  2 1 0 1 1 0 1 1 1 1
query969 1.82 101% 0 63548 1.00 1.00 2 2 STAR 9 10  1 2 0 1 1 0 1 1 1 1  2 2 0 1 1 0 1 1 1 1
query876 2.28 66% 0 63840 1.00 1.00 2 2 STAR 10 10  2 2 0 1 1 0 1 1 1 1  2 2 0 1 1 0 1 1 1 1
query1271 2.41 67% 0 62028 1.00 1.00 2 2 STAR 9 9  2 1 0 1 1 0 1 1 1 1  2 1 0 1 1 0 1 1 1 1
query3077 1.37 86% 0 63488 1.00 1.00 2 2 STAR 9 10  2 1 0 1 1 0 1 1 1 1  2 2 0 1 1 0 1 1 1 1
query420 1.76 77% 0 63820 1.00 1.00 2 2 STAR 10 10  2 2 0 1 1 0 1 1 1 1  2 2 0 1 1 0 1 1 1 1
query2546 2.73 78% 0 63544 1.00 1.00 2 2 STAR 10 10  2 2 0 1 1 0 1 1 1 1  2 2 0 1 1 0 1 1 1 1
query2294 2.14 65% 0 63664 1.00 1.00 2 2 STAR 9 10  1 2 0 1 1 0 1 1 1 1  2 2 0 1 1 0 1 1 1 1
query2125 2.20 64% 0 62496 1.00 1.00 2 2 STAR 9 9  2 1 0 1 1 0 1 1 1 1  2 1 0 1 1 0 1 1 1 1
query323 1.87 72% 0 63412 1.00 1.00 2 2 STAR 10 10  2 2 0 1 1 0 1 1 1 1  2 2 0 1 1 0 1 1 1 1
query2518 2.23 63% 0 63804 1.00 1.00 2 2 STAR 9 10  1 2 0 1 1 0 1 1 1 1  2 2 0 1 1 0 1 1 1 1
query1711 2.16 65% 0 62788 1.00 1.00 2 2 STAR 9 9  2 1 0 1 1 0 1 1 1 1  2 1 0 1 1 0 1 1 1 1
query885 2.35 68% 0 63536 1.00 1.00 2 2 STAR 10 10  2 2 0 1 1 0 1 1 1 1  2 2 0 1 1 0 1 1 1 1
query484 2.28 64% 0 62864 1.00 1.00 2 2 STAR 9 10  2 1 0 1 1 0 1 1 1 1  2 2 0 1 1 0 1 1 1 1
query1335 2.26 62% 0 62876 1.00 1.00 2 2 STAR 9 9  2 1 0 1 1 0 1 1 1 1  2 1 0 1 1 0 1 1 1 1
query619 2.21 64% 0 62876 1.00 1.00 2 2 STAR 9 10  2 1 0 1 1 0 1 1 1 1  2 2 0 1 1 0 1 1 1 1
query3087 2.32 66% 0 64016 1.00 1.00 2 2 STAR 10 10  2 2 0 1 1 0 1 1 1 1  2 2 0 1 1 0 1 1 1 1
query3071 2.45 74% 0 62888 1.00 1.00 2 2 STAR 9 10  1 2 0 1 1 0 1 1 1 1  2 2 0 1 1 0 1 1 1 1
query2059 2.04 63% 0 62608 1.00 1.00 2 2 STAR 9 9  2 1 0 1 1 0 1 1 1 1  2 1 0 1 1 0 1 1 1 1
query2044 1.81 100% 0 62772 1.00 1.00 2 2 STAR 9 9  2 1 0 1 1 0 1 1 1 1  2 1 0 1 1 0 1 1 1 1
