query8710 1.51 43% 0 45848 0.00 1.00 0 3 STAR 7 8 0 1 1 0 1 1 0 1 1 1 0 0 1 1 0 1 1 0 1 1 1 1
query9900 1.66 44% 0 45104 0.00 1.00 0 4 STAR 7 8 0 1 1 0 1 1 0 1 1 1 0 0 1 1 0 1 1 0 1 1 1 1
query8701 1.53 42% 0 46008 0.00 1.00 0 3 STAR 7 8 0 1 1 0 1 1 0 1 1 1 0 0 1 1 0 1 1 0 1 1 1 1
query5192 1.43 46% 0 45848 0.00 1.00 0 2 STAR 7 8 0 1 1 0 1 1 0 1 1 1 0 0 1 1 0 1 1 0 1 1 1 1
query12129 2.20 64% 0 45300 0.00 1.00 0 4 STAR 7 8 0 1 1 0 1 1 0 1 1 1 0 0 1 1 0 1 1 0 1 1 1 1
query11337 1.77 44% 0 45416 0.00 1.00 0 2 STAR 7 8 0 1 1 0 1 1 0 1 1 1 0 0 1 1 0 1 1 0 1 1 1 1
query9165 1.62 44% 0 45232 0.00 1.00 0 3 STAR 7 8 0 1 1 0 1 1 0 1 1 1 0 0 1 1 0 1 1 0 1 1 1 1
query1479 1.37 46% 0 45292 0.00 1.00 0 2 STAR 7 8 0 1 1 0 1 1 0 1 1 1 0 0 1 1 0 1 1 0 1 1 1 1
query5645 1.72 45% 0 46028 0.00 1.00 0 2 STAR 7 8 0 1 1 0 1 1 0 1 1 1 0 0 1 1 0 1 1 0 1 1 1 1
query7902 1.36 47% 0 45356 0.00 1.00 0 3 STAR 7 8 0 1 1 0 1 1 0 1 1 1 0 0 1 1 0 1 1 0 1 1 1 1
query9320 1.71 42% 0 45612 0.00 1.00 0 3 STAR 7 8 0 1 1 0 1 1 0 1 1 1 0 0 1 1 0 1 1 0 1 1 1 1
query199 1.79 44% 0 46084 0.00 1.00 0 2 STAR 7 8 0 1 1 0 1 1 0 1 1 1 0 0 1 1 0 1 1 0 1 1 1 1
query14071 1.52 43% 0 45348 0.00 1.00 0 3 STAR 7 8 0 1 1 0 1 1 0 1 1 1 0 0 1 1 0 1 1 0 1 1 1 1
query3343 1.80 44% 0 46208 0.00 1.00 0 2 STAR 7 8 0 1 1 0 1 1 0 1 1 1 0 0 1 1 0 1 1 0 1 1 1 1
query2150 1.63 44% 0 45864 0.00 1.00 0 2 STAR 7 8 0 1 1 0 1 1 0 1 1 1 0 0 1 1 0 1 1 0 1 1 1 1
query8815 1.36 46% 0 45944 0.00 1.00 0 3 STAR 7 8 0 1 1 0 1 1 0 1 1 1 0 0 1 1 0 1 1 0 1 1 1 1
query4550 1.73 43% 0 45852 0.00 1.00 0 2 STAR 7 8 0 1 1 0 1 1 0 1 1 1 0 0 1 1 0 1 1 0 1 1 1 1
query3166 1.36 46% 0 45980 0.00 1.00 0 2 STAR 7 8 0 1 1 0 1 1 0 1 1 1 0 0 1 1 0 1 1 0 1 1 1 1
query11017 1.91 51% 0 45856 0.00 1.00 0 3 STAR 7 8 0 1 1 0 1 1 0 1 1 1 0 0 1 1 0 1 1 0 1 1 1 1
query12046 2.21 62% 0 45952 0.00 1.00 0 4 STAR 7 8 0 1 1 0 1 1 0 1 1 1 0 0 1 1 0 1 1 0 1 1 1 1
query2259 1.17 54% 0 45720 0.00 1.00 0 2 STAR 7 8 0 1 1 0 1 1 0 1 1 1 0 0 1 1 0 1 1 0 1 1 1 1
query9031 1.76 44% 0 46100 0.00 1.00 0 3 STAR 7 8 0 1 1 0 1 1 0 1 1 1 0 0 1 1 0 1 1 0 1 1 1 1
query11674 1.44 44% 0 45756 0.00 1.00 0 2 STAR 7 8 0 1 1 0 1 1 0 1 1 1 0 0 1 1 0 1 1 0 1 1 1 1
query14140 0.94 63% 0 45760 0.00 1.00 0 3 STAR 7 8 0 1 1 0 1 1 0 1 1 1 0 0 1 1 0 1 1 0 1 1 1 1
query2867 1.39 45% 0 45732 0.00 1.00 0 2 STAR 7 8 0 1 1 0 1 1 0 1 1 1 0 0 1 1 0 1 1 0 1 1 1 1
query5479 2.17 63% 0 45100 0.00 1.00 0 2 STAR 7 8 0 1 1 0 1 1 0 1 1 1 0 0 1 1 0 1 1 0 1 1 1 1
query5166 1.48 43% 0 45672 0.00 1.00 0 2 STAR 7 8 0 1 1 0 1 1 0 1 1 1 0 0 1 1 0 1 1 0 1 1 1 1
query11782 1.73 43% 0 45316 0.00 1.00 0 2 STAR 7 8 0 1 1 0 1 1 0 1 1 1 0 0 1 1 0 1 1 0 1 1 1 1
query2447 1.79 45% 0 44848 0.00 1.00 0 2 STAR 7 8 0 1 1 0 1 1 0 1 1 1 0 0 1 1 0 1 1 0 1 1 1 1
query12449 1.48 43% 0 45984 0.00 1.00 0 2 STAR 7 8 0 1 1 0 1 1 0 1 1 1 0 0 1 1 0 1 1 0 1 1 1 1
query11565 1.40 46% 0 45288 0.00 1.00 0 2 STAR 7 8 0 1 1 0 1 1 0 1 1 1 0 0 1 1 0 1 1 0 1 1 1 1
query835 1.64 44% 0 45808 0.00 1.00 0 2 STAR 7 8 0 1 1 0 1 1 0 1 1 1 0 0 1 1 0 1 1 0 1 1 1 1
query12520 1.71 42% 0 45564 0.00 1.00 0 2 STAR 7 8 0 1 1 0 1 1 0 1 1 1 0 0 1 1 0 1 1 0 1 1 1 1
query12240 1.71 42% 0 45392 0.00 1.00 0 4 STAR 7 8 0 1 1 0 1 1 0 1 1 1 0 0 1 1 0 1 1 0 1 1 1 1
query2156 2.16 63% 0 45712 0.00 1.00 0 2 STAR 7 8 0 1 1 0 1 1 0 1 1 1 0 0 1 1 0 1 1 0 1 1 1 1
query55 1.80 45% 0 46136 0.00 1.00 0 2 STAR 7 8 0 1 1 0 1 1 0 1 1 1 0 0 1 1 0 1 1 0 1 1 1 1
query7178 1.69 43% 0 46144 0.00 1.00 0 3 STAR 7 8 0 1 1 0 1 1 0 1 1 1 0 0 1 1 0 1 1 0 1 1 1 1
query8130 1.96 53% 0 45916 0.00 1.00 0 3 STAR 7 8 0 1 1 0 1 1 0 1 1 1 0 0 1 1 0 1 1 0 1 1 1 1
query1835 1.62 45% 0 45732 0.00 1.00 0 2 STAR 7 8 0 1 1 0 1 1 0 1 1 1 0 0 1 1 0 1 1 0 1 1 1 1
query3607 1.70 44% 0 45996 0.00 1.00 0 2 STAR 7 8 0 1 1 0 1 1 0 1 1 1 0 0 1 1 0 1 1 0 1 1 1 1
query5585 1.83 47% 0 45728 0.00 1.00 0 2 STAR 7 8 0 1 1 0 1 1 0 1 1 1 0 0 1 1 0 1 1 0 1 1 1 1
query2093 0.89 61% 0 45816 0.00 1.00 0 2 STAR 7 8 0 1 1 0 1 1 0 1 1 1 0 0 1 1 0 1 1 0 1 1 1 1
query10958 1.64 43% 0 45384 0.00 1.00 0 3 STAR 7 8 0 1 1 0 1 1 0 1 1 1 0 0 1 1 0 1 1 0 1 1 1 1
query6383 1.40 45% 0 45176 0.00 1.00 0 3 STAR 7 8 0 1 1 0 1 1 0 1 1 1 0 0 1 1 0 1 1 0 1 1 1 1
query14118 1.58 43% 0 45952 0.00 1.00 0 3 STAR 7 8 0 1 1 0 1 1 0 1 1 1 0 0 1 1 0 1 1 0 1 1 1 1
query7439 1.31 51% 0 45564 0.00 1.00 0 3 STAR 7 8 0 1 1 0 1 1 0 1 1 1 0 0 1 1 0 1 1 0 1 1 1 1
query14 1.78 45% 0 45864 0.00 1.00 0 2 STAR 7 8 0 1 1 0 1 1 0 1 1 1 0 0 1 1 0 1 1 0 1 1 1 1
query10696 1.50 43% 0 45896 0.00 1.00 0 3 STAR 7 8 0 1 1 0 1 1 0 1 1 1 0 0 1 1 0 1 1 0 1 1 1 1
query3419 1.03 64% 0 45832 0.00 1.00 0 2 STAR 7 8 0 1 1 0 1 1 0 1 1 1 0 0 1 1 0 1 1 0 1 1 1 1
query13697 1.59 44% 0 45760 0.00 1.00 0 2 STAR 7 8 0 1 1 0 1 1 0 1 1 1 0 0 1 1 0 1 1 0 1 1 1 1
query10044 1.47 44% 0 45696 0.00 1.00 0 4 STAR 7 8 0 1 1 0 1 1 0 1 1 1 0 0 1 1 0 1 1 0 1 1 1 1
query5487 1.19 50% 0 46324 0.00 1.00 0 2 STAR 7 8 0 1 1 0 1 1 0 1 1 1 0 0 1 1 0 1 1 0 1 1 1 1
query1093 1.53 42% 0 45984 0.00 1.00 0 2 STAR 7 8 0 1 1 0 1 1 0 1 1 1 0 0 1 1 0 1 1 0 1 1 1 1
query2137 0.97 63% 0 45956 0.00 1.00 0 2 STAR 7 8 0 1 1 0 1 1 0 1 1 1 0 0 1 1 0 1 1 0 1 1 1 1
query11223 1.37 46% 0 45192 0.00 1.00 0 3 STAR 7 8 0 1 1 0 1 1 0 1 1 1 0 0 1 1 0 1 1 0 1 1 1 1
query2674 1.83 46% 0 45404 0.00 1.00 0 2 STAR 7 8 0 1 1 0 1 1 0 1 1 1 0 0 1 1 0 1 1 0 1 1 1 1
query1129 1.42 45% 0 45824 0.00 1.00 0 2 STAR 7 8 0 1 1 0 1 1 0 1 1 1 0 0 1 1 0 1 1 0 1 1 1 1
query2322 1.88 50% 0 45256 0.00 1.00 0 2 STAR 7 8 0 1 1 0 1 1 0 1 1 1 0 0 1 1 0 1 1 0 1 1 1 1
query64 1.84 48% 0 45808 0.00 1.00 0 2 STAR 7 8 0 1 1 0 1 1 0 1 1 1 0 0 1 1 0 1 1 0 1 1 1 1
query7306 1.65 45% 0 45268 0.00 1.00 0 3 STAR 7 8 0 1 1 0 1 1 0 1 1 1 0 0 1 1 0 1 1 0 1 1 1 1
query4059 0.92 63% 0 45600 0.00 1.00 0 2 STAR 7 8 0 1 1 0 1 1 0 1 1 1 0 0 1 1 0 1 1 0 1 1 1 1
query3145 1.47 46% 0 46168 0.00 1.00 0 2 STAR 7 8 0 1 1 0 1 1 0 1 1 1 0 0 1 1 0 1 1 0 1 1 1 1
query2709 0.95 60% 0 45876 0.00 1.00 0 2 STAR 7 8 0 1 1 0 1 1 0 1 1 1 0 0 1 1 0 1 1 0 1 1 1 1
query11078 1.64 45% 0 45576 0.00 1.00 0 3 STAR 7 8 0 1 1 0 1 1 0 1 1 1 0 0 1 1 0 1 1 0 1 1 1 1
query6075 1.88 50% 0 45120 0.00 1.00 0 3 STAR 7 8 0 1 1 0 1 1 0 1 1 1 0 0 1 1 0 1 1 0 1 1 1 1
query2235 1.47 43% 0 45976 0.00 1.00 0 2 STAR 7 8 0 1 1 0 1 1 0 1 1 1 0 0 1 1 0 1 1 0 1 1 1 1
query7675 1.39 46% 0 45728 0.00 1.00 0 3 STAR 7 8 0 1 1 0 1 1 0 1 1 1 0 0 1 1 0 1 1 0 1 1 1 1
query3746 1.76 44% 0 45280 0.00 1.00 0 2 STAR 7 8 0 1 1 0 1 1 0 1 1 1 0 0 1 1 0 1 1 0 1 1 1 1
query10353 1.52 45% 0 45960 0.00 1.00 0 4 STAR 7 8 0 1 1 0 1 1 0 1 1 1 0 0 1 1 0 1 1 0 1 1 1 1
query9517 1.88 50% 0 45416 0.00 1.00 0 4 STAR 7 8 0 1 1 0 1 1 0 1 1 1 0 0 1 1 0 1 1 0 1 1 1 1
query1306 1.55 43% 0 45488 0.00 1.00 0 2 STAR 7 8 0 1 1 0 1 1 0 1 1 1 0 0 1 1 0 1 1 0 1 1 1 1
query11519 2.09 63% 0 45864 0.00 1.00 0 2 STAR 7 8 0 1 1 0 1 1 0 1 1 1 0 0 1 1 0 1 1 0 1 1 1 1
query3519 1.40 46% 0 45760 0.00 1.00 0 2 STAR 7 8 0 1 1 0 1 1 0 1 1 1 0 0 1 1 0 1 1 0 1 1 1 1
query874 0.93 61% 0 46028 0.00 1.00 0 2 STAR 7 8 0 1 1 0 1 1 0 1 1 1 0 0 1 1 0 1 1 0 1 1 1 1
query513 1.79 45% 0 45916 0.00 1.00 0 2 STAR 7 8 0 1 1 0 1 1 0 1 1 1 0 0 1 1 0 1 1 0 1 1 1 1
query3663 1.36 48% 0 45348 0.00 1.00 0 2 STAR 7 8 0 1 1 0 1 1 0 1 1 1 0 0 1 1 0 1 1 0 1 1 1 1
query1697 1.76 43% 0 45032 0.00 1.00 0 2 STAR 7 8 0 1 1 0 1 1 0 1 1 1 0 0 1 1 0 1 1 0 1 1 1 1
query1818 1.40 45% 0 45040 0.00 1.00 0 2 STAR 7 8 0 1 1 0 1 1 0 1 1 1 0 0 1 1 0 1 1 0 1 1 1 1
query1809 1.30 48% 0 46008 0.00 1.00 0 2 STAR 7 8 0 1 1 0 1 1 0 1 1 1 0 0 1 1 0 1 1 0 1 1 1 1
query3597 1.34 47% 0 46024 0.00 1.00 0 2 STAR 7 8 0 1 1 0 1 1 0 1 1 1 0 0 1 1 0 1 1 0 1 1 1 1
query1574 1.72 42% 0 45908 0.00 1.00 0 2 STAR 7 8 0 1 1 0 1 1 0 1 1 1 0 0 1 1 0 1 1 0 1 1 1 1
query969 1.75 43% 0 46096 0.00 1.00 0 2 STAR 7 8 0 1 1 0 1 1 0 1 1 1 0 0 1 1 0 1 1 0 1 1 1 1
query876 1.76 43% 0 45440 0.00 1.00 0 2 STAR 7 8 0 1 1 0 1 1 0 1 1 1 0 0 1 1 0 1 1 0 1 1 1 1
query1271 2.33 39% 0 45608 0.00 1.00 0 2 STAR 7 8 0 1 1 0 1 1 0 1 1 1 0 0 1 1 0 1 1 0 1 1 1 1
query3077 1.37 46% 0 45620 0.00 1.00 0 2 STAR 7 8 0 1 1 0 1 1 0 1 1 1 0 0 1 1 0 1 1 0 1 1 1 1
query420 1.76 43% 0 45396 0.00 1.00 0 2 STAR 7 8 0 1 1 0 1 1 0 1 1 1 0 0 1 1 0 1 1 0 1 1 1 1
query2546 1.38 46% 0 46104 0.00 1.00 0 2 STAR 7 8 0 1 1 0 1 1 0 1 1 1 0 0 1 1 0 1 1 0 1 1 1 1
query2294 1.83 48% 0 45828 0.00 1.00 0 2 STAR 7 8 0 1 1 0 1 1 0 1 1 1 0 0 1 1 0 1 1 0 1 1 1 1
query2125 1.38 46% 0 45948 0.00 1.00 0 2 STAR 7 8 0 1 1 0 1 1 0 1 1 1 0 0 1 1 0 1 1 0 1 1 1 1
query323 1.68 43% 0 45964 0.00 1.00 0 2 STAR 7 8 0 1 1 0 1 1 0 1 1 1 0 0 1 1 0 1 1 0 1 1 1 1
query2518 1.46 45% 0 45936 0.00 1.00 0 2 STAR 7 8 0 1 1 0 1 1 0 1 1 1 0 0 1 1 0 1 1 0 1 1 1 1
query1711 1.52 43% 0 45560 0.00 1.00 0 2 STAR 7 8 0 1 1 0 1 1 0 1 1 1 0 0 1 1 0 1 1 0 1 1 1 1
query885 1.45 44% 0 45504 0.00 1.00 0 2 STAR 7 8 0 1 1 0 1 1 0 1 1 1 0 0 1 1 0 1 1 0 1 1 1 1
query484 1.95 53% 0 45540 0.00 1.00 0 2 STAR 7 8 0 1 1 0 1 1 0 1 1 1 0 0 1 1 0 1 1 0 1 1 1 1
query1335 1.50 43% 0 46160 0.00 1.00 0 2 STAR 7 8 0 1 1 0 1 1 0 1 1 1 0 0 1 1 0 1 1 0 1 1 1 1
query619 2.12 64% 0 46016 0.00 1.00 0 2 STAR 7 8 0 1 1 0 1 1 0 1 1 1 0 0 1 1 0 1 1 0 1 1 1 1
query3087 1.91 52% 0 45764 0.00 1.00 0 2 STAR 7 8 0 1 1 0 1 1 0 1 1 1 0 0 1 1 0 1 1 0 1 1 1 1
query3071 1.74 43% 0 45484 0.00 1.00 0 2 STAR 7 8 0 1 1 0 1 1 0 1 1 1 0 0 1 1 0 1 1 0 1 1 1 1
query2059 1.41 46% 0 45836 0.00 1.00 0 2 STAR 7 8 0 1 1 0 1 1 0 1 1 1 0 0 1 1 0 1 1 0 1 1 1 1
query2044 1.64 44% 0 45812 0.00 1.00 0 2 STAR 7 8 0 1 1 0 1 1 0 1 1 1 0 0 1 1 0 1 1 0 1 1 1 1
query8710 1.63 44% 0 45992 0.00 1.00 0 3 STAR 7 8 0 1 1 0 1 1 0 1 1 1 0 0 1 1 0 1 1 0 1 1 1 1
query9900 1.37 46% 0 45920 0.00 1.00 0 4 STAR 7 8 0 1 1 0 1 1 0 1 1 1 0 0 1 1 0 1 1 0 1 1 1 1
query8701 1.73 42% 0 45260 0.00 1.00 0 3 STAR 7 8 0 1 1 0 1 1 0 1 1 1 0 0 1 1 0 1 1 0 1 1 1 1
query5192 1.51 43% 0 46120 0.00 1.00 0 2 STAR 7 8 0 1 1 0 1 1 0 1 1 1 0 0 1 1 0 1 1 0 1 1 1 1
query12129 1.53 42% 0 45176 0.00 1.00 0 4 STAR 7 8 0 1 1 0 1 1 0 1 1 1 0 0 1 1 0 1 1 0 1 1 1 1
query11337 1.62 44% 0 45224 0.00 1.00 0 2 STAR 7 8 0 1 1 0 1 1 0 1 1 1 0 0 1 1 0 1 1 0 1 1 1 1
query9165 1.72 42% 0 46052 0.00 1.00 0 3 STAR 7 8 0 1 1 0 1 1 0 1 1 1 0 0 1 1 0 1 1 0 1 1 1 1
query1479 1.35 51% 0 45096 0.00 1.00 0 2 STAR 7 8 0 1 1 0 1 1 0 1 1 1 0 0 1 1 0 1 1 0 1 1 1 1
query5645 1.73 43% 0 45508 0.00 1.00 0 2 STAR 7 8 0 1 1 0 1 1 0 1 1 1 0 0 1 1 0 1 1 0 1 1 1 1
query7902 1.57 42% 0 46016 0.00 1.00 0 3 STAR 7 8 0 1 1 0 1 1 0 1 1 1 0 0 1 1 0 1 1 0 1 1 1 1
query9320 1.40 45% 0 46052 0.00 1.00 0 3 STAR 7 8 0 1 1 0 1 1 0 1 1 1 0 0 1 1 0 1 1 0 1 1 1 1
query199 1.37 46% 0 45388 0.00 1.00 0 2 STAR 7 8 0 1 1 0 1 1 0 1 1 1 0 0 1 1 0 1 1 0 1 1 1 1
query14071 1.73 42% 0 45156 0.00 1.00 0 3 STAR 7 8 0 1 1 0 1 1 0 1 1 1 0 0 1 1 0 1 1 0 1 1 1 1
query3343 1.85 47% 0 45936 0.00 1.00 0 2 STAR 7 8 0 1 1 0 1 1 0 1 1 1 0 0 1 1 0 1 1 0 1 1 1 1
query2150 1.70 42% 0 46152 0.00 1.00 0 2 STAR 7 8 0 1 1 0 1 1 0 1 1 1 0 0 1 1 0 1 1 0 1 1 1 1
query8815 1.87 50% 0 45668 0.00 1.00 0 3 STAR 7 8 0 1 1 0 1 1 0 1 1 1 0 0 1 1 0 1 1 0 1 1 1 1
query4550 1.41 45% 0 45944 0.00 1.00 0 2 STAR 7 8 0 1 1 0 1 1 0 1 1 1 0 0 1 1 0 1 1 0 1 1 1 1
query3166 1.72 42% 0 46096 0.00 1.00 0 2 STAR 7 8 0 1 1 0 1 1 0 1 1 1 0 0 1 1 0 1 1 0 1 1 1 1
query11017 1.62 45% 0 45824 0.00 1.00 0 3 STAR 7 8 0 1 1 0 1 1 0 1 1 1 0 0 1 1 0 1 1 0 1 1 1 1
query12046 1.35 47% 0 45488 0.00 1.00 0 4 STAR 7 8 0 1 1 0 1 1 0 1 1 1 0 0 1 1 0 1 1 0 1 1 1 1
query2259 1.50 43% 0 45708 0.00 1.00 0 2 STAR 7 8 0 1 1 0 1 1 0 1 1 1 0 0 1 1 0 1 1 0 1 1 1 1
query9031 1.55 41% 0 45784 0.00 1.00 0 3 STAR 7 8 0 1 1 0 1 1 0 1 1 1 0 0 1 1 0 1 1 0 1 1 1 1
query11674 1.54 42% 0 45456 0.00 1.00 0 2 STAR 7 8 0 1 1 0 1 1 0 1 1 1 0 0 1 1 0 1 1 0 1 1 1 1
query14140 1.72 43% 0 45608 0.00 1.00 0 3 STAR 7 8 0 1 1 0 1 1 0 1 1 1 0 0 1 1 0 1 1 0 1 1 1 1
query2867 0.91 58% 0 45136 0.00 1.00 0 2 STAR 7 8 0 1 1 0 1 1 0 1 1 1 0 0 1 1 0 1 1 0 1 1 1 1
query5479 1.65 44% 0 45976 0.00 1.00 0 2 STAR 7 8 0 1 1 0 1 1 0 1 1 1 0 0 1 1 0 1 1 0 1 1 1 1
query5166 1.76 43% 0 45728 0.00 1.00 0 2 STAR 7 8 0 1 1 0 1 1 0 1 1 1 0 0 1 1 0 1 1 0 1 1 1 1
query11782 1.71 42% 0 46356 0.00 1.00 0 2 STAR 7 8 0 1 1 0 1 1 0 1 1 1 0 0 1 1 0 1 1 0 1 1 1 1
query2447 1.84 46% 0 45492 0.00 1.00 0 2 STAR 7 8 0 1 1 0 1 1 0 1 1 1 0 0 1 1 0 1 1 0 1 1 1 1
query12449 1.70 42% 0 45536 0.00 1.00 0 2 STAR 7 8 0 1 1 0 1 1 0 1 1 1 0 0 1 1 0 1 1 0 1 1 1 1
query11565 1.76 45% 0 45820 0.00 1.00 0 2 STAR 7 8 0 1 1 0 1 1 0 1 1 1 0 0 1 1 0 1 1 0 1 1 1 1
query835 1.38 46% 0 45964 0.00 1.00 0 2 STAR 7 8 0 1 1 0 1 1 0 1 1 1 0 0 1 1 0 1 1 0 1 1 1 1
query12520 1.82 46% 0 46004 0.00 1.00 0 2 STAR 7 8 0 1 1 0 1 1 0 1 1 1 0 0 1 1 0 1 1 0 1 1 1 1
query12240 1.35 47% 0 45264 0.00 1.00 0 4 STAR 7 8 0 1 1 0 1 1 0 1 1 1 0 0 1 1 0 1 1 0 1 1 1 1
query2156 1.74 43% 0 45780 0.00 1.00 0 2 STAR 7 8 0 1 1 0 1 1 0 1 1 1 0 0 1 1 0 1 1 0 1 1 1 1
query55 1.78 44% 0 46092 0.00 1.00 0 2 STAR 7 8 0 1 1 0 1 1 0 1 1 1 0 0 1 1 0 1 1 0 1 1 1 1
query7178 1.36 47% 0 46180 0.00 1.00 0 3 STAR 7 8 0 1 1 0 1 1 0 1 1 1 0 0 1 1 0 1 1 0 1 1 1 1
query8130 1.75 43% 0 45836 0.00 1.00 0 3 STAR 7 8 0 1 1 0 1 1 0 1 1 1 0 0 1 1 0 1 1 0 1 1 1 1
query1835 1.55 41% 0 45936 0.00 1.00 0 2 STAR 7 8 0 1 1 0 1 1 0 1 1 1 0 0 1 1 0 1 1 0 1 1 1 1
query3607 1.74 44% 0 46088 0.00 1.00 0 2 STAR 7 8 0 1 1 0 1 1 0 1 1 1 0 0 1 1 0 1 1 0 1 1 1 1
query5585 1.36 46% 0 45188 0.00 1.00 0 2 STAR 7 8 0 1 1 0 1 1 0 1 1 1 0 0 1 1 0 1 1 0 1 1 1 1
query2093 1.89 50% 0 45892 0.00 1.00 0 2 STAR 7 8 0 1 1 0 1 1 0 1 1 1 0 0 1 1 0 1 1 0 1 1 1 1
query10958 1.48 43% 0 45360 0.00 1.00 0 3 STAR 7 8 0 1 1 0 1 1 0 1 1 1 0 0 1 1 0 1 1 0 1 1 1 1
query6383 1.52 43% 0 44980 0.00 1.00 0 3 STAR 7 8 0 1 1 0 1 1 0 1 1 1 0 0 1 1 0 1 1 0 1 1 1 1
query14118 1.41 44% 0 46028 0.00 1.00 0 3 STAR 7 8 0 1 1 0 1 1 0 1 1 1 0 0 1 1 0 1 1 0 1 1 1 1
query7439 1.73 43% 0 45956 0.00 1.00 0 3 STAR 7 8 0 1 1 0 1 1 0 1 1 1 0 0 1 1 0 1 1 0 1 1 1 1
query14 1.67 43% 0 45412 0.00 1.00 0 2 STAR 7 8 0 1 1 0 1 1 0 1 1 1 0 0 1 1 0 1 1 0 1 1 1 1
query10696 1.47 44% 0 46124 0.00 1.00 0 3 STAR 7 8 0 1 1 0 1 1 0 1 1 1 0 0 1 1 0 1 1 0 1 1 1 1
query3419 1.29 50% 0 45300 0.00 1.00 0 2 STAR 7 8 0 1 1 0 1 1 0 1 1 1 0 0 1 1 0 1 1 0 1 1 1 1
query13697 1.27 49% 0 45732 0.00 1.00 0 2 STAR 7 8 0 1 1 0 1 1 0 1 1 1 0 0 1 1 0 1 1 0 1 1 1 1
query10044 1.45 45% 0 45964 0.00 1.00 0 4 STAR 7 8 0 1 1 0 1 1 0 1 1 1 0 0 1 1 0 1 1 0 1 1 1 1
query5487 1.37 46% 0 45464 0.00 1.00 0 2 STAR 7 8 0 1 1 0 1 1 0 1 1 1 0 0 1 1 0 1 1 0 1 1 1 1
query1093 1.33 52% 0 45204 0.00 1.00 0 2 STAR 7 8 0 1 1 0 1 1 0 1 1 1 0 0 1 1 0 1 1 0 1 1 1 1
query2137 1.64 44% 0 45944 0.00 1.00 0 2 STAR 7 8 0 1 1 0 1 1 0 1 1 1 0 0 1 1 0 1 1 0 1 1 1 1
query11223 1.63 43% 0 45572 0.00 1.00 0 3 STAR 7 8 0 1 1 0 1 1 0 1 1 1 0 0 1 1 0 1 1 0 1 1 1 1
query2674 1.30 90% 0 45612 0.00 1.00 0 2 STAR 7 8 0 1 1 0 1 1 0 1 1 1 0 0 1 1 0 1 1 0 1 1 1 1
query1129 1.72 42% 0 45152 0.00 1.00 0 2 STAR 7 8 0 1 1 0 1 1 0 1 1 1 0 0 1 1 0 1 1 0 1 1 1 1
query2322 1.75 43% 0 45832 0.00 1.00 0 2 STAR 7 8 0 1 1 0 1 1 0 1 1 1 0 0 1 1 0 1 1 0 1 1 1 1
query64 1.74 43% 0 45616 0.00 1.00 0 2 STAR 7 8 0 1 1 0 1 1 0 1 1 1 0 0 1 1 0 1 1 0 1 1 1 1
query7306 2.16 62% 0 45624 0.00 1.00 0 3 STAR 7 8 0 1 1 0 1 1 0 1 1 1 0 0 1 1 0 1 1 0 1 1 1 1
query4059 1.51 43% 0 45760 0.00 1.00 0 2 STAR 7 8 0 1 1 0 1 1 0 1 1 1 0 0 1 1 0 1 1 0 1 1 1 1
query3145 1.57 43% 0 45812 0.00 1.00 0 2 STAR 7 8 0 1 1 0 1 1 0 1 1 1 0 0 1 1 0 1 1 0 1 1 1 1
query2709 1.35 47% 0 46104 0.00 1.00 0 2 STAR 7 8 0 1 1 0 1 1 0 1 1 1 0 0 1 1 0 1 1 0 1 1 1 1
query11078 1.44 44% 0 45968 0.00 1.00 0 3 STAR 7 8 0 1 1 0 1 1 0 1 1 1 0 0 1 1 0 1 1 0 1 1 1 1
query6075 1.70 44% 0 45728 0.00 1.00 0 3 STAR 7 8 0 1 1 0 1 1 0 1 1 1 0 0 1 1 0 1 1 0 1 1 1 1
query2235 1.78 45% 0 45492 0.00 1.00 0 2 STAR 7 8 0 1 1 0 1 1 0 1 1 1 0 0 1 1 0 1 1 0 1 1 1 1
query7675 1.72 42% 0 45852 0.00 1.00 0 3 STAR 7 8 0 1 1 0 1 1 0 1 1 1 0 0 1 1 0 1 1 0 1 1 1 1
query3746 1.33 47% 0 45164 0.00 1.00 0 2 STAR 7 8 0 1 1 0 1 1 0 1 1 1 0 0 1 1 0 1 1 0 1 1 1 1
query10353 1.59 44% 0 45964 0.00 1.00 0 4 STAR 7 8 0 1 1 0 1 1 0 1 1 1 0 0 1 1 0 1 1 0 1 1 1 1
query9517 1.55 42% 0 46108 0.00 1.00 0 4 STAR 7 8 0 1 1 0 1 1 0 1 1 1 0 0 1 1 0 1 1 0 1 1 1 1
query1306 1.51 43% 0 45784 0.00 1.00 0 2 STAR 7 8 0 1 1 0 1 1 0 1 1 1 0 0 1 1 0 1 1 0 1 1 1 1
query11519 1.35 47% 0 45952 0.00 1.00 0 2 STAR 7 8 0 1 1 0 1 1 0 1 1 1 0 0 1 1 0 1 1 0 1 1 1 1
query3519 1.50 43% 0 46160 0.00 1.00 0 2 STAR 7 8 0 1 1 0 1 1 0 1 1 1 0 0 1 1 0 1 1 0 1 1 1 1
query874 1.33 47% 0 45804 0.00 1.00 0 2 STAR 7 8 0 1 1 0 1 1 0 1 1 1 0 0 1 1 0 1 1 0 1 1 1 1
query513 1.37 47% 0 45456 0.00 1.00 0 2 STAR 7 8 0 1 1 0 1 1 0 1 1 1 0 0 1 1 0 1 1 0 1 1 1 1
query3663 1.43 44% 0 45148 0.00 1.00 0 2 STAR 7 8 0 1 1 0 1 1 0 1 1 1 0 0 1 1 0 1 1 0 1 1 1 1
query1697 1.42 44% 0 45704 0.00 1.00 0 2 STAR 7 8 0 1 1 0 1 1 0 1 1 1 0 0 1 1 0 1 1 0 1 1 1 1
query1818 1.68 43% 0 46028 0.00 1.00 0 2 STAR 7 8 0 1 1 0 1 1 0 1 1 1 0 0 1 1 0 1 1 0 1 1 1 1
query1809 1.30 48% 0 45716 0.00 1.00 0 2 STAR 7 8 0 1 1 0 1 1 0 1 1 1 0 0 1 1 0 1 1 0 1 1 1 1
query3597 1.85 48% 0 45864 0.00 1.00 0 2 STAR 7 8 0 1 1 0 1 1 0 1 1 1 0 0 1 1 0 1 1 0 1 1 1 1
query1574 1.34 46% 0 45028 0.00 1.00 0 2 STAR 7 8 0 1 1 0 1 1 0 1 1 1 0 0 1 1 0 1 1 0 1 1 1 1
query969 1.36 46% 0 45160 0.00 1.00 0 2 STAR 7 8 0 1 1 0 1 1 0 1 1 1 0 0 1 1 0 1 1 0 1 1 1 1
query876 1.40 46% 0 45896 0.00 1.00 0 2 STAR 7 8 0 1 1 0 1 1 0 1 1 1 0 0 1 1 0 1 1 0 1 1 1 1
query1271 1.70 42% 0 45060 0.00 1.00 0 2 STAR 7 8 0 1 1 0 1 1 0 1 1 1 0 0 1 1 0 1 1 0 1 1 1 1
query3077 1.30 51% 0 45660 0.00 1.00 0 2 STAR 7 8 0 1 1 0 1 1 0 1 1 1 0 0 1 1 0 1 1 0 1 1 1 1
query420 1.65 44% 0 45204 0.00 1.00 0 2 STAR 7 8 0 1 1 0 1 1 0 1 1 1 0 0 1 1 0 1 1 0 1 1 1 1
query2546 1.62 44% 0 45624 0.00 1.00 0 2 STAR 7 8 0 1 1 0 1 1 0 1 1 1 0 0 1 1 0 1 1 0 1 1 1 1
query2294 2.20 63% 0 45792 0.00 1.00 0 2 STAR 7 8 0 1 1 0 1 1 0 1 1 1 0 0 1 1 0 1 1 0 1 1 1 1
query2125 1.92 52% 0 45136 0.00 1.00 0 2 STAR 7 8 0 1 1 0 1 1 0 1 1 1 0 0 1 1 0 1 1 0 1 1 1 1
query323 2.07 61% 0 45980 0.00 1.00 0 2 STAR 7 8 0 1 1 0 1 1 0 1 1 1 0 0 1 1 0 1 1 0 1 1 1 1
query2518 1.69 42% 0 45824 0.00 1.00 0 2 STAR 7 8 0 1 1 0 1 1 0 1 1 1 0 0 1 1 0 1 1 0 1 1 1 1
query1711 1.48 44% 0 46224 0.00 1.00 0 2 STAR 7 8 0 1 1 0 1 1 0 1 1 1 0 0 1 1 0 1 1 0 1 1 1 1
query885 1.38 45% 0 45836 0.00 1.00 0 2 STAR 7 8 0 1 1 0 1 1 0 1 1 1 0 0 1 1 0 1 1 0 1 1 1 1
query484 1.36 47% 0 45568 0.00 1.00 0 2 STAR 7 8 0 1 1 0 1 1 0 1 1 1 0 0 1 1 0 1 1 0 1 1 1 1
query1335 1.36 46% 0 45600 0.00 1.00 0 2 STAR 7 8 0 1 1 0 1 1 0 1 1 1 0 0 1 1 0 1 1 0 1 1 1 1
query619 1.74 43% 0 46076 0.00 1.00 0 2 STAR 7 8 0 1 1 0 1 1 0 1 1 1 0 0 1 1 0 1 1 0 1 1 1 1
query3087 1.88 50% 0 45600 0.00 1.00 0 2 STAR 7 8 0 1 1 0 1 1 0 1 1 1 0 0 1 1 0 1 1 0 1 1 1 1
query3071 1.59 44% 0 45752 0.00 1.00 0 2 STAR 7 8 0 1 1 0 1 1 0 1 1 1 0 0 1 1 0 1 1 0 1 1 1 1
query2059 1.59 44% 0 45572 0.00 1.00 0 2 STAR 7 8 0 1 1 0 1 1 0 1 1 1 0 0 1 1 0 1 1 0 1 1 1 1
query2044 1.49 43% 0 45468 0.00 1.00 0 2 STAR 7 8 0 1 1 0 1 1 0 1 1 1 0 0 1 1 0 1 1 0 1 1 1 1
